[239554898, 105465088, 218365829, 203396497, 217698719, 109346344, 97770307, 148322777, 40290812, 53317582, 190085332, 164773031, 171399027, 2630078, 176702601, 93686253, 76095667, 200382773, 69601312, 175911248, 207164713, 200274814, 76037612, 59256456, 85403614, 245682959, 188503021, 42693002, 182306255, 124802595, 68253527, 106656666, 113680198, 216151345, 145379360, 210265685, 11864995, 28246340, 160234225, 57807095, 98635395, 72515607, 154401302, 115105836, 122063070, 172836820, 78177743, 236678513, 206261478, 185651350, 59946015, 5703900, 77957013, 26444669, 73989014, 124905757, 117674443, 71553854, 59426794, 93793486, 246681090, 94980589, 222163592, 108435042, 28068164, 188779814, 128104917, 4224352, 221727609, 2385570, 164137500]
[239554898, 105465088, 218365829, 203396497, 217698719, 109346344, 97770307, 148322777, 40290812, 53317582, 37400546, 22010658, 175723653, 165222218, 73768585, 222361649, 122267290, 183229434, 110253602, 236404051, 84153860, 126893068, 26600584, 13761399, 219667882, 217646206, 241830177, 9876773, 529557, 31049115, 177676138, 69558821, 243714980, 122743854, 104370347, 60772675, 122493426, 211212441, 84340898, 171023574, 191988092, 6004240, 141975672, 182382331, 60169248, 48856296, 212556591, 125285908, 98653799, 112007566, 217452140, 5555922, 45744348, 73503130, 161775644, 220445681, 117347905, 167087389, 192827476, 136018156, 131109619, 167837843, 182240958, 8391516, 229586495, 213735879, 97850511, 183893057, 194165031, 214936839, 224240891, 154115694, 138837282, 248682662, 216393363, 68549987, 232222394, 1476246, 151179556, 23831083, 67522189, 37046337, 30331306, 30809804, 180069300, 109853152, 142626223, 133024700, 117964535, 146059510, 57098611, 91433257, 27596929, 238513360, 108481286, 209948443, 107668528, 243418406, 88386531, 143725135, 215227638, 164121241, 207801476, 139719463]
[239554898, 105465088, 218365829, 203396497, 217698719, 109346344, 97770307, 148322777, 40290812, 53317582, 37400546, 22010658, 175723653, 165222218, 73768585, 222361649, 122267290, 183229434, 110253602, 236404051, 84153860, 126893068, 26600584, 13761399, 219667882, 217646206, 241830177, 9876773, 529557, 31049115, 177676138, 69558821, 243714980, 122743854, 104370347, 60772675, 122493426, 211212441, 84340898, 171023574, 191988092, 6004240, 141975672, 182382331, 60169248, 48856296, 212556591, 125285908, 98653799, 112007566, 217452140, 5555922, 45744348, 73503130, 161775644, 220445681, 117347905, 167087389, 192827476, 136018156, 131109619, 167837843, 182240958, 8391516, 229586495, 213735879, 97850511, 183893057, 194165031, 214936839, 224240891, 154115694, 138837282, 248682662, 216393363, 68549987, 232222394, 1476246, 151179556, 23831083, 186875312, 15363865, 148894419, 175412006, 162336783, 220767862, 257334, 2980324, 159935775, 57531261, 2110292, 132842143, 175445337, 201022537, 235968690, 132348050, 57709436, 99097020, 57255372, 127334772, 212907453, 71749435, 115803302, 3911543]
[239554898, 105465088, 218365829, 203396497, 217698719, 109346344, 97770307, 148322777, 40290812, 53317582, 37400546, 22010658, 175723653, 165222218, 73768585, 222361649, 122267290, 183229434, 110253602, 236404051, 84153860, 126893068, 26600584, 13761399, 219667882, 217646206, 241830177, 9876773, 529557, 31049115, 177676138, 69558821, 243714980, 122743854, 104370347, 60772675, 122493426, 211212441, 84340898, 171023574, 191988092, 6004240, 141975672, 182382331, 60169248, 48856296, 212556591, 125285908, 98653799, 112007566, 217452140, 5555922, 45744348, 73503130, 161775644, 220445681, 117347905, 167087389, 192827476, 136018156, 131109619, 167837843, 182240958, 8391516, 229586495, 213735879, 97850511, 183893057, 194165031, 214936839, 224240891, 154115694, 138837282, 248682662, 216393363, 68549987, 232222394, 1476246, 151179556, 23831083, 67522189, 37046337, 30331306, 30809804, 180069300, 109853152, 142626223, 133024700, 213505916, 145828056, 36192707, 210076901, 18631466, 52777234, 8271894, 104723084, 103227377, 83603035, 211470450, 93876837, 58707326, 221283384, 222071348, 118817022]
[239554898, 105465088, 218365829, 203396497, 217698719, 109346344, 97770307, 148322777, 40290812, 53317582, 37400546, 22010658, 175723653, 165222218, 73768585, 222361649, 122267290, 183229434, 110253602, 236404051, 84153860, 126893068, 26600584, 13761399, 219667882, 217646206, 241830177, 9876773, 529557, 31049115, 177676138, 69558821, 243714980, 122743854, 104370347, 60772675, 122493426, 211212441, 84340898, 171023574, 191988092, 6004240, 141975672, 182382331, 60169248, 48856296, 212556591, 125285908, 98653799, 112007566, 217452140, 5555922, 45744348, 73503130, 161775644, 220445681, 117347905, 167087389, 192827476, 136018156, 131109619, 167837843, 182240958, 8391516, 229586495, 213735879, 97850511, 183893057, 194165031, 214936839, 224240891, 154115694, 138837282, 248682662, 216393363, 68549987, 232222394, 1476246, 151179556, 23831083, 67522189, 37046337, 143879866, 123729297, 235762465, 220063132, 92098001, 139677268, 111910638, 125174305, 1628967, 230259817, 41442578, 105270920, 69727422, 14126595, 74528828, 94040418, 105488848, 196737081, 242394982, 92140660, 75346608, 115102590]
[239554898, 105465088, 218365829, 203396497, 217698719, 109346344, 97770307, 148322777, 40290812, 53317582, 37400546, 22010658, 175723653, 165222218, 73768585, 222361649, 122267290, 183229434, 110253602, 236404051, 84153860, 126893068, 26600584, 13761399, 219667882, 217646206, 241830177, 9876773, 529557, 31049115, 177676138, 69558821, 243714980, 122743854, 104370347, 60772675, 122493426, 211212441, 84340898, 171023574, 191988092, 6004240, 141975672, 182382331, 60169248, 48856296, 212556591, 125285908, 98653799, 112007566, 217452140, 5555922, 45744348, 73503130, 161775644, 220445681, 117347905, 167087389, 192827476, 136018156, 131109619, 167837843, 182240958, 8391516, 229586495, 213735879, 97850511, 183893057, 194165031, 214936839, 224240891, 154115694, 138837282, 248682662, 216393363, 68549987, 232222394, 1476246, 151179556, 23831083, 67522189, 37046337, 30331306, 30809804, 180069300, 32947905, 205930261, 16667085, 210298056, 203809029, 78308169, 16378318, 196407529, 15753659, 160485131, 164523539, 69485263, 87357724, 10232706, 28337702, 49003948, 104445823, 88181501, 198888233]
[239554898, 105465088, 218365829, 203396497, 217698719, 109346344, 97770307, 148322777, 40290812, 53317582, 37400546, 22010658, 175723653, 165222218, 73768585, 222361649, 122267290, 183229434, 110253602, 236404051, 84153860, 126893068, 26600584, 13761399, 219667882, 217646206, 241830177, 9876773, 529557, 31049115, 177676138, 69558821, 243714980, 122743854, 104370347, 60772675, 122493426, 211212441, 84340898, 171023574, 191988092, 6004240, 141975672, 182382331, 60169248, 48856296, 212556591, 125285908, 98653799, 112007566, 217452140, 5555922, 45744348, 73503130, 161775644, 220445681, 117347905, 167087389, 192827476, 136018156, 131109619, 167837843, 182240958, 8391516, 229586495, 213735879, 97850511, 183893057, 194165031, 214936839, 224240891, 154115694, 138837282, 248682662, 216393363, 68549987, 232222394, 1476246, 151179556, 23831083, 67522189, 37046337, 30331306, 30809804, 25267365, 33628761, 120843493, 60323715, 141937992, 214517939, 159351707, 225092483, 171806910, 180015946, 114838391, 74579433, 107756521, 69291096, 219891302, 84132165, 242640258, 59507725, 2579453, 171266376]
[239554898, 105465088, 218365829, 203396497, 217698719, 109346344, 97770307, 148322777, 40290812, 53317582, 37400546, 22010658, 175723653, 165222218, 73768585, 222361649, 122267290, 183229434, 110253602, 236404051, 84153860, 126893068, 26600584, 13761399, 219667882, 217646206, 241830177, 9876773, 529557, 31049115, 177676138, 69558821, 243714980, 122743854, 104370347, 60772675, 122493426, 211212441, 84340898, 171023574, 191988092, 6004240, 141975672, 182382331, 60169248, 48856296, 212556591, 125285908, 98653799, 112007566, 217452140, 5555922, 45744348, 73503130, 161775644, 220445681, 117347905, 167087389, 192827476, 30322964, 129797693, 162069456, 20098438, 175458121, 154340491, 200438724, 50980885, 218284050, 35865695, 35960691, 173099041, 248672976, 217120534, 97773753, 5693530, 103311836, 7361823, 87771202, 105809505, 22382340, 39666005, 110445834, 30069573, 90714617, 230716197, 16119416, 184671964, 209467104, 146000494, 25141289, 40494108, 60501027, 229459517, 130626408, 39917210, 93782235, 234983649, 103210948, 170327114, 186655078, 12750018, 226637007, 220394763, 235734094]
[239554898, 105465088, 218365829, 203396497, 217698719, 109346344, 97770307, 148322777, 40290812, 53317582, 37400546, 22010658, 175723653, 165222218, 73768585, 222361649, 122267290, 183229434, 110253602, 236404051, 84153860, 126893068, 26600584, 13761399, 219667882, 217646206, 241830177, 9876773, 529557, 31049115, 177676138, 69558821, 243714980, 122743854, 104370347, 60772675, 122493426, 211212441, 84340898, 171023574, 191988092, 6004240, 141975672, 182382331, 60169248, 48856296, 212556591, 125285908, 98653799, 112007566, 217452140, 5555922, 45744348, 73503130, 161775644, 220445681, 117347905, 167087389, 192827476, 136018156, 131109619, 167837843, 182240958, 8391516, 229586495, 213735879, 97850511, 183893057, 194165031, 214936839, 224240891, 154115694, 138837282, 248682662, 216393363, 68549987, 232222394, 1476246, 151179556, 23831083, 67522189, 37046337, 30331306, 30809804, 180069300, 109853152, 142626223, 133024700, 213505916, 145828056, 36192707, 210076901, 18631466, 215945163, 194354097, 118288656, 188694160, 185752404, 68221932, 111971146, 137991681, 86400261, 174638898, 116098667]
[239554898, 105465088, 218365829, 203396497, 217698719, 109346344, 97770307, 148322777, 40290812, 53317582, 37400546, 22010658, 175723653, 165222218, 73768585, 222361649, 122267290, 183229434, 110253602, 236404051, 84153860, 126893068, 26600584, 13761399, 219667882, 217646206, 241830177, 9876773, 529557, 31049115, 177676138, 69558821, 243714980, 122743854, 104370347, 60772675, 122493426, 211212441, 84340898, 171023574, 191988092, 6004240, 141975672, 182382331, 60169248, 48856296, 212556591, 125285908, 98653799, 112007566, 217452140, 5555922, 45744348, 73503130, 161775644, 220445681, 117347905, 167087389, 192827476, 136018156, 131109619, 167837843, 182240958, 8391516, 229586495, 213735879, 97850511, 183893057, 194165031, 214936839, 224240891, 154115694, 138837282, 248682662, 216393363, 68549987, 232222394, 1476246, 151179556, 23831083, 67522189, 37046337, 30331306, 30809804, 180069300, 109853152, 142626223, 133024700, 117964535, 146059510, 57098611, 91433257, 38568678, 195314443, 163790292, 127761125, 225106931, 29410280, 43751155, 15093768, 156355356, 3484158, 162198704, 99093935]
[239554898, 105465088, 218365829, 203396497, 217698719, 109346344, 97770307, 148322777, 40290812, 53317582, 37400546, 22010658, 175723653, 165222218, 73768585, 222361649, 122267290, 183229434, 110253602, 236404051, 84153860, 126893068, 26600584, 13761399, 219667882, 217646206, 241830177, 9876773, 529557, 31049115, 177676138, 69558821, 243714980, 122743854, 104370347, 60772675, 122493426, 211212441, 84340898, 171023574, 191988092, 6004240, 141975672, 182382331, 60169248, 48856296, 212556591, 125285908, 98653799, 112007566, 217452140, 5555922, 45744348, 73503130, 161775644, 220445681, 117347905, 167087389, 192827476, 136018156, 131109619, 167837843, 182240958, 8391516, 229586495, 213735879, 97850511, 183893057, 194165031, 214936839, 224240891, 154115694, 138837282, 248682662, 216393363, 68549987, 232222394, 1476246, 151179556, 23831083, 67522189, 37046337, 30331306, 30809804, 180069300, 109853152, 142626223, 133024700, 117964535, 146059510, 57098611, 91433257, 38568678, 195314443, 169850861, 240024758, 246457470, 180796297, 209936281, 85774478, 164161571, 214000104, 150771932, 17431971]
[239554898, 105465088, 218365829, 203396497, 217698719, 109346344, 97770307, 148322777, 40290812, 53317582, 37400546, 22010658, 175723653, 165222218, 73768585, 222361649, 122267290, 183229434, 110253602, 236404051, 84153860, 126893068, 26600584, 13761399, 219667882, 217646206, 241830177, 9876773, 529557, 31049115, 177676138, 69558821, 243714980, 122743854, 104370347, 60772675, 122493426, 211212441, 84340898, 171023574, 191988092, 6004240, 141975672, 182382331, 60169248, 48856296, 212556591, 125285908, 98653799, 112007566, 217452140, 5555922, 45744348, 73503130, 161775644, 220445681, 117347905, 167087389, 192827476, 136018156, 131109619, 167837843, 182240958, 8391516, 229586495, 213735879, 97850511, 183893057, 194165031, 214936839, 224240891, 154115694, 138837282, 248682662, 216393363, 68549987, 232222394, 1476246, 151179556, 23831083, 67522189, 37046337, 30331306, 30809804, 180069300, 32947905, 205930261, 16667085, 210298056, 203809029, 78308169, 16378318, 196407529, 15753659, 160485131, 164523539, 69485263, 87357724, 10232706, 28337702, 49003948, 104445823, 88181501, 58558080]
[239554898, 105465088, 218365829, 203396497, 217698719, 109346344, 97770307, 148322777, 40290812, 53317582, 37400546, 22010658, 175723653, 165222218, 73768585, 222361649, 122267290, 183229434, 110253602, 236404051, 84153860, 126893068, 26600584, 13761399, 219667882, 217646206, 241830177, 9876773, 529557, 31049115, 177676138, 69558821, 243714980, 122743854, 104370347, 60772675, 122493426, 211212441, 84340898, 171023574, 191988092, 6004240, 141975672, 182382331, 60169248, 48856296, 212556591, 125285908, 98653799, 112007566, 217452140, 5555922, 45744348, 73503130, 161775644, 220445681, 117347905, 167087389, 192827476, 136018156, 131109619, 167837843, 182240958, 8391516, 229586495, 213735879, 97850511, 183893057, 194165031, 214936839, 224240891, 154115694, 138837282, 248682662, 216393363, 68549987, 232222394, 1476246, 151179556, 23831083, 186875312, 15363865, 148894419, 175412006, 162336783, 220767862, 257334, 2980324, 159935775, 57531261, 2110292, 132842143, 175445337, 201022537, 235968690, 132348050, 57709436, 99097020, 57255372, 127334772, 212907453, 71749435, 15167646, 110516331]
[239554898, 105465088, 218365829, 203396497, 217698719, 109346344, 97770307, 148322777, 40290812, 53317582, 37400546, 22010658, 175723653, 165222218, 73768585, 222361649, 122267290, 183229434, 110253602, 236404051, 84153860, 126893068, 26600584, 13761399, 219667882, 217646206, 241830177, 9876773, 529557, 31049115, 177676138, 69558821, 243714980, 122743854, 104370347, 60772675, 122493426, 211212441, 84340898, 171023574, 191988092, 6004240, 141975672, 182382331, 60169248, 48856296, 212556591, 125285908, 98653799, 112007566, 217452140, 5555922, 45744348, 73503130, 161775644, 220445681, 117347905, 167087389, 192827476, 136018156, 131109619, 167837843, 182240958, 8391516, 229586495, 213735879, 97850511, 183893057, 194165031, 214936839, 224240891, 154115694, 138837282, 248682662, 216393363, 68549987, 232222394, 1476246, 151179556, 23831083, 186875312, 15363865, 148894419, 175412006, 162336783, 220767862, 257334, 2980324, 159935775, 57531261, 2110292, 132842143, 175445337, 3218014, 59524486, 195873983, 134969456, 23498438, 236602853, 192490444, 179990104, 214178727, 38620848, 99465735]
[239554898, 105465088, 218365829, 203396497, 217698719, 109346344, 97770307, 148322777, 40290812, 53317582, 37400546, 22010658, 175723653, 165222218, 73768585, 222361649, 122267290, 183229434, 110253602, 236404051, 84153860, 126893068, 26600584, 13761399, 219667882, 217646206, 241830177, 9876773, 529557, 31049115, 177676138, 69558821, 243714980, 122743854, 104370347, 60772675, 122493426, 211212441, 84340898, 171023574, 191988092, 6004240, 141975672, 182382331, 60169248, 48856296, 212556591, 125285908, 98653799, 112007566, 217452140, 5555922, 45744348, 73503130, 161775644, 220445681, 117347905, 167087389, 192827476, 136018156, 131109619, 167837843, 182240958, 8391516, 229586495, 213735879, 97850511, 183893057, 194165031, 214936839, 224240891, 154115694, 138837282, 248682662, 216393363, 68549987, 232222394, 1476246, 151179556, 186122913, 60417403, 105641232, 103260047, 84908356, 81305338, 160418988, 65263081, 194339786, 204506009, 248186273, 173008625, 182670290, 29112124, 180697443, 196876595, 198617797, 213934377, 158162705, 125534969, 51365267, 137098488, 23595575, 140404812, 165262962]
[239554898, 105465088, 218365829, 203396497, 217698719, 109346344, 97770307, 148322777, 40290812, 53317582, 37400546, 22010658, 175723653, 165222218, 73768585, 222361649, 122267290, 183229434, 110253602, 236404051, 84153860, 126893068, 26600584, 13761399, 219667882, 217646206, 241830177, 9876773, 529557, 31049115, 177676138, 69558821, 243714980, 122743854, 104370347, 60772675, 122493426, 211212441, 84340898, 171023574, 191988092, 6004240, 141975672, 182382331, 60169248, 48856296, 212556591, 125285908, 98653799, 112007566, 217452140, 5555922, 45744348, 73503130, 161775644, 220445681, 117347905, 167087389, 192827476, 136018156, 131109619, 167837843, 182240958, 8391516, 229586495, 213735879, 97850511, 183893057, 194165031, 214936839, 224240891, 154115694, 138837282, 248682662, 216393363, 68549987, 232222394, 1476246, 151179556, 23831083, 67522189, 37046337, 30331306, 30809804, 180069300, 109853152, 142626223, 133024700, 213505916, 123561113, 138092197, 82592552, 175310019, 42811066, 139804577, 248455574, 126636678, 135208304, 49795685, 237355476, 181507077, 14900184, 60098624, 142114284]
[239554898, 105465088, 218365829, 203396497, 217698719, 109346344, 97770307, 148322777, 40290812, 53317582, 37400546, 22010658, 175723653, 165222218, 73768585, 222361649, 122267290, 183229434, 110253602, 236404051, 84153860, 126893068, 26600584, 13761399, 219667882, 217646206, 241830177, 9876773, 529557, 31049115, 177676138, 69558821, 243714980, 122743854, 104370347, 60772675, 122493426, 211212441, 84340898, 171023574, 191988092, 6004240, 141975672, 182382331, 60169248, 48856296, 212556591, 125285908, 98653799, 112007566, 217452140, 5555922, 45744348, 73503130, 161775644, 220445681, 117347905, 167087389, 192827476, 136018156, 131109619, 167837843, 182240958, 8391516, 229586495, 213735879, 97850511, 183893057, 194165031, 214936839, 224240891, 154115694, 138837282, 248682662, 216393363, 68549987, 232222394, 1476246, 151179556, 23831083, 67522189, 37046337, 30331306, 30809804, 25267365, 33628761, 120843493, 60323715, 141937992, 214517939, 159351707, 225092483, 171806910, 228378040, 223335645, 215148842, 139616328, 248670051, 181864879, 106115424, 73209317, 228698045, 162796807, 177509018]
[239554898, 105465088, 218365829, 203396497, 217698719, 109346344, 97770307, 148322777, 40290812, 53317582, 37400546, 22010658, 175723653, 165222218, 73768585, 222361649, 122267290, 183229434, 110253602, 236404051, 84153860, 126893068, 26600584, 13761399, 219667882, 217646206, 241830177, 9876773, 529557, 31049115, 177676138, 69558821, 243714980, 122743854, 104370347, 60772675, 122493426, 211212441, 84340898, 171023574, 191988092, 6004240, 141975672, 182382331, 60169248, 48856296, 212556591, 125285908, 98653799, 112007566, 217452140, 5555922, 45744348, 73503130, 161775644, 220445681, 117347905, 167087389, 192827476, 136018156, 131109619, 167837843, 182240958, 8391516, 229586495, 213735879, 97850511, 183893057, 194165031, 214936839, 224240891, 154115694, 138837282, 248682662, 216393363, 68549987, 232222394, 1476246, 151179556, 23831083, 67522189, 37046337, 30331306, 30809804, 180069300, 109853152, 142626223, 133024700, 117964535, 146059510, 57098611, 73333121, 129034375, 230521454, 40947847, 93560935, 99378537, 123875191, 84610236, 62593319, 125306993, 223790595, 86423105, 38881905]
[239554898, 105465088, 218365829, 203396497, 217698719, 109346344, 97770307, 148322777, 40290812, 53317582, 37400546, 22010658, 175723653, 165222218, 73768585, 222361649, 122267290, 183229434, 110253602, 236404051, 84153860, 126893068, 26600584, 13761399, 219667882, 217646206, 241830177, 9876773, 529557, 31049115, 177676138, 69558821, 243714980, 122743854, 104370347, 60772675, 122493426, 211212441, 84340898, 171023574, 191988092, 6004240, 141975672, 182382331, 60169248, 48856296, 212556591, 125285908, 98653799, 112007566, 217452140, 5555922, 45744348, 73503130, 161775644, 220445681, 117347905, 167087389, 192827476, 30322964, 129797693, 162069456, 20098438, 175458121, 154340491, 200438724, 50980885, 218284050, 41182885, 54506857, 78043547, 1605079, 36994883, 167476512, 84602607, 136635004, 127157844, 78905320, 135063922, 52086443, 245307202, 43636446, 76919317, 38945114, 139083599, 53272900, 193104529, 216684294, 83671823, 209103697, 157585771, 36004982, 226903074, 197968745, 135030438, 238248518, 155465124, 116577807, 14747479, 62466652, 152902193, 97828226, 101097588, 116459165]
[239554898, 105465088, 218365829, 203396497, 217698719, 109346344, 97770307, 148322777, 40290812, 53317582, 37400546, 22010658, 175723653, 165222218, 73768585, 222361649, 122267290, 183229434, 110253602, 236404051, 84153860, 126893068, 26600584, 13761399, 219667882, 217646206, 241830177, 9876773, 529557, 31049115, 177676138, 69558821, 243714980, 122743854, 104370347, 60772675, 122493426, 211212441, 84340898, 171023574, 191988092, 6004240, 141975672, 182382331, 60169248, 48856296, 212556591, 125285908, 98653799, 112007566, 217452140, 5555922, 45744348, 73503130, 161775644, 220445681, 117347905, 167087389, 192827476, 136018156, 131109619, 167837843, 182240958, 8391516, 229586495, 213735879, 97850511, 183893057, 194165031, 214936839, 224240891, 154115694, 138837282, 248682662, 216393363, 68549987, 232222394, 1476246, 151179556, 23831083, 67522189, 37046337, 30331306, 30809804, 25267365, 33628761, 120843493, 60323715, 141937992, 214517939, 159351707, 225092483, 120514877, 124027030, 104876276, 136109757, 173360391, 11716214, 48364755, 238879747, 226291923, 149944453, 41102122, 6968061]
[239554898, 105465088, 218365829, 203396497, 217698719, 109346344, 97770307, 148322777, 40290812, 53317582, 37400546, 22010658, 175723653, 165222218, 73768585, 222361649, 122267290, 183229434, 110253602, 236404051, 84153860, 126893068, 26600584, 13761399, 219667882, 217646206, 241830177, 9876773, 529557, 31049115, 177676138, 69558821, 243714980, 122743854, 104370347, 60772675, 122493426, 211212441, 84340898, 171023574, 191988092, 6004240, 141975672, 182382331, 60169248, 48856296, 212556591, 125285908, 98653799, 112007566, 217452140, 5555922, 45744348, 73503130, 161775644, 220445681, 117347905, 167087389, 192827476, 136018156, 131109619, 167837843, 182240958, 8391516, 229586495, 213735879, 97850511, 183893057, 194165031, 214936839, 224240891, 154115694, 138837282, 248682662, 216393363, 68549987, 232222394, 1476246, 151179556, 23831083, 67522189, 37046337, 30331306, 30809804, 180069300, 109853152, 142626223, 133024700, 213505916, 145828056, 36192707, 210076901, 18631466, 52777234, 8271894, 104723084, 171119738, 54278901, 3398118, 157825432, 112958782, 187112198, 167788357, 58082603]
[239554898, 105465088, 218365829, 203396497, 217698719, 109346344, 97770307, 148322777, 40290812, 53317582, 37400546, 22010658, 175723653, 165222218, 73768585, 222361649, 122267290, 183229434, 110253602, 236404051, 84153860, 126893068, 26600584, 13761399, 219667882, 217646206, 241830177, 9876773, 529557, 31049115, 177676138, 69558821, 243714980, 122743854, 104370347, 60772675, 122493426, 211212441, 84340898, 171023574, 191988092, 6004240, 141975672, 182382331, 60169248, 48856296, 212556591, 125285908, 98653799, 112007566, 217452140, 5555922, 45744348, 73503130, 161775644, 220445681, 117347905, 167087389, 192827476, 30322964, 129797693, 162069456, 20098438, 175458121, 154340491, 200438724, 50980885, 218284050, 35865695, 35960691, 173099041, 248672976, 217120534, 97773753, 5693530, 103311836, 7361823, 87771202, 105809505, 22382340, 39666005, 110445834, 30069573, 90714617, 230716197, 16119416, 184671964, 209467104, 146000494, 25141289, 40494108, 60501027, 229459517, 130626408, 39917210, 93782235, 234983649, 103210948, 170327114, 186655078, 161185472, 151435319, 15474549, 127756275]
[239554898, 105465088, 218365829, 203396497, 217698719, 109346344, 97770307, 148322777, 40290812, 53317582, 37400546, 22010658, 175723653, 165222218, 73768585, 222361649, 122267290, 183229434, 110253602, 236404051, 84153860, 126893068, 26600584, 13761399, 219667882, 217646206, 241830177, 9876773, 529557, 31049115, 177676138, 69558821, 243714980, 122743854, 104370347, 60772675, 122493426, 211212441, 84340898, 171023574, 191988092, 6004240, 141975672, 182382331, 60169248, 48856296, 212556591, 125285908, 98653799, 112007566, 217452140, 5555922, 45744348, 73503130, 161775644, 220445681, 117347905, 167087389, 192827476, 136018156, 131109619, 167837843, 182240958, 8391516, 229586495, 213735879, 97850511, 183893057, 194165031, 214936839, 224240891, 154115694, 138837282, 248682662, 216393363, 68549987, 232222394, 1476246, 151179556, 23831083, 67522189, 37046337, 30331306, 30809804, 180069300, 109853152, 142626223, 133024700, 117964535, 146059510, 57098611, 91433257, 27596929, 238513360, 108481286, 209948443, 85239108, 3897590, 129808765, 31641519, 47734753, 183809579, 192728976, 127867370]
[239554898, 105465088, 218365829, 203396497, 217698719, 109346344, 97770307, 148322777, 40290812, 53317582, 37400546, 22010658, 175723653, 165222218, 73768585, 222361649, 122267290, 183229434, 110253602, 236404051, 84153860, 126893068, 26600584, 13761399, 219667882, 217646206, 241830177, 9876773, 529557, 31049115, 177676138, 69558821, 243714980, 122743854, 104370347, 60772675, 122493426, 211212441, 84340898, 171023574, 191988092, 6004240, 141975672, 182382331, 60169248, 48856296, 212556591, 125285908, 98653799, 112007566, 217452140, 5555922, 45744348, 73503130, 161775644, 220445681, 117347905, 167087389, 192827476, 136018156, 131109619, 167837843, 182240958, 8391516, 229586495, 213735879, 97850511, 183893057, 194165031, 214936839, 224240891, 154115694, 138837282, 248682662, 216393363, 68549987, 232222394, 1476246, 151179556, 23831083, 186875312, 15363865, 148894419, 175412006, 162336783, 220767862, 257334, 2980324, 159935775, 57531261, 2110292, 132842143, 175445337, 3218014, 59524486, 195873983, 134969456, 23498438, 236602853, 192490444, 179990104, 214178727, 172556048, 119013042]
[239554898, 105465088, 218365829, 203396497, 217698719, 109346344, 97770307, 148322777, 40290812, 53317582, 37400546, 22010658, 175723653, 165222218, 73768585, 222361649, 122267290, 183229434, 110253602, 236404051, 84153860, 126893068, 26600584, 13761399, 219667882, 217646206, 241830177, 9876773, 529557, 31049115, 177676138, 69558821, 243714980, 122743854, 104370347, 60772675, 122493426, 211212441, 84340898, 171023574, 191988092, 6004240, 141975672, 182382331, 60169248, 48856296, 212556591, 125285908, 98653799, 112007566, 217452140, 5555922, 45744348, 73503130, 161775644, 220445681, 117347905, 167087389, 192827476, 136018156, 131109619, 167837843, 182240958, 8391516, 229586495, 213735879, 97850511, 183893057, 194165031, 214936839, 224240891, 154115694, 138837282, 248682662, 216393363, 68549987, 232222394, 1476246, 151179556, 23831083, 186875312, 15363865, 148894419, 175412006, 168126738, 83924598, 52617114, 228894594, 209367575, 170450776, 39142411, 83496250, 10781404, 229056616, 36842840, 242977381, 2378202, 169840748, 4745758, 7608045, 148140744, 81203161, 27174508, 209479285]
[239554898, 105465088, 218365829, 203396497, 217698719, 109346344, 97770307, 148322777, 40290812, 53317582, 37400546, 22010658, 175723653, 165222218, 73768585, 222361649, 122267290, 183229434, 110253602, 236404051, 84153860, 126893068, 26600584, 13761399, 219667882, 217646206, 241830177, 9876773, 529557, 31049115, 177676138, 69558821, 243714980, 122743854, 104370347, 60772675, 122493426, 211212441, 84340898, 171023574, 191988092, 6004240, 141975672, 182382331, 60169248, 48856296, 212556591, 125285908, 98653799, 112007566, 217452140, 5555922, 45744348, 73503130, 161775644, 220445681, 117347905, 167087389, 192827476, 136018156, 131109619, 167837843, 182240958, 8391516, 229586495, 213735879, 97850511, 183893057, 194165031, 214936839, 224240891, 154115694, 138837282, 248682662, 216393363, 68549987, 232222394, 1476246, 151179556, 23831083, 67522189, 37046337, 30331306, 30809804, 25267365, 33628761, 120843493, 60323715, 161552165, 45948928, 156724531, 189656957, 96043887, 210101002, 72206643, 198507616, 71170187, 176629760, 202485127, 34984140, 117923073, 228983757, 4370668, 237771106]
[239554898, 105465088, 218365829, 203396497, 217698719, 109346344, 97770307, 148322777, 40290812, 53317582, 37400546, 22010658, 175723653, 165222218, 73768585, 222361649, 122267290, 183229434, 110253602, 236404051, 84153860, 126893068, 26600584, 13761399, 219667882, 217646206, 241830177, 9876773, 529557, 31049115, 177676138, 69558821, 243714980, 122743854, 104370347, 60772675, 122493426, 211212441, 84340898, 171023574, 191988092, 6004240, 141975672, 182382331, 60169248, 48856296, 212556591, 125285908, 98653799, 112007566, 217452140, 5555922, 45744348, 73503130, 161775644, 220445681, 117347905, 167087389, 192827476, 136018156, 131109619, 167837843, 182240958, 8391516, 229586495, 213735879, 97850511, 183893057, 194165031, 214936839, 224240891, 154115694, 138837282, 248682662, 216393363, 68549987, 232222394, 1476246, 151179556, 23831083, 67522189, 37046337, 30331306, 30809804, 25267365, 33628761, 120843493, 60323715, 141937992, 214517939, 159351707, 225092483, 171806910, 228378040, 223335645, 215148842, 139616328, 248670051, 181864879, 106115424, 73209317, 228698045, 162796807, 11432280]
[239554898, 105465088, 218365829, 203396497, 217698719, 109346344, 97770307, 148322777, 40290812, 53317582, 37400546, 22010658, 175723653, 165222218, 73768585, 222361649, 122267290, 183229434, 110253602, 236404051, 84153860, 126893068, 26600584, 13761399, 219667882, 217646206, 241830177, 9876773, 529557, 31049115, 177676138, 69558821, 243714980, 122743854, 104370347, 60772675, 122493426, 211212441, 84340898, 171023574, 191988092, 6004240, 141975672, 182382331, 60169248, 48856296, 212556591, 125285908, 98653799, 112007566, 217452140, 5555922, 45744348, 73503130, 161775644, 220445681, 117347905, 167087389, 192827476, 30322964, 129797693, 162069456, 20098438, 175458121, 154340491, 200438724, 50980885, 218284050, 35865695, 35960691, 173099041, 248672976, 217120534, 97773753, 5693530, 103311836, 7361823, 212275175, 195610465, 58543141, 188212498, 156770475, 16958913, 243592260, 220549079, 221076218, 211654837, 210970187, 60171278, 168822635, 84236225, 246536303, 247867703, 172416358, 46111464, 158813078, 113629616, 111584199, 129919272, 80311420, 197330329, 6362963, 198585674, 7612437]
[239554898, 105465088, 218365829, 203396497, 217698719, 109346344, 97770307, 148322777, 40290812, 53317582, 37400546, 22010658, 175723653, 165222218, 73768585, 222361649, 122267290, 183229434, 110253602, 236404051, 84153860, 126893068, 26600584, 13761399, 219667882, 217646206, 241830177, 9876773, 529557, 31049115, 177676138, 69558821, 243714980, 122743854, 104370347, 60772675, 122493426, 211212441, 84340898, 171023574, 191988092, 6004240, 141975672, 182382331, 60169248, 48856296, 212556591, 125285908, 98653799, 112007566, 217452140, 5555922, 45744348, 73503130, 161775644, 220445681, 117347905, 167087389, 192827476, 136018156, 131109619, 167837843, 182240958, 8391516, 229586495, 213735879, 97850511, 183893057, 194165031, 214936839, 224240891, 154115694, 138837282, 248682662, 216393363, 68549987, 232222394, 1476246, 151179556, 23831083, 186875312, 15363865, 148894419, 175412006, 162336783, 220767862, 257334, 140506494, 123970020, 16967665, 162188528, 9006925, 16419828, 9832030, 101231843, 242806185, 184700778, 178941896, 229122355, 186011294, 238674224, 100111295, 160524423, 52483275]
[239554898, 105465088, 218365829, 203396497, 217698719, 109346344, 97770307, 148322777, 40290812, 53317582, 37400546, 22010658, 175723653, 165222218, 73768585, 222361649, 122267290, 183229434, 110253602, 236404051, 84153860, 126893068, 26600584, 13761399, 219667882, 217646206, 241830177, 9876773, 529557, 31049115, 177676138, 69558821, 243714980, 122743854, 104370347, 60772675, 122493426, 211212441, 84340898, 171023574, 191988092, 6004240, 141975672, 182382331, 60169248, 48856296, 212556591, 125285908, 98653799, 112007566, 217452140, 5555922, 45744348, 73503130, 161775644, 220445681, 117347905, 167087389, 192827476, 136018156, 131109619, 167837843, 182240958, 8391516, 229586495, 213735879, 97850511, 183893057, 194165031, 214936839, 224240891, 154115694, 138837282, 248682662, 216393363, 68549987, 232222394, 1476246, 151179556, 23831083, 186875312, 15363865, 148894419, 175412006, 162336783, 220767862, 257334, 2980324, 159935775, 57531261, 2110292, 132842143, 63114250, 213032620, 38717631, 248261742, 48707030, 65788453, 202487411, 47050570, 25892953, 110368795, 137294757, 153904155]
[239554898, 105465088, 218365829, 203396497, 217698719, 109346344, 97770307, 148322777, 40290812, 53317582, 37400546, 22010658, 175723653, 165222218, 73768585, 222361649, 122267290, 183229434, 110253602, 236404051, 84153860, 126893068, 26600584, 13761399, 219667882, 217646206, 241830177, 9876773, 529557, 31049115, 177676138, 69558821, 243714980, 122743854, 104370347, 60772675, 122493426, 211212441, 84340898, 171023574, 191988092, 6004240, 141975672, 182382331, 60169248, 48856296, 212556591, 125285908, 98653799, 112007566, 217452140, 5555922, 45744348, 73503130, 161775644, 220445681, 117347905, 167087389, 192827476, 136018156, 131109619, 167837843, 182240958, 8391516, 229586495, 213735879, 97850511, 183893057, 194165031, 214936839, 224240891, 154115694, 138837282, 248682662, 216393363, 68549987, 232222394, 1476246, 151179556, 23831083, 67522189, 37046337, 30331306, 30809804, 25267365, 236085028, 54752257, 31154509, 112833706, 2456493, 157810119, 226487189, 246327151, 107864561, 54224376, 208770211, 220726170, 111704643, 52509029, 4370448, 234418943, 68859846, 182796413, 238843851]
[239554898, 105465088, 218365829, 203396497, 217698719, 109346344, 97770307, 148322777, 40290812, 53317582, 37400546, 22010658, 175723653, 165222218, 73768585, 222361649, 122267290, 183229434, 110253602, 236404051, 84153860, 126893068, 26600584, 13761399, 219667882, 217646206, 241830177, 9876773, 529557, 31049115, 177676138, 69558821, 243714980, 122743854, 104370347, 60772675, 122493426, 211212441, 84340898, 171023574, 191988092, 6004240, 141975672, 182382331, 60169248, 48856296, 212556591, 125285908, 98653799, 112007566, 217452140, 5555922, 45744348, 73503130, 161775644, 220445681, 117347905, 167087389, 192827476, 136018156, 131109619, 167837843, 182240958, 8391516, 229586495, 213735879, 97850511, 183893057, 194165031, 214936839, 224240891, 154115694, 138837282, 248682662, 216393363, 68549987, 232222394, 1476246, 151179556, 23831083, 67522189, 37046337, 30331306, 30809804, 180069300, 109853152, 142626223, 133024700, 213505916, 145828056, 36192707, 210076901, 18631466, 52777234, 8271894, 104723084, 103227377, 83603035, 211470450, 93876837, 58707326, 221283384, 222071348, 119009202]
[239554898, 105465088, 218365829, 203396497, 217698719, 109346344, 97770307, 148322777, 40290812, 53317582, 37400546, 22010658, 175723653, 165222218, 73768585, 222361649, 122267290, 183229434, 110253602, 236404051, 84153860, 126893068, 26600584, 13761399, 219667882, 217646206, 241830177, 9876773, 529557, 31049115, 177676138, 69558821, 243714980, 122743854, 104370347, 60772675, 122493426, 211212441, 84340898, 171023574, 191988092, 6004240, 141975672, 182382331, 60169248, 48856296, 212556591, 125285908, 98653799, 112007566, 217452140, 5555922, 45744348, 73503130, 161775644, 220445681, 117347905, 167087389, 192827476, 136018156, 131109619, 167837843, 182240958, 8391516, 229586495, 213735879, 97850511, 183893057, 194165031, 214936839, 224240891, 154115694, 138837282, 248682662, 216393363, 68549987, 232222394, 1476246, 151179556, 23831083, 67522189, 37046337, 30331306, 30809804, 180069300, 109853152, 142626223, 133024700, 117964535, 146059510, 57098611, 91433257, 38568678, 195314443, 163790292, 127761125, 225106931, 29410280, 43751155, 208538184, 157287821, 39550750, 66061217, 31288453]
[239554898, 105465088, 218365829, 203396497, 217698719, 109346344, 97770307, 148322777, 40290812, 53317582, 37400546, 22010658, 175723653, 165222218, 73768585, 222361649, 122267290, 183229434, 110253602, 236404051, 84153860, 126893068, 26600584, 13761399, 219667882, 217646206, 241830177, 9876773, 529557, 31049115, 177676138, 69558821, 243714980, 122743854, 104370347, 60772675, 122493426, 211212441, 84340898, 171023574, 191988092, 6004240, 141975672, 182382331, 60169248, 48856296, 212556591, 125285908, 98653799, 112007566, 217452140, 5555922, 45744348, 73503130, 161775644, 220445681, 117347905, 167087389, 192827476, 136018156, 131109619, 167837843, 182240958, 8391516, 229586495, 213735879, 97850511, 183893057, 194165031, 214936839, 224240891, 154115694, 138837282, 248682662, 216393363, 68549987, 232222394, 1476246, 151179556, 23831083, 67522189, 37046337, 30331306, 30809804, 25267365, 236085028, 54752257, 31154509, 112833706, 2456493, 157810119, 226487189, 199590539, 468094, 2905358, 155156672, 66275301, 222911222, 212962531, 130224503, 183703917, 7001807, 17522860, 130432800]
[239554898, 105465088, 218365829, 203396497, 217698719, 109346344, 97770307, 148322777, 40290812, 53317582, 37400546, 22010658, 175723653, 165222218, 73768585, 222361649, 122267290, 183229434, 110253602, 236404051, 84153860, 126893068, 26600584, 13761399, 219667882, 217646206, 241830177, 9876773, 529557, 31049115, 177676138, 69558821, 243714980, 122743854, 104370347, 60772675, 122493426, 211212441, 84340898, 171023574, 191988092, 6004240, 141975672, 182382331, 60169248, 48856296, 212556591, 125285908, 98653799, 112007566, 217452140, 5555922, 45744348, 73503130, 161775644, 220445681, 117347905, 167087389, 192827476, 136018156, 131109619, 167837843, 182240958, 8391516, 229586495, 213735879, 97850511, 183893057, 194165031, 214936839, 224240891, 154115694, 138837282, 248682662, 216393363, 68549987, 232222394, 1476246, 151179556, 23831083, 67522189, 37046337, 30331306, 30809804, 180069300, 109853152, 142626223, 133024700, 213505916, 145828056, 36192707, 210076901, 18631466, 215945163, 194354097, 118288656, 112073061, 202801511, 6119983, 206112763, 156454513, 97450909, 80580183, 147612291]
[239554898, 105465088, 218365829, 203396497, 217698719, 109346344, 97770307, 148322777, 40290812, 53317582, 37400546, 22010658, 175723653, 165222218, 73768585, 222361649, 122267290, 183229434, 110253602, 236404051, 84153860, 126893068, 26600584, 13761399, 219667882, 217646206, 241830177, 9876773, 529557, 31049115, 177676138, 69558821, 243714980, 122743854, 104370347, 60772675, 122493426, 211212441, 84340898, 171023574, 191988092, 6004240, 141975672, 182382331, 60169248, 48856296, 212556591, 125285908, 98653799, 112007566, 217452140, 5555922, 45744348, 73503130, 161775644, 220445681, 117347905, 167087389, 192827476, 136018156, 131109619, 167837843, 182240958, 8391516, 229586495, 213735879, 97850511, 183893057, 194165031, 214936839, 224240891, 154115694, 138837282, 248682662, 216393363, 68549987, 232222394, 1476246, 151179556, 23831083, 186875312, 15363865, 148894419, 175412006, 162336783, 220767862, 257334, 2980324, 159935775, 57531261, 2110292, 132842143, 63114250, 213032620, 38717631, 248261742, 186829643, 117770311, 128697965, 224230569, 39930676, 212599815, 88054415, 185523208]
[239554898, 105465088, 218365829, 203396497, 217698719, 109346344, 97770307, 148322777, 40290812, 53317582, 37400546, 22010658, 175723653, 165222218, 73768585, 222361649, 122267290, 183229434, 110253602, 236404051, 84153860, 126893068, 26600584, 13761399, 219667882, 217646206, 241830177, 9876773, 529557, 31049115, 177676138, 69558821, 243714980, 122743854, 104370347, 60772675, 122493426, 211212441, 84340898, 171023574, 191988092, 6004240, 141975672, 182382331, 60169248, 48856296, 212556591, 125285908, 98653799, 112007566, 217452140, 5555922, 45744348, 73503130, 161775644, 220445681, 117347905, 167087389, 192827476, 136018156, 131109619, 167837843, 182240958, 8391516, 229586495, 213735879, 97850511, 183893057, 194165031, 214936839, 224240891, 154115694, 138837282, 248682662, 216393363, 68549987, 232222394, 1476246, 151179556, 23831083, 67522189, 37046337, 30331306, 30809804, 180069300, 109853152, 142626223, 133024700, 213505916, 145828056, 36192707, 210076901, 18631466, 215945163, 194354097, 118288656, 188694160, 140897018, 64230578, 66840202, 225849256, 225400562, 131695313, 151626102]
[239554898, 105465088, 218365829, 203396497, 217698719, 109346344, 97770307, 148322777, 40290812, 53317582, 37400546, 22010658, 175723653, 165222218, 73768585, 222361649, 122267290, 183229434, 110253602, 236404051, 84153860, 126893068, 26600584, 13761399, 219667882, 217646206, 241830177, 9876773, 529557, 31049115, 177676138, 69558821, 243714980, 122743854, 104370347, 60772675, 122493426, 211212441, 84340898, 171023574, 191988092, 6004240, 141975672, 182382331, 60169248, 48856296, 212556591, 125285908, 98653799, 112007566, 217452140, 5555922, 45744348, 73503130, 161775644, 220445681, 117347905, 167087389, 192827476, 136018156, 131109619, 167837843, 182240958, 8391516, 229586495, 213735879, 97850511, 183893057, 194165031, 214936839, 224240891, 154115694, 138837282, 248682662, 216393363, 68549987, 232222394, 1476246, 151179556, 23831083, 67522189, 37046337, 30331306, 30809804, 180069300, 109853152, 142626223, 133024700, 117964535, 146059510, 57098611, 91433257, 27596929, 238513360, 108481286, 209948443, 85239108, 132667688, 140155475, 49479876, 131163368, 82581821, 171799257, 180810372]
[239554898, 105465088, 218365829, 203396497, 217698719, 109346344, 97770307, 148322777, 40290812, 53317582, 37400546, 22010658, 175723653, 165222218, 73768585, 222361649, 122267290, 183229434, 110253602, 236404051, 84153860, 126893068, 26600584, 13761399, 219667882, 217646206, 241830177, 9876773, 529557, 31049115, 177676138, 69558821, 243714980, 122743854, 104370347, 60772675, 122493426, 211212441, 84340898, 171023574, 191988092, 6004240, 141975672, 182382331, 60169248, 48856296, 212556591, 125285908, 98653799, 112007566, 217452140, 5555922, 45744348, 73503130, 161775644, 220445681, 117347905, 167087389, 192827476, 136018156, 131109619, 167837843, 182240958, 8391516, 229586495, 213735879, 97850511, 183893057, 194165031, 214936839, 224240891, 154115694, 138837282, 248682662, 216393363, 68549987, 232222394, 1476246, 151179556, 23831083, 186875312, 15363865, 148894419, 175412006, 162336783, 220767862, 257334, 2980324, 159935775, 57531261, 2110292, 132842143, 63114250, 213032620, 38717631, 248261742, 186829643, 117770311, 128697965, 224230569, 187147321, 175949116, 171847163, 124177793]
[239554898, 105465088, 218365829, 203396497, 217698719, 109346344, 97770307, 148322777, 40290812, 53317582, 37400546, 22010658, 175723653, 165222218, 73768585, 222361649, 122267290, 183229434, 110253602, 236404051, 84153860, 126893068, 26600584, 13761399, 219667882, 217646206, 241830177, 9876773, 529557, 31049115, 177676138, 69558821, 243714980, 122743854, 104370347, 60772675, 122493426, 211212441, 84340898, 171023574, 191988092, 6004240, 141975672, 182382331, 60169248, 48856296, 212556591, 125285908, 98653799, 112007566, 217452140, 5555922, 45744348, 73503130, 161775644, 220445681, 117347905, 167087389, 192827476, 136018156, 131109619, 167837843, 182240958, 8391516, 229586495, 213735879, 97850511, 183893057, 194165031, 214936839, 224240891, 154115694, 138837282, 248682662, 216393363, 68549987, 232222394, 1476246, 151179556, 23831083, 67522189, 37046337, 30331306, 30809804, 180069300, 32947905, 92433975, 10504298, 97570684, 135634069, 114736754, 44605410, 48138700, 146004529, 108276370, 78208618, 165893898, 151097315, 208473976, 24889392, 86444990, 185092249, 106504991, 46900353]
[239554898, 105465088, 218365829, 203396497, 217698719, 109346344, 97770307, 148322777, 40290812, 53317582, 37400546, 22010658, 175723653, 165222218, 73768585, 222361649, 122267290, 183229434, 110253602, 236404051, 84153860, 126893068, 26600584, 13761399, 219667882, 217646206, 241830177, 9876773, 529557, 31049115, 177676138, 69558821, 243714980, 122743854, 104370347, 60772675, 122493426, 211212441, 84340898, 171023574, 191988092, 6004240, 141975672, 182382331, 60169248, 48856296, 212556591, 125285908, 98653799, 112007566, 217452140, 5555922, 45744348, 73503130, 161775644, 220445681, 117347905, 167087389, 192827476, 136018156, 131109619, 167837843, 182240958, 8391516, 229586495, 213735879, 97850511, 183893057, 194165031, 214936839, 224240891, 154115694, 138837282, 248682662, 216393363, 68549987, 232222394, 1476246, 151179556, 23831083, 186875312, 15363865, 148894419, 175412006, 162336783, 220767862, 257334, 2980324, 159935775, 57531261, 2110292, 132842143, 180764072, 146670478, 29426298, 138117769, 124771713, 173506613, 27461156, 124150144, 163131638, 56817785, 69759155, 246899694]
[239554898, 105465088, 218365829, 203396497, 217698719, 109346344, 97770307, 148322777, 40290812, 53317582, 37400546, 22010658, 175723653, 165222218, 73768585, 222361649, 122267290, 183229434, 110253602, 236404051, 84153860, 126893068, 26600584, 13761399, 219667882, 217646206, 241830177, 9876773, 529557, 31049115, 177676138, 69558821, 243714980, 122743854, 104370347, 60772675, 122493426, 211212441, 84340898, 171023574, 191988092, 6004240, 141975672, 182382331, 60169248, 48856296, 212556591, 125285908, 98653799, 112007566, 217452140, 5555922, 45744348, 73503130, 161775644, 220445681, 117347905, 167087389, 192827476, 136018156, 131109619, 167837843, 182240958, 8391516, 229586495, 213735879, 97850511, 183893057, 194165031, 214936839, 224240891, 154115694, 138837282, 248682662, 216393363, 68549987, 232222394, 1476246, 151179556, 23831083, 67522189, 37046337, 30331306, 30809804, 25267365, 33628761, 120843493, 60323715, 141937992, 214517939, 159351707, 225092483, 171806910, 228378040, 237812772, 201916728, 165088190, 6361737, 66562892, 42927463, 221134397, 45989711, 171497129, 181808442]
[239554898, 105465088, 218365829, 203396497, 217698719, 109346344, 97770307, 148322777, 40290812, 53317582, 37400546, 22010658, 175723653, 165222218, 73768585, 222361649, 122267290, 183229434, 110253602, 236404051, 84153860, 126893068, 26600584, 13761399, 219667882, 217646206, 241830177, 9876773, 529557, 31049115, 177676138, 69558821, 243714980, 122743854, 104370347, 60772675, 122493426, 211212441, 84340898, 171023574, 191988092, 6004240, 141975672, 182382331, 60169248, 48856296, 212556591, 125285908, 98653799, 112007566, 217452140, 5555922, 45744348, 73503130, 161775644, 220445681, 117347905, 167087389, 192827476, 136018156, 131109619, 167837843, 182240958, 8391516, 229586495, 213735879, 97850511, 183893057, 194165031, 214936839, 224240891, 154115694, 138837282, 248682662, 216393363, 68549987, 232222394, 1476246, 151179556, 186122913, 60417403, 105641232, 103260047, 84908356, 81305338, 160418988, 65263081, 194339786, 204506009, 248186273, 173008625, 182670290, 29112124, 7406428, 28666481, 106002348, 138960132, 98355143, 143418397, 199073573, 28353430, 72446384, 86097686, 143615584]
[239554898, 105465088, 218365829, 203396497, 217698719, 109346344, 97770307, 148322777, 40290812, 53317582, 37400546, 22010658, 175723653, 165222218, 73768585, 222361649, 122267290, 183229434, 110253602, 236404051, 84153860, 126893068, 26600584, 13761399, 219667882, 217646206, 241830177, 9876773, 529557, 31049115, 177676138, 69558821, 243714980, 122743854, 104370347, 60772675, 122493426, 211212441, 84340898, 171023574, 191988092, 6004240, 141975672, 182382331, 60169248, 48856296, 212556591, 125285908, 98653799, 112007566, 217452140, 5555922, 45744348, 73503130, 161775644, 220445681, 117347905, 167087389, 192827476, 136018156, 131109619, 167837843, 182240958, 8391516, 229586495, 213735879, 97850511, 183893057, 194165031, 214936839, 224240891, 154115694, 138837282, 248682662, 216393363, 68549987, 232222394, 1476246, 151179556, 23831083, 186875312, 15363865, 148894419, 175412006, 162336783, 220767862, 257334, 2980324, 159935775, 57531261, 2110292, 132842143, 63114250, 213032620, 38717631, 248261742, 48707030, 206601718, 173305872, 167316559, 10332446, 123424096, 19929881, 30523038]
[239554898, 105465088, 218365829, 203396497, 217698719, 109346344, 97770307, 148322777, 40290812, 53317582, 37400546, 22010658, 175723653, 165222218, 73768585, 222361649, 122267290, 183229434, 110253602, 236404051, 84153860, 126893068, 26600584, 13761399, 219667882, 217646206, 241830177, 9876773, 529557, 31049115, 177676138, 69558821, 243714980, 122743854, 104370347, 60772675, 122493426, 211212441, 84340898, 171023574, 191988092, 6004240, 141975672, 182382331, 60169248, 48856296, 212556591, 125285908, 98653799, 112007566, 217452140, 5555922, 45744348, 73503130, 161775644, 220445681, 117347905, 167087389, 192827476, 136018156, 131109619, 167837843, 182240958, 8391516, 229586495, 213735879, 97850511, 183893057, 194165031, 214936839, 224240891, 154115694, 138837282, 248682662, 216393363, 68549987, 232222394, 1476246, 151179556, 23831083, 67522189, 37046337, 143879866, 123729297, 235762465, 220063132, 92098001, 139677268, 100353505, 130245573, 160206283, 134489364, 140612711, 49354014, 223252961, 71560665, 128536351, 187425481, 127820885, 49206390, 163524568, 141641580, 41813987, 195269416]
[239554898, 105465088, 218365829, 203396497, 217698719, 109346344, 97770307, 148322777, 40290812, 53317582, 37400546, 22010658, 175723653, 165222218, 73768585, 222361649, 122267290, 183229434, 110253602, 236404051, 84153860, 126893068, 26600584, 13761399, 219667882, 217646206, 241830177, 9876773, 529557, 31049115, 177676138, 69558821, 243714980, 122743854, 104370347, 60772675, 122493426, 211212441, 84340898, 171023574, 191988092, 6004240, 141975672, 182382331, 60169248, 48856296, 212556591, 125285908, 98653799, 112007566, 217452140, 5555922, 45744348, 73503130, 161775644, 220445681, 117347905, 167087389, 192827476, 136018156, 131109619, 167837843, 182240958, 8391516, 229586495, 213735879, 97850511, 183893057, 194165031, 214936839, 224240891, 154115694, 138837282, 248682662, 216393363, 68549987, 232222394, 1476246, 151179556, 186122913, 60417403, 105641232, 103260047, 84908356, 81305338, 160418988, 65263081, 194339786, 204506009, 248186273, 173008625, 182670290, 29112124, 180697443, 196876595, 198617797, 217337664, 200490864, 151435112, 75147227, 222281628, 147457727, 143574611, 226413317]
[239554898, 105465088, 218365829, 203396497, 217698719, 109346344, 97770307, 148322777, 40290812, 53317582, 37400546, 22010658, 175723653, 165222218, 73768585, 222361649, 122267290, 183229434, 110253602, 236404051, 84153860, 126893068, 26600584, 13761399, 219667882, 217646206, 241830177, 9876773, 529557, 31049115, 177676138, 69558821, 243714980, 122743854, 104370347, 60772675, 122493426, 211212441, 84340898, 171023574, 191988092, 6004240, 141975672, 182382331, 60169248, 48856296, 212556591, 125285908, 98653799, 112007566, 217452140, 5555922, 45744348, 73503130, 161775644, 220445681, 117347905, 167087389, 192827476, 136018156, 131109619, 167837843, 182240958, 8391516, 229586495, 213735879, 97850511, 183893057, 194165031, 214936839, 224240891, 154115694, 138837282, 248682662, 216393363, 68549987, 232222394, 1476246, 151179556, 23831083, 67522189, 37046337, 30331306, 30809804, 180069300, 109853152, 142626223, 133024700, 117964535, 146059510, 57098611, 91433257, 27596929, 238513360, 108481286, 209948443, 107668528, 50913205, 172430707, 159813373, 68373453, 208091718, 206063531, 129019790]
[239554898, 105465088, 218365829, 203396497, 217698719, 109346344, 97770307, 148322777, 40290812, 53317582, 37400546, 22010658, 175723653, 165222218, 73768585, 222361649, 122267290, 183229434, 110253602, 236404051, 84153860, 126893068, 26600584, 13761399, 219667882, 217646206, 241830177, 9876773, 529557, 31049115, 177676138, 69558821, 243714980, 122743854, 104370347, 60772675, 122493426, 211212441, 84340898, 171023574, 191988092, 6004240, 141975672, 182382331, 60169248, 48856296, 212556591, 125285908, 98653799, 112007566, 217452140, 5555922, 45744348, 73503130, 161775644, 220445681, 117347905, 167087389, 192827476, 16949894, 154797606, 31554297, 227448688, 27607733, 7853203, 140242752, 68768893, 164110998, 12898830, 247773033, 204652173, 205971979, 68424825, 160403798, 117872922, 90131011, 162593568, 230345226, 44376985, 76933, 101975899, 156083460, 117175685, 142997913, 127523190, 24591345, 117503723, 97783181, 232447133, 220089946, 25606384, 99992767, 118974322, 156353242, 8207636, 153721168, 207196667, 84942381, 41712610, 62571210, 54798625, 40822924, 218910918, 209205236]
[239554898, 105465088, 218365829, 203396497, 217698719, 109346344, 97770307, 148322777, 40290812, 53317582, 37400546, 22010658, 175723653, 165222218, 73768585, 222361649, 122267290, 183229434, 110253602, 236404051, 84153860, 126893068, 26600584, 13761399, 219667882, 217646206, 241830177, 9876773, 529557, 31049115, 177676138, 69558821, 243714980, 122743854, 104370347, 60772675, 122493426, 211212441, 84340898, 171023574, 191988092, 6004240, 141975672, 182382331, 60169248, 48856296, 212556591, 125285908, 98653799, 112007566, 217452140, 5555922, 45744348, 73503130, 161775644, 220445681, 117347905, 167087389, 192827476, 136018156, 131109619, 167837843, 182240958, 8391516, 229586495, 213735879, 97850511, 183893057, 194165031, 214936839, 224240891, 154115694, 138837282, 248682662, 216393363, 68549987, 232222394, 1476246, 151179556, 23831083, 67522189, 37046337, 30331306, 30809804, 180069300, 109853152, 142626223, 133024700, 117964535, 146059510, 67770928, 76232463, 91833605, 163571838, 57833901, 132943840, 243014716, 248411386, 126177860, 240123924, 59703790, 213515285, 187445462, 153966316]
[239554898, 105465088, 218365829, 203396497, 217698719, 109346344, 97770307, 148322777, 40290812, 53317582, 37400546, 22010658, 175723653, 165222218, 73768585, 222361649, 122267290, 183229434, 110253602, 236404051, 84153860, 126893068, 26600584, 13761399, 219667882, 217646206, 241830177, 9876773, 529557, 31049115, 177676138, 69558821, 243714980, 122743854, 104370347, 60772675, 122493426, 211212441, 84340898, 171023574, 191988092, 6004240, 141975672, 182382331, 60169248, 48856296, 212556591, 125285908, 98653799, 112007566, 217452140, 5555922, 45744348, 73503130, 161775644, 220445681, 117347905, 167087389, 192827476, 30322964, 129797693, 162069456, 20098438, 175458121, 154340491, 200438724, 50980885, 218284050, 35865695, 35960691, 173099041, 248672976, 217120534, 97773753, 5693530, 103311836, 7361823, 87771202, 105809505, 22382340, 39666005, 110445834, 30069573, 167718405, 148353367, 35952887, 18398126, 131689514, 87282603, 71592258, 19510767, 36981584, 169901166, 6993812, 97074571, 245927872, 37113438, 55892894, 64155205, 146301572, 230524718, 238510494, 49254899, 127402589]
[239554898, 105465088, 218365829, 203396497, 217698719, 109346344, 97770307, 148322777, 40290812, 53317582, 37400546, 22010658, 175723653, 165222218, 73768585, 222361649, 122267290, 183229434, 110253602, 236404051, 84153860, 126893068, 26600584, 13761399, 219667882, 217646206, 241830177, 9876773, 529557, 31049115, 177676138, 69558821, 243714980, 122743854, 104370347, 60772675, 122493426, 211212441, 84340898, 171023574, 191988092, 6004240, 141975672, 182382331, 60169248, 48856296, 212556591, 125285908, 98653799, 112007566, 217452140, 5555922, 45744348, 73503130, 161775644, 220445681, 117347905, 167087389, 192827476, 136018156, 131109619, 167837843, 182240958, 8391516, 229586495, 213735879, 97850511, 183893057, 194165031, 214936839, 224240891, 154115694, 138837282, 248682662, 216393363, 68549987, 232222394, 1476246, 151179556, 23831083, 67522189, 37046337, 30331306, 30809804, 180069300, 109853152, 142626223, 133024700, 213505916, 145828056, 36192707, 210076901, 18631466, 52777234, 8271894, 17663428, 4536358, 92171121, 6760031, 173755756, 247176347, 156424670, 244716908, 25277654]
[239554898, 105465088, 218365829, 203396497, 217698719, 109346344, 97770307, 148322777, 40290812, 53317582, 37400546, 22010658, 175723653, 165222218, 73768585, 222361649, 122267290, 183229434, 110253602, 236404051, 84153860, 126893068, 26600584, 13761399, 219667882, 217646206, 241830177, 9876773, 529557, 31049115, 177676138, 69558821, 243714980, 122743854, 104370347, 60772675, 122493426, 211212441, 84340898, 171023574, 191988092, 6004240, 141975672, 182382331, 60169248, 48856296, 212556591, 125285908, 98653799, 112007566, 217452140, 5555922, 45744348, 73503130, 161775644, 220445681, 117347905, 167087389, 192827476, 136018156, 131109619, 167837843, 182240958, 8391516, 229586495, 213735879, 97850511, 183893057, 194165031, 214936839, 224240891, 154115694, 138837282, 248682662, 216393363, 68549987, 232222394, 1476246, 151179556, 23831083, 186875312, 15363865, 148894419, 175412006, 162336783, 220767862, 257334, 2980324, 159935775, 57531261, 2110292, 132842143, 175445337, 3218014, 59524486, 195873983, 87095342, 27555519, 128469637, 90992766, 109502627, 248870457, 92813000, 3111127]
[239554898, 105465088, 218365829, 203396497, 217698719, 109346344, 97770307, 148322777, 40290812, 53317582, 37400546, 22010658, 175723653, 165222218, 73768585, 222361649, 122267290, 183229434, 110253602, 236404051, 84153860, 126893068, 26600584, 13761399, 219667882, 217646206, 241830177, 9876773, 529557, 31049115, 177676138, 69558821, 243714980, 122743854, 104370347, 60772675, 122493426, 211212441, 84340898, 171023574, 191988092, 6004240, 141975672, 182382331, 60169248, 48856296, 212556591, 125285908, 98653799, 112007566, 217452140, 5555922, 45744348, 73503130, 161775644, 220445681, 117347905, 167087389, 192827476, 136018156, 131109619, 167837843, 182240958, 8391516, 229586495, 213735879, 97850511, 183893057, 194165031, 214936839, 224240891, 154115694, 138837282, 248682662, 216393363, 68549987, 232222394, 1476246, 151179556, 23831083, 67522189, 37046337, 30331306, 30809804, 180069300, 109853152, 142626223, 133024700, 213505916, 123561113, 138092197, 82592552, 175310019, 103121523, 23245329, 29484858, 144073463, 104990896, 201160449, 150056184, 1083072, 96436198, 60023183, 122865126]
[239554898, 105465088, 218365829, 203396497, 217698719, 109346344, 97770307, 148322777, 40290812, 53317582, 37400546, 22010658, 175723653, 165222218, 73768585, 222361649, 122267290, 183229434, 110253602, 236404051, 84153860, 126893068, 26600584, 13761399, 219667882, 217646206, 241830177, 9876773, 529557, 31049115, 177676138, 69558821, 243714980, 122743854, 104370347, 60772675, 122493426, 211212441, 84340898, 171023574, 191988092, 6004240, 141975672, 182382331, 60169248, 48856296, 212556591, 125285908, 98653799, 112007566, 217452140, 5555922, 45744348, 73503130, 161775644, 220445681, 117347905, 167087389, 192827476, 136018156, 131109619, 167837843, 182240958, 8391516, 229586495, 213735879, 97850511, 183893057, 194165031, 214936839, 224240891, 154115694, 138837282, 248682662, 216393363, 68549987, 232222394, 1476246, 151179556, 23831083, 67522189, 37046337, 30331306, 30809804, 180069300, 109853152, 142626223, 133024700, 213505916, 123561113, 138092197, 82592552, 175310019, 103121523, 23245329, 29484858, 144073463, 104990896, 201160449, 150056184, 1384566, 193317298, 44580190, 212172733]
[239554898, 105465088, 218365829, 203396497, 217698719, 109346344, 97770307, 148322777, 40290812, 53317582, 37400546, 22010658, 175723653, 165222218, 73768585, 222361649, 122267290, 183229434, 110253602, 236404051, 84153860, 126893068, 26600584, 13761399, 219667882, 217646206, 241830177, 9876773, 529557, 31049115, 177676138, 69558821, 243714980, 122743854, 104370347, 60772675, 122493426, 211212441, 84340898, 171023574, 191988092, 6004240, 141975672, 182382331, 60169248, 48856296, 212556591, 125285908, 98653799, 112007566, 217452140, 5555922, 45744348, 73503130, 161775644, 220445681, 117347905, 167087389, 192827476, 136018156, 131109619, 167837843, 182240958, 8391516, 229586495, 213735879, 97850511, 183893057, 194165031, 214936839, 224240891, 154115694, 138837282, 248682662, 216393363, 68549987, 232222394, 1476246, 151179556, 186122913, 60417403, 105641232, 103260047, 84908356, 81305338, 160418988, 65263081, 194339786, 204506009, 248186273, 173008625, 182670290, 29112124, 180697443, 196876595, 198617797, 217337664, 200490864, 151435112, 16881958, 30003413, 166545881, 172991937, 203213972]
[239554898, 105465088, 218365829, 203396497, 217698719, 109346344, 97770307, 148322777, 40290812, 53317582, 37400546, 22010658, 175723653, 165222218, 73768585, 222361649, 122267290, 183229434, 110253602, 236404051, 84153860, 126893068, 26600584, 13761399, 219667882, 217646206, 241830177, 9876773, 529557, 31049115, 177676138, 69558821, 243714980, 122743854, 104370347, 60772675, 122493426, 211212441, 84340898, 171023574, 191988092, 6004240, 141975672, 182382331, 60169248, 48856296, 212556591, 125285908, 98653799, 112007566, 217452140, 5555922, 45744348, 73503130, 161775644, 220445681, 117347905, 167087389, 192827476, 136018156, 131109619, 167837843, 182240958, 8391516, 229586495, 213735879, 97850511, 183893057, 194165031, 214936839, 224240891, 154115694, 138837282, 248682662, 216393363, 68549987, 232222394, 1476246, 151179556, 23831083, 186875312, 15363865, 148894419, 175412006, 162336783, 220767862, 257334, 2980324, 159935775, 57531261, 2110292, 132842143, 180764072, 146670478, 219318739, 176835431, 149437895, 124168872, 39918452, 207329894, 33750613, 158351147, 80093491, 31391784]
[239554898, 105465088, 218365829, 203396497, 217698719, 109346344, 97770307, 148322777, 40290812, 53317582, 37400546, 22010658, 175723653, 165222218, 73768585, 222361649, 122267290, 183229434, 110253602, 236404051, 84153860, 126893068, 26600584, 13761399, 219667882, 217646206, 241830177, 9876773, 529557, 31049115, 177676138, 69558821, 243714980, 122743854, 104370347, 60772675, 122493426, 211212441, 84340898, 171023574, 191988092, 6004240, 141975672, 182382331, 60169248, 48856296, 212556591, 125285908, 98653799, 112007566, 217452140, 5555922, 45744348, 73503130, 161775644, 220445681, 117347905, 167087389, 192827476, 136018156, 131109619, 167837843, 182240958, 8391516, 229586495, 213735879, 97850511, 183893057, 194165031, 214936839, 224240891, 154115694, 138837282, 248682662, 216393363, 68549987, 232222394, 1476246, 151179556, 23831083, 67522189, 37046337, 30331306, 30809804, 25267365, 33628761, 120843493, 60323715, 141937992, 214517939, 159351707, 225092483, 171806910, 14044454, 242868175, 51611021, 103323002, 82673646, 209696386, 168223732, 190658279, 26973833, 169384447, 177689562]
[239554898, 105465088, 218365829, 203396497, 217698719, 109346344, 97770307, 148322777, 40290812, 53317582, 37400546, 22010658, 175723653, 165222218, 73768585, 222361649, 122267290, 183229434, 110253602, 236404051, 84153860, 126893068, 26600584, 13761399, 219667882, 217646206, 241830177, 9876773, 529557, 31049115, 177676138, 69558821, 243714980, 122743854, 104370347, 60772675, 122493426, 211212441, 84340898, 171023574, 191988092, 6004240, 141975672, 182382331, 60169248, 48856296, 212556591, 125285908, 98653799, 112007566, 217452140, 5555922, 45744348, 73503130, 161775644, 220445681, 117347905, 167087389, 192827476, 136018156, 131109619, 167837843, 182240958, 8391516, 229586495, 213735879, 97850511, 183893057, 194165031, 214936839, 224240891, 154115694, 138837282, 248682662, 216393363, 68549987, 232222394, 1476246, 151179556, 23831083, 67522189, 37046337, 30331306, 30809804, 180069300, 109853152, 142626223, 133024700, 117964535, 146059510, 57098611, 91433257, 27596929, 238513360, 108481286, 209948443, 85239108, 132667688, 140155475, 49479876, 131163368, 21717543, 232713928, 44563404]
[239554898, 105465088, 218365829, 203396497, 217698719, 109346344, 97770307, 148322777, 40290812, 53317582, 37400546, 22010658, 175723653, 165222218, 73768585, 222361649, 122267290, 183229434, 110253602, 236404051, 84153860, 126893068, 26600584, 13761399, 219667882, 217646206, 241830177, 9876773, 529557, 31049115, 177676138, 69558821, 243714980, 122743854, 104370347, 60772675, 122493426, 211212441, 84340898, 171023574, 191988092, 6004240, 141975672, 182382331, 60169248, 48856296, 212556591, 125285908, 98653799, 112007566, 217452140, 5555922, 45744348, 73503130, 161775644, 220445681, 117347905, 167087389, 192827476, 136018156, 131109619, 167837843, 182240958, 8391516, 229586495, 213735879, 97850511, 183893057, 194165031, 214936839, 224240891, 154115694, 138837282, 248682662, 216393363, 68549987, 232222394, 1476246, 151179556, 23831083, 67522189, 37046337, 30331306, 30809804, 180069300, 109853152, 142626223, 133024700, 213505916, 145828056, 36192707, 210076901, 18631466, 215945163, 194354097, 118288656, 112073061, 202801511, 204383395, 55603611, 115796047, 9513232, 159627319, 216776922]
[239554898, 105465088, 218365829, 203396497, 217698719, 109346344, 97770307, 148322777, 40290812, 53317582, 37400546, 22010658, 175723653, 165222218, 73768585, 222361649, 122267290, 183229434, 110253602, 236404051, 84153860, 126893068, 26600584, 13761399, 219667882, 217646206, 241830177, 9876773, 529557, 31049115, 177676138, 69558821, 243714980, 122743854, 104370347, 60772675, 122493426, 211212441, 84340898, 171023574, 191988092, 6004240, 141975672, 182382331, 60169248, 48856296, 212556591, 125285908, 98653799, 112007566, 217452140, 5555922, 45744348, 73503130, 161775644, 220445681, 117347905, 167087389, 192827476, 136018156, 131109619, 167837843, 182240958, 8391516, 229586495, 213735879, 97850511, 183893057, 194165031, 214936839, 224240891, 154115694, 138837282, 248682662, 216393363, 68549987, 232222394, 1476246, 151179556, 23831083, 67522189, 37046337, 30331306, 30809804, 25267365, 33628761, 120843493, 60323715, 141937992, 214517939, 159351707, 225092483, 171806910, 228378040, 237812772, 195871251, 232599126, 115928926, 25880720, 233547739, 79062916, 120031929, 208549176, 25031490]
[239554898, 105465088, 218365829, 203396497, 217698719, 109346344, 97770307, 148322777, 40290812, 53317582, 37400546, 22010658, 175723653, 165222218, 73768585, 222361649, 122267290, 183229434, 110253602, 236404051, 84153860, 126893068, 26600584, 13761399, 219667882, 217646206, 241830177, 9876773, 529557, 31049115, 177676138, 69558821, 243714980, 122743854, 104370347, 60772675, 122493426, 211212441, 84340898, 171023574, 191988092, 6004240, 141975672, 182382331, 60169248, 48856296, 212556591, 125285908, 98653799, 112007566, 217452140, 5555922, 45744348, 73503130, 161775644, 220445681, 117347905, 167087389, 192827476, 30322964, 129797693, 162069456, 20098438, 175458121, 154340491, 200438724, 50980885, 218284050, 35865695, 35960691, 173099041, 248672976, 217120534, 97773753, 5693530, 103311836, 7361823, 87771202, 105809505, 22382340, 39666005, 110445834, 30069573, 167718405, 148353367, 35952887, 18398126, 131689514, 87282603, 71592258, 19510767, 36981584, 169901166, 6993812, 97074571, 245927872, 37113438, 55892894, 8993408, 114807978, 27366176, 161953613, 41711419, 243806025]
[239554898, 105465088, 218365829, 203396497, 217698719, 109346344, 97770307, 148322777, 40290812, 53317582, 37400546, 22010658, 175723653, 165222218, 73768585, 222361649, 122267290, 183229434, 110253602, 236404051, 84153860, 126893068, 26600584, 13761399, 219667882, 217646206, 241830177, 9876773, 529557, 31049115, 177676138, 69558821, 243714980, 122743854, 104370347, 60772675, 122493426, 211212441, 84340898, 171023574, 191988092, 6004240, 141975672, 182382331, 60169248, 48856296, 212556591, 125285908, 98653799, 112007566, 217452140, 5555922, 45744348, 73503130, 161775644, 220445681, 117347905, 167087389, 192827476, 136018156, 131109619, 167837843, 182240958, 8391516, 229586495, 213735879, 97850511, 183893057, 194165031, 214936839, 224240891, 154115694, 138837282, 248682662, 216393363, 68549987, 232222394, 1476246, 151179556, 23831083, 67522189, 37046337, 30331306, 30809804, 180069300, 109853152, 142626223, 133024700, 213505916, 123561113, 138092197, 82592552, 175310019, 103121523, 23245329, 29484858, 144073463, 104990896, 201160449, 150056184, 82203034, 75208154, 122795044, 44469438]
[239554898, 105465088, 218365829, 203396497, 217698719, 109346344, 97770307, 148322777, 40290812, 53317582, 37400546, 22010658, 175723653, 165222218, 73768585, 222361649, 122267290, 183229434, 110253602, 236404051, 84153860, 126893068, 26600584, 13761399, 219667882, 217646206, 241830177, 9876773, 529557, 31049115, 177676138, 69558821, 243714980, 122743854, 104370347, 60772675, 122493426, 211212441, 84340898, 171023574, 191988092, 6004240, 141975672, 182382331, 60169248, 48856296, 212556591, 125285908, 98653799, 112007566, 217452140, 5555922, 45744348, 73503130, 161775644, 220445681, 117347905, 167087389, 192827476, 136018156, 131109619, 167837843, 182240958, 8391516, 229586495, 213735879, 97850511, 183893057, 194165031, 214936839, 224240891, 154115694, 138837282, 248682662, 216393363, 68549987, 232222394, 1476246, 151179556, 23831083, 186875312, 15363865, 148894419, 175412006, 162336783, 220767862, 257334, 2980324, 159935775, 57531261, 2110292, 132842143, 175445337, 3218014, 59524486, 195873983, 134969456, 23498438, 236602853, 62160445, 129340010, 53587201, 145388543, 132791975]
[239554898, 105465088, 218365829, 203396497, 217698719, 109346344, 97770307, 148322777, 40290812, 53317582, 37400546, 22010658, 175723653, 165222218, 73768585, 222361649, 122267290, 183229434, 110253602, 236404051, 84153860, 126893068, 26600584, 13761399, 219667882, 217646206, 241830177, 9876773, 529557, 31049115, 177676138, 69558821, 243714980, 122743854, 104370347, 60772675, 122493426, 211212441, 84340898, 171023574, 191988092, 6004240, 141975672, 182382331, 60169248, 48856296, 212556591, 125285908, 98653799, 112007566, 217452140, 5555922, 45744348, 73503130, 161775644, 220445681, 117347905, 167087389, 192827476, 136018156, 131109619, 167837843, 182240958, 8391516, 229586495, 213735879, 97850511, 183893057, 194165031, 214936839, 224240891, 154115694, 138837282, 248682662, 216393363, 68549987, 232222394, 1476246, 151179556, 186122913, 60417403, 105641232, 103260047, 84908356, 81305338, 160418988, 65263081, 194339786, 204506009, 248186273, 173008625, 182670290, 29112124, 180697443, 196876595, 198617797, 217337664, 200490864, 151435112, 16881958, 238576294, 56236902, 229179629, 108848776]
[239554898, 105465088, 218365829, 203396497, 217698719, 109346344, 97770307, 148322777, 40290812, 53317582, 37400546, 22010658, 175723653, 165222218, 73768585, 222361649, 122267290, 183229434, 110253602, 236404051, 84153860, 126893068, 26600584, 13761399, 219667882, 217646206, 241830177, 9876773, 529557, 31049115, 177676138, 69558821, 243714980, 122743854, 104370347, 60772675, 122493426, 211212441, 84340898, 171023574, 191988092, 6004240, 141975672, 182382331, 60169248, 48856296, 212556591, 125285908, 98653799, 112007566, 217452140, 5555922, 45744348, 73503130, 161775644, 220445681, 117347905, 167087389, 192827476, 136018156, 131109619, 167837843, 182240958, 8391516, 229586495, 213735879, 97850511, 183893057, 194165031, 214936839, 224240891, 154115694, 138837282, 248682662, 216393363, 68549987, 232222394, 1476246, 151179556, 23831083, 186875312, 15363865, 148894419, 175412006, 162336783, 220767862, 257334, 2980324, 159935775, 57531261, 2110292, 132842143, 175445337, 3218014, 59524486, 195873983, 87095342, 27555519, 128469637, 90992766, 109502627, 248870457, 92813000, 211896830]
[239554898, 105465088, 218365829, 203396497, 217698719, 109346344, 97770307, 148322777, 40290812, 53317582, 37400546, 22010658, 175723653, 165222218, 73768585, 222361649, 122267290, 183229434, 110253602, 236404051, 84153860, 126893068, 26600584, 13761399, 219667882, 217646206, 241830177, 9876773, 529557, 31049115, 177676138, 69558821, 243714980, 122743854, 104370347, 60772675, 122493426, 211212441, 84340898, 171023574, 191988092, 6004240, 141975672, 182382331, 60169248, 48856296, 212556591, 125285908, 98653799, 112007566, 217452140, 5555922, 45744348, 73503130, 161775644, 220445681, 117347905, 167087389, 192827476, 136018156, 131109619, 167837843, 182240958, 8391516, 229586495, 213735879, 97850511, 183893057, 194165031, 214936839, 224240891, 154115694, 138837282, 248682662, 216393363, 68549987, 232222394, 1476246, 151179556, 23831083, 186875312, 15363865, 148894419, 175412006, 162336783, 220767862, 257334, 2980324, 159935775, 57531261, 2110292, 132842143, 175445337, 3218014, 59524486, 195873983, 87095342, 27555519, 128469637, 90992766, 140601150, 212537235, 234263465, 120982982]
[239554898, 105465088, 218365829, 203396497, 217698719, 109346344, 97770307, 148322777, 40290812, 53317582, 37400546, 22010658, 175723653, 165222218, 73768585, 222361649, 122267290, 183229434, 110253602, 236404051, 84153860, 126893068, 26600584, 13761399, 219667882, 217646206, 241830177, 9876773, 529557, 31049115, 177676138, 69558821, 243714980, 122743854, 104370347, 60772675, 122493426, 211212441, 84340898, 171023574, 191988092, 6004240, 141975672, 182382331, 60169248, 48856296, 212556591, 125285908, 98653799, 112007566, 217452140, 5555922, 45744348, 73503130, 161775644, 220445681, 117347905, 167087389, 192827476, 30322964, 129797693, 162069456, 20098438, 175458121, 154340491, 200438724, 50980885, 218284050, 35865695, 35960691, 173099041, 248672976, 217120534, 97773753, 5693530, 103311836, 7361823, 87771202, 105809505, 22382340, 39666005, 110445834, 30069573, 90714617, 230716197, 16119416, 184671964, 209467104, 146000494, 25141289, 40494108, 60501027, 229459517, 130626408, 39917210, 93782235, 234983649, 103210948, 170327114, 186655078, 161185472, 151435319, 15474549, 33225401]
[239554898, 105465088, 218365829, 203396497, 217698719, 109346344, 97770307, 148322777, 40290812, 53317582, 37400546, 22010658, 175723653, 165222218, 73768585, 222361649, 122267290, 183229434, 110253602, 236404051, 84153860, 126893068, 26600584, 13761399, 219667882, 217646206, 241830177, 9876773, 529557, 31049115, 177676138, 69558821, 243714980, 122743854, 104370347, 60772675, 122493426, 211212441, 84340898, 171023574, 191988092, 6004240, 141975672, 182382331, 60169248, 48856296, 212556591, 125285908, 98653799, 112007566, 217452140, 5555922, 45744348, 73503130, 161775644, 220445681, 117347905, 167087389, 192827476, 136018156, 131109619, 167837843, 182240958, 8391516, 229586495, 213735879, 97850511, 183893057, 194165031, 214936839, 224240891, 154115694, 138837282, 248682662, 216393363, 68549987, 232222394, 1476246, 151179556, 23831083, 186875312, 15363865, 148894419, 175412006, 162336783, 220767862, 257334, 2980324, 159935775, 57531261, 2110292, 132842143, 175445337, 3218014, 59524486, 195873983, 134969456, 242249109, 186640499, 3304319, 145517498, 102002328, 37181908, 226598907]
[239554898, 105465088, 218365829, 203396497, 217698719, 109346344, 97770307, 148322777, 40290812, 53317582, 37400546, 22010658, 175723653, 165222218, 73768585, 222361649, 122267290, 183229434, 110253602, 236404051, 84153860, 126893068, 26600584, 13761399, 219667882, 217646206, 241830177, 9876773, 529557, 31049115, 177676138, 69558821, 243714980, 122743854, 104370347, 60772675, 122493426, 211212441, 84340898, 171023574, 191988092, 6004240, 141975672, 182382331, 60169248, 48856296, 212556591, 125285908, 98653799, 112007566, 217452140, 5555922, 45744348, 73503130, 161775644, 220445681, 117347905, 167087389, 192827476, 136018156, 131109619, 167837843, 182240958, 8391516, 229586495, 213735879, 97850511, 183893057, 194165031, 214936839, 224240891, 154115694, 138837282, 248682662, 216393363, 68549987, 232222394, 1476246, 151179556, 23831083, 67522189, 37046337, 30331306, 30809804, 180069300, 109853152, 142626223, 133024700, 213505916, 145828056, 36192707, 210076901, 18631466, 52777234, 8271894, 104723084, 103227377, 83603035, 211470450, 93876837, 58707326, 128100495, 92670080, 165783403]
[239554898, 105465088, 218365829, 203396497, 217698719, 109346344, 97770307, 148322777, 40290812, 53317582, 37400546, 22010658, 175723653, 165222218, 73768585, 222361649, 122267290, 183229434, 110253602, 236404051, 84153860, 126893068, 26600584, 13761399, 219667882, 217646206, 241830177, 9876773, 529557, 31049115, 177676138, 69558821, 243714980, 122743854, 104370347, 60772675, 122493426, 211212441, 84340898, 171023574, 191988092, 6004240, 141975672, 182382331, 60169248, 48856296, 212556591, 125285908, 98653799, 112007566, 217452140, 5555922, 45744348, 73503130, 161775644, 220445681, 117347905, 167087389, 192827476, 136018156, 131109619, 167837843, 182240958, 8391516, 229586495, 213735879, 97850511, 183893057, 194165031, 214936839, 224240891, 154115694, 138837282, 248682662, 216393363, 68549987, 232222394, 1476246, 151179556, 23831083, 67522189, 37046337, 30331306, 30809804, 180069300, 109853152, 142626223, 133024700, 117964535, 146059510, 57098611, 91433257, 38568678, 195314443, 163790292, 132089438, 135535892, 54485142, 175395672, 126926272, 28309940, 147456679, 97631284, 96897382]
[239554898, 105465088, 218365829, 203396497, 217698719, 109346344, 97770307, 148322777, 40290812, 53317582, 37400546, 22010658, 175723653, 165222218, 73768585, 222361649, 122267290, 183229434, 110253602, 236404051, 84153860, 126893068, 26600584, 13761399, 219667882, 217646206, 241830177, 9876773, 529557, 31049115, 177676138, 69558821, 243714980, 122743854, 104370347, 60772675, 122493426, 211212441, 84340898, 171023574, 191988092, 6004240, 141975672, 182382331, 60169248, 48856296, 212556591, 125285908, 98653799, 112007566, 217452140, 5555922, 45744348, 73503130, 161775644, 220445681, 117347905, 167087389, 192827476, 136018156, 131109619, 167837843, 182240958, 8391516, 229586495, 213735879, 97850511, 183893057, 194165031, 214936839, 224240891, 154115694, 138837282, 248682662, 216393363, 68549987, 232222394, 1476246, 151179556, 23831083, 67522189, 37046337, 30331306, 30809804, 180069300, 109853152, 142626223, 133024700, 213505916, 145828056, 36192707, 210076901, 18631466, 52777234, 8271894, 17663428, 4536358, 92171121, 6760031, 201625043, 42071590, 26503695, 81665740, 133789528]
[239554898, 105465088, 218365829, 203396497, 217698719, 109346344, 97770307, 148322777, 40290812, 53317582, 37400546, 22010658, 175723653, 165222218, 73768585, 222361649, 122267290, 183229434, 110253602, 236404051, 84153860, 126893068, 26600584, 13761399, 219667882, 217646206, 241830177, 9876773, 529557, 31049115, 177676138, 69558821, 243714980, 122743854, 104370347, 60772675, 122493426, 211212441, 84340898, 171023574, 191988092, 6004240, 141975672, 182382331, 60169248, 48856296, 212556591, 125285908, 98653799, 112007566, 217452140, 5555922, 45744348, 73503130, 161775644, 220445681, 117347905, 167087389, 192827476, 136018156, 131109619, 167837843, 182240958, 8391516, 229586495, 213735879, 97850511, 183893057, 194165031, 214936839, 224240891, 154115694, 138837282, 248682662, 216393363, 68549987, 232222394, 1476246, 151179556, 23831083, 67522189, 37046337, 30331306, 30809804, 25267365, 33628761, 120843493, 60323715, 141937992, 214517939, 159351707, 225092483, 171806910, 228378040, 221916661, 53727406, 131804216, 92279835, 196189658, 25523027, 102430352, 240217516, 172581888, 19542127]
[239554898, 105465088, 218365829, 203396497, 217698719, 109346344, 97770307, 148322777, 40290812, 53317582, 37400546, 22010658, 175723653, 165222218, 73768585, 222361649, 122267290, 183229434, 110253602, 236404051, 84153860, 126893068, 26600584, 13761399, 219667882, 217646206, 241830177, 9876773, 529557, 31049115, 177676138, 69558821, 243714980, 122743854, 104370347, 60772675, 122493426, 211212441, 84340898, 171023574, 191988092, 6004240, 141975672, 182382331, 60169248, 48856296, 212556591, 125285908, 98653799, 112007566, 217452140, 5555922, 45744348, 73503130, 161775644, 220445681, 117347905, 167087389, 192827476, 136018156, 131109619, 167837843, 182240958, 8391516, 229586495, 213735879, 97850511, 183893057, 194165031, 214936839, 224240891, 154115694, 138837282, 248682662, 216393363, 68549987, 232222394, 1476246, 151179556, 23831083, 186875312, 15363865, 148894419, 235170124, 151625514, 85970942, 197269257, 56981299, 125621014, 73203161, 14762083, 123527406, 189868651, 238999946, 128491558, 49062058, 181149222, 214444055, 29688010, 29462794, 188735057, 76986510, 174491928, 238462234]
[239554898, 105465088, 218365829, 203396497, 217698719, 109346344, 97770307, 148322777, 40290812, 53317582, 37400546, 22010658, 175723653, 165222218, 73768585, 222361649, 122267290, 183229434, 110253602, 236404051, 84153860, 126893068, 26600584, 13761399, 219667882, 217646206, 241830177, 9876773, 529557, 31049115, 177676138, 69558821, 243714980, 122743854, 104370347, 60772675, 122493426, 211212441, 84340898, 171023574, 191988092, 6004240, 141975672, 182382331, 60169248, 48856296, 212556591, 125285908, 98653799, 112007566, 217452140, 5555922, 45744348, 73503130, 161775644, 220445681, 117347905, 167087389, 192827476, 30322964, 129797693, 162069456, 20098438, 175458121, 154340491, 200438724, 50980885, 218284050, 41182885, 54506857, 78043547, 1605079, 36994883, 167476512, 84602607, 136635004, 82774592, 181994661, 94214124, 242953261, 177936239, 115570111, 26692013, 2990388, 120026433, 26376298, 118170346, 33166470, 202562618, 46228497, 77391020, 36586039, 72004815, 5868703, 17944968, 237299864, 79713110, 246736336, 198711197, 64255975, 6672660, 187980212, 77797907, 214759144]
[239554898, 105465088, 218365829, 203396497, 217698719, 109346344, 97770307, 148322777, 40290812, 53317582, 37400546, 22010658, 175723653, 165222218, 73768585, 222361649, 122267290, 183229434, 110253602, 236404051, 84153860, 126893068, 26600584, 13761399, 219667882, 217646206, 241830177, 9876773, 529557, 31049115, 177676138, 69558821, 243714980, 122743854, 104370347, 60772675, 122493426, 211212441, 84340898, 171023574, 191988092, 6004240, 141975672, 182382331, 60169248, 48856296, 212556591, 125285908, 98653799, 112007566, 217452140, 5555922, 45744348, 73503130, 161775644, 220445681, 117347905, 167087389, 192827476, 136018156, 131109619, 167837843, 182240958, 8391516, 229586495, 213735879, 97850511, 183893057, 194165031, 214936839, 224240891, 154115694, 138837282, 248682662, 216393363, 68549987, 232222394, 1476246, 151179556, 23831083, 186875312, 15363865, 148894419, 175412006, 162336783, 220767862, 257334, 140506494, 123970020, 16967665, 162188528, 9006925, 70796904, 136030368, 149540707, 19177680, 119730929, 72336758, 11033292, 125586800, 242201485, 10182012, 11546808, 182672556]
[239554898, 105465088, 218365829, 203396497, 217698719, 109346344, 97770307, 148322777, 40290812, 53317582, 37400546, 22010658, 175723653, 165222218, 73768585, 222361649, 122267290, 183229434, 110253602, 236404051, 84153860, 126893068, 26600584, 13761399, 219667882, 217646206, 241830177, 9876773, 529557, 31049115, 177676138, 69558821, 243714980, 122743854, 104370347, 60772675, 122493426, 211212441, 84340898, 171023574, 191988092, 6004240, 141975672, 182382331, 60169248, 48856296, 212556591, 125285908, 98653799, 112007566, 217452140, 5555922, 45744348, 73503130, 161775644, 220445681, 117347905, 167087389, 192827476, 136018156, 131109619, 167837843, 182240958, 8391516, 229586495, 213735879, 97850511, 183893057, 194165031, 214936839, 224240891, 154115694, 138837282, 248682662, 216393363, 68549987, 232222394, 1476246, 151179556, 23831083, 67522189, 37046337, 30331306, 30809804, 180069300, 109853152, 142626223, 133024700, 213505916, 145828056, 36192707, 210076901, 18631466, 66249244, 106394530, 98937705, 62076670, 149131071, 129795181, 86924942, 18011731, 152075584, 238618814, 183921722]
[239554898, 105465088, 218365829, 203396497, 217698719, 109346344, 97770307, 148322777, 40290812, 53317582, 37400546, 22010658, 175723653, 165222218, 73768585, 222361649, 122267290, 183229434, 110253602, 236404051, 84153860, 126893068, 26600584, 13761399, 219667882, 217646206, 241830177, 9876773, 529557, 31049115, 177676138, 69558821, 243714980, 122743854, 104370347, 60772675, 122493426, 211212441, 84340898, 171023574, 191988092, 6004240, 141975672, 182382331, 60169248, 48856296, 212556591, 125285908, 98653799, 112007566, 217452140, 5555922, 45744348, 73503130, 161775644, 220445681, 117347905, 167087389, 192827476, 136018156, 131109619, 167837843, 182240958, 8391516, 229586495, 213735879, 97850511, 183893057, 194165031, 214936839, 224240891, 154115694, 138837282, 248682662, 216393363, 68549987, 232222394, 1476246, 151179556, 23831083, 186875312, 15363865, 148894419, 175412006, 162336783, 220767862, 257334, 2980324, 159935775, 57531261, 2110292, 132842143, 63114250, 213032620, 38717631, 248261742, 186829643, 117770311, 128697965, 215701640, 226880460, 240059908, 12510450, 222729567]
[239554898, 105465088, 218365829, 203396497, 217698719, 109346344, 97770307, 148322777, 40290812, 53317582, 37400546, 22010658, 175723653, 165222218, 73768585, 222361649, 122267290, 183229434, 110253602, 236404051, 84153860, 126893068, 26600584, 13761399, 219667882, 217646206, 241830177, 9876773, 529557, 31049115, 177676138, 69558821, 243714980, 122743854, 104370347, 60772675, 122493426, 211212441, 84340898, 171023574, 191988092, 6004240, 141975672, 182382331, 60169248, 48856296, 212556591, 125285908, 98653799, 112007566, 217452140, 5555922, 45744348, 73503130, 161775644, 220445681, 117347905, 167087389, 192827476, 136018156, 131109619, 167837843, 182240958, 8391516, 229586495, 213735879, 97850511, 183893057, 194165031, 214936839, 224240891, 154115694, 138837282, 248682662, 216393363, 68549987, 232222394, 1476246, 151179556, 23831083, 67522189, 37046337, 30331306, 30809804, 180069300, 109853152, 142626223, 133024700, 213505916, 145828056, 36192707, 210076901, 18631466, 215945163, 194354097, 146649287, 3758129, 237707380, 28284948, 193679035, 92618366, 182056804, 229141043, 64415997]
[239554898, 105465088, 218365829, 203396497, 217698719, 109346344, 97770307, 148322777, 40290812, 53317582, 37400546, 22010658, 175723653, 165222218, 73768585, 222361649, 122267290, 183229434, 110253602, 236404051, 84153860, 126893068, 26600584, 13761399, 219667882, 217646206, 241830177, 9876773, 529557, 31049115, 177676138, 69558821, 243714980, 122743854, 104370347, 60772675, 122493426, 211212441, 84340898, 171023574, 191988092, 6004240, 141975672, 182382331, 60169248, 48856296, 212556591, 125285908, 98653799, 112007566, 217452140, 5555922, 45744348, 73503130, 161775644, 220445681, 117347905, 167087389, 192827476, 136018156, 131109619, 167837843, 182240958, 8391516, 229586495, 213735879, 97850511, 183893057, 194165031, 214936839, 224240891, 154115694, 138837282, 248682662, 216393363, 68549987, 232222394, 1476246, 151179556, 23831083, 67522189, 37046337, 30331306, 30809804, 180069300, 109853152, 142626223, 133024700, 213505916, 145828056, 36192707, 210076901, 18631466, 215945163, 194354097, 118288656, 112073061, 202801511, 26526868, 118995839, 238011475, 26570701, 216540647, 135811236]
[239554898, 105465088, 218365829, 203396497, 217698719, 109346344, 97770307, 148322777, 40290812, 53317582, 37400546, 22010658, 175723653, 165222218, 73768585, 222361649, 122267290, 183229434, 110253602, 236404051, 84153860, 126893068, 26600584, 13761399, 219667882, 217646206, 241830177, 9876773, 529557, 31049115, 177676138, 69558821, 243714980, 122743854, 104370347, 60772675, 122493426, 211212441, 84340898, 171023574, 191988092, 6004240, 141975672, 182382331, 60169248, 48856296, 212556591, 125285908, 98653799, 112007566, 217452140, 5555922, 45744348, 73503130, 161775644, 220445681, 117347905, 167087389, 192827476, 136018156, 131109619, 167837843, 182240958, 8391516, 229586495, 213735879, 97850511, 183893057, 194165031, 214936839, 224240891, 154115694, 138837282, 248682662, 216393363, 68549987, 232222394, 1476246, 151179556, 23831083, 67522189, 37046337, 30331306, 30809804, 180069300, 109853152, 142626223, 133024700, 117964535, 146059510, 57098611, 91433257, 38568678, 195314443, 163790292, 127761125, 225106931, 29410280, 9309069, 8465642, 125139852, 193458575, 107047069, 193173617]
[239554898, 105465088, 218365829, 203396497, 217698719, 109346344, 97770307, 148322777, 40290812, 53317582, 37400546, 22010658, 175723653, 165222218, 73768585, 222361649, 122267290, 183229434, 110253602, 236404051, 84153860, 126893068, 26600584, 13761399, 219667882, 217646206, 241830177, 9876773, 529557, 31049115, 177676138, 69558821, 243714980, 122743854, 104370347, 60772675, 122493426, 211212441, 84340898, 171023574, 191988092, 6004240, 141975672, 182382331, 60169248, 48856296, 212556591, 125285908, 98653799, 112007566, 217452140, 5555922, 45744348, 73503130, 161775644, 220445681, 117347905, 167087389, 192827476, 136018156, 131109619, 167837843, 182240958, 8391516, 229586495, 213735879, 97850511, 183893057, 194165031, 214936839, 224240891, 154115694, 138837282, 248682662, 216393363, 68549987, 232222394, 1476246, 151179556, 186122913, 60417403, 105641232, 103260047, 84908356, 81305338, 160418988, 65263081, 194339786, 204506009, 248186273, 173008625, 182670290, 29112124, 7406428, 28666481, 106002348, 140172784, 140573007, 131330324, 106371034, 24984081, 132738270, 85999106, 138425040]
[239554898, 105465088, 218365829, 203396497, 217698719, 109346344, 97770307, 148322777, 40290812, 53317582, 37400546, 22010658, 175723653, 165222218, 73768585, 222361649, 122267290, 183229434, 110253602, 236404051, 84153860, 126893068, 26600584, 13761399, 219667882, 217646206, 241830177, 9876773, 529557, 31049115, 177676138, 69558821, 243714980, 122743854, 104370347, 60772675, 122493426, 211212441, 84340898, 171023574, 191988092, 6004240, 141975672, 182382331, 60169248, 48856296, 212556591, 125285908, 98653799, 112007566, 217452140, 5555922, 45744348, 73503130, 161775644, 220445681, 117347905, 167087389, 192827476, 136018156, 131109619, 167837843, 182240958, 8391516, 229586495, 213735879, 97850511, 183893057, 194165031, 214936839, 224240891, 154115694, 138837282, 248682662, 216393363, 68549987, 232222394, 1476246, 151179556, 23831083, 67522189, 37046337, 30331306, 30809804, 180069300, 32947905, 205930261, 16667085, 210298056, 203809029, 78308169, 16378318, 58864223, 228431532, 190159264, 245750517, 44083260, 174384227, 152913406, 172382369, 63494594, 232821220, 130286456, 153250736]
[239554898, 105465088, 218365829, 203396497, 217698719, 109346344, 97770307, 148322777, 40290812, 53317582, 37400546, 22010658, 175723653, 165222218, 73768585, 222361649, 122267290, 183229434, 110253602, 236404051, 84153860, 126893068, 26600584, 13761399, 219667882, 217646206, 241830177, 9876773, 529557, 31049115, 177676138, 69558821, 243714980, 122743854, 104370347, 60772675, 122493426, 211212441, 84340898, 171023574, 191988092, 6004240, 141975672, 182382331, 60169248, 48856296, 212556591, 125285908, 98653799, 112007566, 217452140, 5555922, 45744348, 73503130, 161775644, 220445681, 117347905, 167087389, 192827476, 16949894, 154797606, 31554297, 227448688, 27607733, 7853203, 140242752, 68768893, 164110998, 12898830, 247773033, 204652173, 205971979, 68424825, 160403798, 117872922, 90131011, 162593568, 230345226, 44376985, 76933, 101975899, 156083460, 117175685, 142997913, 127523190, 24591345, 117503723, 97783181, 232447133, 220089946, 25606384, 99992767, 118974322, 156353242, 8207636, 153721168, 207196667, 84942381, 41712610, 62571210, 54798625, 40822924, 218910918, 133296414]
[239554898, 105465088, 218365829, 203396497, 217698719, 109346344, 97770307, 148322777, 40290812, 53317582, 37400546, 22010658, 175723653, 165222218, 73768585, 222361649, 122267290, 183229434, 110253602, 236404051, 84153860, 126893068, 26600584, 13761399, 219667882, 217646206, 241830177, 9876773, 529557, 31049115, 177676138, 69558821, 243714980, 122743854, 104370347, 60772675, 122493426, 211212441, 84340898, 171023574, 191988092, 6004240, 141975672, 182382331, 60169248, 48856296, 212556591, 125285908, 98653799, 112007566, 217452140, 5555922, 45744348, 73503130, 161775644, 220445681, 117347905, 167087389, 192827476, 136018156, 131109619, 167837843, 182240958, 8391516, 229586495, 213735879, 97850511, 183893057, 194165031, 214936839, 224240891, 154115694, 138837282, 248682662, 216393363, 68549987, 232222394, 1476246, 151179556, 23831083, 67522189, 37046337, 30331306, 30809804, 25267365, 33628761, 120843493, 60323715, 141937992, 214517939, 159351707, 225092483, 171806910, 228378040, 237812772, 201916728, 165088190, 6361737, 66562892, 42927463, 221134397, 45989711, 182277067, 84682626]
[239554898, 105465088, 218365829, 203396497, 217698719, 109346344, 97770307, 148322777, 40290812, 53317582, 37400546, 22010658, 175723653, 165222218, 73768585, 222361649, 122267290, 183229434, 110253602, 236404051, 84153860, 126893068, 26600584, 13761399, 219667882, 217646206, 241830177, 9876773, 529557, 31049115, 177676138, 69558821, 243714980, 122743854, 104370347, 60772675, 122493426, 211212441, 84340898, 171023574, 191988092, 6004240, 141975672, 182382331, 60169248, 48856296, 212556591, 125285908, 98653799, 112007566, 217452140, 5555922, 45744348, 73503130, 161775644, 220445681, 117347905, 167087389, 192827476, 30322964, 129797693, 162069456, 20098438, 175458121, 154340491, 200438724, 50980885, 218284050, 41182885, 54506857, 78043547, 1605079, 36994883, 167476512, 84602607, 136635004, 127157844, 78905320, 135063922, 52086443, 245307202, 43636446, 76919317, 38945114, 139083599, 53272900, 193104529, 216684294, 83671823, 209103697, 157585771, 36004982, 226903074, 197968745, 135030438, 238248518, 155465124, 116577807, 14747479, 165864966, 117288584, 169942619, 154021317, 189722203]
[239554898, 105465088, 218365829, 203396497, 217698719, 109346344, 97770307, 148322777, 40290812, 53317582, 37400546, 22010658, 175723653, 165222218, 73768585, 222361649, 122267290, 183229434, 110253602, 236404051, 84153860, 126893068, 26600584, 13761399, 219667882, 217646206, 241830177, 9876773, 529557, 31049115, 177676138, 69558821, 243714980, 122743854, 104370347, 60772675, 122493426, 211212441, 84340898, 171023574, 191988092, 6004240, 141975672, 182382331, 60169248, 48856296, 212556591, 125285908, 98653799, 112007566, 217452140, 5555922, 45744348, 73503130, 161775644, 220445681, 117347905, 167087389, 192827476, 136018156, 131109619, 167837843, 182240958, 8391516, 229586495, 213735879, 97850511, 183893057, 194165031, 214936839, 224240891, 154115694, 138837282, 248682662, 216393363, 68549987, 232222394, 1476246, 151179556, 23831083, 67522189, 37046337, 30331306, 30809804, 180069300, 109853152, 142626223, 133024700, 213505916, 145828056, 36192707, 210076901, 18631466, 66249244, 106394530, 98937705, 62076670, 236207879, 200810389, 117472547, 148400284, 131850934, 60352256, 122017992]
[239554898, 105465088, 218365829, 203396497, 217698719, 109346344, 97770307, 148322777, 40290812, 53317582, 37400546, 22010658, 175723653, 165222218, 73768585, 222361649, 122267290, 183229434, 110253602, 236404051, 84153860, 126893068, 26600584, 13761399, 219667882, 217646206, 241830177, 9876773, 529557, 31049115, 177676138, 69558821, 243714980, 122743854, 104370347, 60772675, 122493426, 211212441, 84340898, 171023574, 191988092, 6004240, 141975672, 182382331, 60169248, 48856296, 212556591, 125285908, 98653799, 112007566, 217452140, 5555922, 45744348, 73503130, 161775644, 220445681, 117347905, 167087389, 192827476, 136018156, 131109619, 167837843, 182240958, 8391516, 229586495, 213735879, 97850511, 183893057, 194165031, 214936839, 224240891, 154115694, 138837282, 248682662, 216393363, 68549987, 232222394, 1476246, 151179556, 23831083, 186875312, 15363865, 148894419, 175412006, 162336783, 220767862, 257334, 2980324, 159935775, 57531261, 2110292, 132842143, 180764072, 146670478, 29426298, 138117769, 124771713, 173506613, 27461156, 223431827, 171574519, 117157277, 238542241, 226975034]
[239554898, 105465088, 218365829, 203396497, 217698719, 109346344, 97770307, 148322777, 40290812, 53317582, 37400546, 22010658, 175723653, 165222218, 73768585, 222361649, 122267290, 183229434, 110253602, 236404051, 84153860, 126893068, 26600584, 13761399, 219667882, 217646206, 241830177, 9876773, 529557, 31049115, 177676138, 69558821, 243714980, 122743854, 104370347, 60772675, 122493426, 211212441, 84340898, 171023574, 191988092, 6004240, 141975672, 182382331, 60169248, 48856296, 212556591, 125285908, 98653799, 112007566, 217452140, 5555922, 45744348, 73503130, 161775644, 220445681, 117347905, 167087389, 192827476, 136018156, 131109619, 167837843, 182240958, 8391516, 229586495, 213735879, 97850511, 183893057, 194165031, 214936839, 224240891, 154115694, 138837282, 248682662, 216393363, 68549987, 232222394, 1476246, 151179556, 23831083, 67522189, 37046337, 30331306, 30809804, 25267365, 33628761, 120843493, 60323715, 141937992, 214517939, 159351707, 225092483, 171806910, 228378040, 237812772, 201916728, 165088190, 6361737, 66562892, 42927463, 221134397, 173691723, 171639160, 149235954]
[239554898, 105465088, 218365829, 203396497, 217698719, 109346344, 97770307, 148322777, 40290812, 53317582, 37400546, 22010658, 175723653, 165222218, 73768585, 222361649, 122267290, 183229434, 110253602, 236404051, 84153860, 126893068, 26600584, 13761399, 219667882, 217646206, 241830177, 9876773, 529557, 31049115, 177676138, 69558821, 243714980, 122743854, 104370347, 60772675, 122493426, 211212441, 84340898, 171023574, 191988092, 6004240, 141975672, 182382331, 60169248, 48856296, 212556591, 125285908, 98653799, 112007566, 217452140, 5555922, 45744348, 73503130, 161775644, 220445681, 117347905, 167087389, 192827476, 136018156, 131109619, 167837843, 182240958, 8391516, 229586495, 213735879, 97850511, 183893057, 194165031, 214936839, 224240891, 154115694, 138837282, 248682662, 216393363, 68549987, 232222394, 1476246, 151179556, 23831083, 67522189, 37046337, 30331306, 30809804, 180069300, 109853152, 142626223, 133024700, 213505916, 123561113, 138092197, 82592552, 175310019, 103121523, 23245329, 29484858, 144073463, 104990896, 201160449, 150056184, 1083072, 70741010, 113226387, 142771857]
[239554898, 105465088, 218365829, 203396497, 217698719, 109346344, 97770307, 148322777, 40290812, 53317582, 37400546, 22010658, 175723653, 165222218, 73768585, 222361649, 122267290, 183229434, 110253602, 236404051, 84153860, 126893068, 26600584, 13761399, 219667882, 217646206, 241830177, 9876773, 529557, 31049115, 177676138, 69558821, 243714980, 122743854, 104370347, 60772675, 122493426, 211212441, 84340898, 171023574, 191988092, 6004240, 141975672, 182382331, 60169248, 48856296, 212556591, 125285908, 98653799, 112007566, 217452140, 5555922, 45744348, 73503130, 161775644, 220445681, 117347905, 167087389, 192827476, 136018156, 131109619, 167837843, 182240958, 8391516, 229586495, 213735879, 97850511, 183893057, 194165031, 214936839, 224240891, 154115694, 138837282, 248682662, 216393363, 68549987, 232222394, 1476246, 151179556, 23831083, 67522189, 37046337, 30331306, 30809804, 180069300, 109853152, 142626223, 133024700, 213505916, 145828056, 36192707, 210076901, 18631466, 52777234, 8271894, 104723084, 171119738, 54278901, 212843278, 13705256, 18419323, 194996327, 213027073, 84882817]
[239554898, 105465088, 218365829, 203396497, 217698719, 109346344, 97770307, 148322777, 40290812, 53317582, 37400546, 22010658, 175723653, 165222218, 73768585, 222361649, 122267290, 183229434, 110253602, 236404051, 84153860, 126893068, 26600584, 13761399, 219667882, 217646206, 241830177, 9876773, 529557, 31049115, 177676138, 69558821, 243714980, 122743854, 104370347, 60772675, 122493426, 211212441, 84340898, 171023574, 191988092, 6004240, 141975672, 182382331, 60169248, 48856296, 212556591, 125285908, 98653799, 112007566, 217452140, 5555922, 45744348, 73503130, 161775644, 220445681, 117347905, 167087389, 192827476, 136018156, 131109619, 167837843, 182240958, 8391516, 229586495, 213735879, 97850511, 183893057, 194165031, 214936839, 224240891, 154115694, 138837282, 248682662, 216393363, 68549987, 232222394, 1476246, 151179556, 23831083, 67522189, 37046337, 30331306, 30809804, 25267365, 236085028, 54752257, 31154509, 170373936, 115589660, 230184458, 119012113, 71118401, 215362869, 237947311, 101248218, 152389165, 226880477, 74889673, 236823585, 17551354, 109622823, 209131122, 29927884]
[239554898, 105465088, 218365829, 203396497, 217698719, 109346344, 97770307, 148322777, 40290812, 53317582, 37400546, 22010658, 175723653, 165222218, 73768585, 222361649, 122267290, 183229434, 110253602, 236404051, 84153860, 126893068, 26600584, 13761399, 219667882, 217646206, 241830177, 9876773, 529557, 31049115, 177676138, 69558821, 243714980, 122743854, 104370347, 60772675, 122493426, 211212441, 84340898, 171023574, 191988092, 6004240, 141975672, 182382331, 60169248, 48856296, 212556591, 125285908, 98653799, 112007566, 217452140, 5555922, 45744348, 73503130, 161775644, 220445681, 117347905, 167087389, 192827476, 30322964, 129797693, 162069456, 20098438, 175458121, 154340491, 200438724, 50980885, 218284050, 35865695, 35960691, 173099041, 248672976, 217120534, 97773753, 5693530, 103311836, 7361823, 87771202, 105809505, 22382340, 39666005, 110445834, 30069573, 167718405, 148353367, 35952887, 18398126, 131689514, 87282603, 71592258, 19510767, 36981584, 169901166, 6993812, 97074571, 245927872, 37113438, 55892894, 64155205, 146301572, 188650861, 60395009, 167507558, 13435568]
[239554898, 105465088, 218365829, 203396497, 217698719, 109346344, 97770307, 148322777, 40290812, 53317582, 37400546, 22010658, 175723653, 165222218, 73768585, 222361649, 122267290, 183229434, 110253602, 236404051, 84153860, 126893068, 26600584, 13761399, 219667882, 217646206, 241830177, 9876773, 529557, 31049115, 177676138, 69558821, 243714980, 122743854, 104370347, 60772675, 122493426, 211212441, 84340898, 171023574, 191988092, 6004240, 141975672, 182382331, 60169248, 48856296, 212556591, 125285908, 98653799, 112007566, 217452140, 5555922, 45744348, 73503130, 161775644, 220445681, 117347905, 167087389, 192827476, 136018156, 131109619, 167837843, 182240958, 8391516, 229586495, 213735879, 97850511, 183893057, 194165031, 214936839, 224240891, 154115694, 138837282, 248682662, 216393363, 68549987, 232222394, 1476246, 151179556, 23831083, 186875312, 15363865, 148894419, 175412006, 162336783, 220767862, 257334, 2980324, 159935775, 57531261, 2110292, 132842143, 175445337, 208157644, 106313498, 58436595, 204201831, 112556371, 168238451, 123078413, 10307061, 7022813, 67501010, 29488303]
[239554898, 105465088, 218365829, 203396497, 217698719, 109346344, 97770307, 148322777, 40290812, 53317582, 37400546, 22010658, 175723653, 165222218, 73768585, 222361649, 122267290, 183229434, 110253602, 236404051, 84153860, 126893068, 26600584, 13761399, 219667882, 217646206, 241830177, 9876773, 529557, 31049115, 177676138, 69558821, 243714980, 122743854, 104370347, 60772675, 122493426, 211212441, 84340898, 171023574, 191988092, 6004240, 141975672, 182382331, 60169248, 48856296, 212556591, 125285908, 98653799, 112007566, 217452140, 5555922, 45744348, 73503130, 161775644, 220445681, 117347905, 167087389, 192827476, 136018156, 131109619, 167837843, 182240958, 8391516, 229586495, 213735879, 97850511, 183893057, 194165031, 214936839, 224240891, 154115694, 138837282, 248682662, 216393363, 68549987, 232222394, 1476246, 151179556, 23831083, 67522189, 37046337, 30331306, 30809804, 25267365, 236085028, 54752257, 31154509, 112833706, 2456493, 157810119, 226487189, 246327151, 107864561, 54224376, 208770211, 220726170, 111704643, 52509029, 4370448, 234418943, 94646089, 20685060, 140799780]
[239554898, 105465088, 218365829, 203396497, 217698719, 109346344, 97770307, 148322777, 40290812, 53317582, 37400546, 22010658, 175723653, 165222218, 73768585, 222361649, 122267290, 183229434, 110253602, 236404051, 84153860, 126893068, 26600584, 13761399, 219667882, 217646206, 241830177, 9876773, 529557, 31049115, 177676138, 69558821, 243714980, 122743854, 104370347, 60772675, 122493426, 211212441, 84340898, 171023574, 191988092, 6004240, 141975672, 182382331, 60169248, 48856296, 212556591, 125285908, 98653799, 112007566, 217452140, 5555922, 45744348, 73503130, 161775644, 220445681, 117347905, 167087389, 192827476, 136018156, 131109619, 167837843, 182240958, 8391516, 229586495, 213735879, 97850511, 183893057, 194165031, 214936839, 224240891, 154115694, 138837282, 248682662, 216393363, 68549987, 232222394, 1476246, 151179556, 23831083, 186875312, 15363865, 148894419, 175412006, 162336783, 220767862, 257334, 2980324, 159935775, 57531261, 2110292, 132842143, 175445337, 3218014, 59524486, 51877899, 69471570, 194967192, 248342848, 229784929, 88255918, 231859444, 25078407, 9132051]
[239554898, 105465088, 218365829, 203396497, 217698719, 109346344, 97770307, 148322777, 40290812, 53317582, 37400546, 22010658, 175723653, 165222218, 73768585, 222361649, 122267290, 183229434, 110253602, 236404051, 84153860, 126893068, 26600584, 13761399, 219667882, 217646206, 241830177, 9876773, 529557, 31049115, 177676138, 69558821, 243714980, 122743854, 104370347, 60772675, 122493426, 211212441, 84340898, 171023574, 191988092, 6004240, 141975672, 182382331, 60169248, 48856296, 212556591, 125285908, 98653799, 112007566, 217452140, 5555922, 45744348, 73503130, 161775644, 220445681, 117347905, 167087389, 192827476, 136018156, 131109619, 167837843, 182240958, 8391516, 229586495, 213735879, 97850511, 183893057, 194165031, 214936839, 224240891, 154115694, 138837282, 248682662, 216393363, 68549987, 232222394, 1476246, 151179556, 23831083, 186875312, 15363865, 148894419, 175412006, 162336783, 220767862, 257334, 2980324, 159935775, 57531261, 2110292, 132842143, 175445337, 208157644, 106313498, 58436595, 204201831, 112556371, 168238451, 123078413, 10307061, 7022813, 67501010, 82783213]
[239554898, 105465088, 218365829, 203396497, 217698719, 109346344, 97770307, 148322777, 40290812, 53317582, 37400546, 22010658, 175723653, 165222218, 73768585, 222361649, 122267290, 183229434, 110253602, 236404051, 84153860, 126893068, 26600584, 13761399, 219667882, 217646206, 241830177, 9876773, 529557, 31049115, 177676138, 69558821, 243714980, 122743854, 104370347, 60772675, 122493426, 211212441, 84340898, 171023574, 191988092, 6004240, 141975672, 182382331, 60169248, 48856296, 212556591, 125285908, 98653799, 112007566, 217452140, 5555922, 45744348, 73503130, 161775644, 220445681, 117347905, 167087389, 192827476, 136018156, 131109619, 167837843, 182240958, 8391516, 229586495, 213735879, 97850511, 183893057, 194165031, 214936839, 224240891, 154115694, 138837282, 248682662, 216393363, 68549987, 232222394, 1476246, 151179556, 23831083, 67522189, 37046337, 30331306, 30809804, 180069300, 32947905, 205930261, 16667085, 210298056, 203809029, 78308169, 16378318, 196407529, 15753659, 160485131, 237915332, 143881255, 157330827, 106500990, 50899079, 94311034, 223593333, 155608645, 116222062]
[239554898, 105465088, 218365829, 203396497, 217698719, 109346344, 97770307, 148322777, 40290812, 53317582, 37400546, 22010658, 175723653, 165222218, 73768585, 222361649, 122267290, 183229434, 110253602, 236404051, 84153860, 126893068, 26600584, 13761399, 219667882, 217646206, 241830177, 9876773, 529557, 31049115, 177676138, 69558821, 243714980, 122743854, 104370347, 60772675, 122493426, 211212441, 84340898, 171023574, 191988092, 6004240, 141975672, 182382331, 60169248, 48856296, 212556591, 125285908, 98653799, 112007566, 217452140, 5555922, 45744348, 73503130, 161775644, 220445681, 117347905, 167087389, 192827476, 136018156, 131109619, 167837843, 182240958, 8391516, 229586495, 213735879, 97850511, 183893057, 194165031, 214936839, 224240891, 154115694, 138837282, 248682662, 216393363, 68549987, 232222394, 1476246, 151179556, 23831083, 67522189, 37046337, 30331306, 30809804, 25267365, 236085028, 54752257, 31154509, 170373936, 115589660, 230184458, 119012113, 71118401, 215362869, 237947311, 101248218, 152389165, 226880477, 74889673, 121924697, 54521633, 181773978, 169929394, 159960229]
[239554898, 105465088, 218365829, 203396497, 217698719, 109346344, 97770307, 148322777, 40290812, 53317582, 37400546, 22010658, 175723653, 165222218, 73768585, 222361649, 122267290, 183229434, 110253602, 236404051, 84153860, 126893068, 26600584, 13761399, 219667882, 217646206, 241830177, 9876773, 529557, 31049115, 177676138, 69558821, 243714980, 122743854, 104370347, 60772675, 122493426, 211212441, 84340898, 171023574, 191988092, 6004240, 141975672, 182382331, 60169248, 48856296, 212556591, 125285908, 98653799, 112007566, 217452140, 5555922, 45744348, 73503130, 161775644, 220445681, 117347905, 167087389, 192827476, 136018156, 131109619, 167837843, 182240958, 8391516, 229586495, 213735879, 97850511, 183893057, 194165031, 214936839, 224240891, 154115694, 138837282, 248682662, 216393363, 68549987, 232222394, 1476246, 151179556, 23831083, 67522189, 37046337, 30331306, 30809804, 180069300, 109853152, 142626223, 133024700, 213505916, 145828056, 36192707, 210076901, 18631466, 215945163, 194354097, 118288656, 112073061, 202801511, 6119983, 246584321, 185725294, 183836292, 139494924, 22383222]
[239554898, 105465088, 218365829, 203396497, 217698719, 109346344, 97770307, 148322777, 40290812, 53317582, 37400546, 22010658, 175723653, 165222218, 73768585, 222361649, 122267290, 183229434, 110253602, 236404051, 84153860, 126893068, 26600584, 13761399, 219667882, 217646206, 241830177, 9876773, 529557, 31049115, 177676138, 69558821, 243714980, 122743854, 104370347, 60772675, 122493426, 211212441, 84340898, 171023574, 191988092, 6004240, 141975672, 182382331, 60169248, 48856296, 212556591, 125285908, 98653799, 112007566, 217452140, 5555922, 45744348, 73503130, 161775644, 220445681, 117347905, 167087389, 192827476, 30322964, 129797693, 162069456, 20098438, 175458121, 154340491, 200438724, 50980885, 218284050, 35865695, 35960691, 173099041, 248672976, 217120534, 97773753, 5693530, 103311836, 7361823, 212275175, 195610465, 58543141, 188212498, 156770475, 16958913, 243592260, 220549079, 221076218, 88034874, 244897100, 150300874, 231037992, 121823749, 187914666, 154375674, 133933325, 85906876, 116004832, 39067517, 207532587, 79074042, 134570579, 202918813, 44103984, 72254704, 232343254]
[239554898, 105465088, 218365829, 203396497, 217698719, 109346344, 97770307, 148322777, 40290812, 53317582, 37400546, 22010658, 175723653, 165222218, 73768585, 222361649, 122267290, 183229434, 110253602, 236404051, 84153860, 126893068, 26600584, 13761399, 219667882, 217646206, 241830177, 9876773, 529557, 31049115, 177676138, 69558821, 243714980, 122743854, 104370347, 60772675, 122493426, 211212441, 84340898, 171023574, 191988092, 6004240, 141975672, 182382331, 60169248, 48856296, 212556591, 125285908, 98653799, 112007566, 217452140, 5555922, 45744348, 73503130, 161775644, 220445681, 117347905, 167087389, 192827476, 136018156, 131109619, 167837843, 182240958, 8391516, 229586495, 213735879, 97850511, 183893057, 194165031, 214936839, 224240891, 154115694, 138837282, 248682662, 216393363, 68549987, 232222394, 1476246, 151179556, 23831083, 186875312, 15363865, 148894419, 175412006, 162336783, 220767862, 257334, 2980324, 159935775, 57531261, 2110292, 132842143, 180764072, 146670478, 29426298, 138117769, 124771713, 173506613, 27461156, 223431827, 151786580, 213489730, 234119021, 186196901]
[239554898, 105465088, 218365829, 203396497, 217698719, 109346344, 97770307, 148322777, 40290812, 53317582, 37400546, 22010658, 175723653, 165222218, 73768585, 222361649, 122267290, 183229434, 110253602, 236404051, 84153860, 126893068, 26600584, 13761399, 219667882, 217646206, 241830177, 9876773, 529557, 31049115, 177676138, 69558821, 243714980, 122743854, 104370347, 60772675, 122493426, 211212441, 84340898, 171023574, 191988092, 6004240, 141975672, 182382331, 60169248, 48856296, 212556591, 125285908, 98653799, 112007566, 217452140, 5555922, 45744348, 73503130, 161775644, 220445681, 117347905, 167087389, 192827476, 136018156, 131109619, 167837843, 182240958, 8391516, 229586495, 213735879, 97850511, 183893057, 194165031, 214936839, 224240891, 154115694, 138837282, 248682662, 216393363, 68549987, 232222394, 1476246, 151179556, 23831083, 186875312, 15363865, 148894419, 175412006, 162336783, 220767862, 257334, 2980324, 159935775, 57531261, 2110292, 132842143, 175445337, 201022537, 235968690, 132348050, 57709436, 99097020, 57255372, 32505495, 238602531, 143389538, 77065851, 200333188]
[239554898, 105465088, 218365829, 203396497, 217698719, 109346344, 97770307, 148322777, 40290812, 53317582, 37400546, 22010658, 175723653, 165222218, 73768585, 222361649, 122267290, 183229434, 110253602, 236404051, 84153860, 126893068, 26600584, 13761399, 219667882, 217646206, 241830177, 9876773, 529557, 31049115, 177676138, 69558821, 243714980, 122743854, 104370347, 60772675, 122493426, 211212441, 84340898, 171023574, 191988092, 6004240, 141975672, 182382331, 60169248, 48856296, 212556591, 125285908, 98653799, 112007566, 217452140, 5555922, 45744348, 73503130, 161775644, 220445681, 117347905, 167087389, 192827476, 136018156, 131109619, 167837843, 182240958, 8391516, 229586495, 213735879, 97850511, 183893057, 194165031, 214936839, 224240891, 154115694, 138837282, 248682662, 216393363, 68549987, 232222394, 1476246, 151179556, 23831083, 67522189, 37046337, 30331306, 30809804, 25267365, 33628761, 120843493, 60323715, 141937992, 214517939, 159351707, 225092483, 171806910, 228378040, 237812772, 201916728, 165088190, 6361737, 66562892, 42927463, 221134397, 45989711, 25428786, 202997889]
[239554898, 105465088, 218365829, 203396497, 217698719, 109346344, 97770307, 148322777, 40290812, 53317582, 37400546, 22010658, 175723653, 165222218, 73768585, 222361649, 122267290, 183229434, 110253602, 236404051, 84153860, 126893068, 26600584, 13761399, 219667882, 217646206, 241830177, 9876773, 529557, 31049115, 177676138, 69558821, 243714980, 122743854, 104370347, 60772675, 122493426, 211212441, 84340898, 171023574, 191988092, 6004240, 141975672, 182382331, 60169248, 48856296, 212556591, 125285908, 98653799, 112007566, 217452140, 5555922, 45744348, 73503130, 161775644, 220445681, 117347905, 167087389, 192827476, 16949894, 154797606, 31554297, 227448688, 27607733, 7853203, 140242752, 68768893, 164110998, 12898830, 247773033, 204652173, 205971979, 68424825, 160403798, 117872922, 90131011, 162593568, 230345226, 44376985, 76933, 101975899, 156083460, 117175685, 142997913, 127523190, 24591345, 117503723, 97783181, 232447133, 220089946, 187459639, 30472219, 112344281, 2226099, 236412168, 40502974, 17697905, 409669, 29944020, 210192841, 88894054, 134381921, 10744886, 158678091]
[239554898, 105465088, 218365829, 203396497, 217698719, 109346344, 97770307, 148322777, 40290812, 53317582, 37400546, 22010658, 175723653, 165222218, 73768585, 222361649, 122267290, 183229434, 110253602, 236404051, 84153860, 126893068, 26600584, 13761399, 219667882, 217646206, 241830177, 9876773, 529557, 31049115, 177676138, 69558821, 243714980, 122743854, 104370347, 60772675, 122493426, 211212441, 84340898, 171023574, 191988092, 6004240, 141975672, 182382331, 60169248, 48856296, 212556591, 125285908, 98653799, 112007566, 217452140, 5555922, 45744348, 73503130, 161775644, 220445681, 117347905, 167087389, 192827476, 136018156, 131109619, 167837843, 182240958, 8391516, 229586495, 213735879, 97850511, 183893057, 194165031, 214936839, 224240891, 154115694, 138837282, 248682662, 216393363, 68549987, 232222394, 1476246, 151179556, 23831083, 67522189, 37046337, 30331306, 30809804, 25267365, 33628761, 120843493, 60323715, 141937992, 214517939, 159351707, 225092483, 171806910, 180015946, 114838391, 74579433, 107756521, 69291096, 219891302, 191248162, 17405970, 34860835, 43991572, 148674176]
[239554898, 105465088, 218365829, 203396497, 217698719, 109346344, 97770307, 148322777, 40290812, 53317582, 37400546, 22010658, 175723653, 165222218, 73768585, 222361649, 122267290, 183229434, 110253602, 236404051, 84153860, 126893068, 26600584, 13761399, 219667882, 217646206, 241830177, 9876773, 529557, 31049115, 177676138, 69558821, 243714980, 122743854, 104370347, 60772675, 122493426, 211212441, 84340898, 171023574, 191988092, 6004240, 141975672, 182382331, 60169248, 48856296, 212556591, 125285908, 98653799, 112007566, 217452140, 5555922, 45744348, 73503130, 161775644, 220445681, 117347905, 167087389, 192827476, 136018156, 131109619, 167837843, 182240958, 8391516, 229586495, 213735879, 97850511, 183893057, 194165031, 214936839, 224240891, 154115694, 138837282, 248682662, 216393363, 68549987, 232222394, 1476246, 151179556, 23831083, 67522189, 37046337, 30331306, 30809804, 180069300, 32947905, 205930261, 16667085, 210298056, 203809029, 78308169, 16378318, 196407529, 15753659, 160485131, 164523539, 69485263, 87357724, 10232706, 28337702, 49003948, 104445823, 88181501, 200196798]
[239554898, 105465088, 218365829, 203396497, 217698719, 109346344, 97770307, 148322777, 40290812, 53317582, 37400546, 22010658, 175723653, 165222218, 73768585, 222361649, 122267290, 183229434, 110253602, 236404051, 84153860, 126893068, 26600584, 13761399, 219667882, 217646206, 241830177, 9876773, 529557, 31049115, 177676138, 69558821, 243714980, 122743854, 104370347, 60772675, 122493426, 211212441, 84340898, 171023574, 191988092, 6004240, 141975672, 182382331, 60169248, 48856296, 212556591, 125285908, 98653799, 112007566, 217452140, 5555922, 45744348, 73503130, 161775644, 220445681, 117347905, 167087389, 192827476, 30322964, 129797693, 162069456, 20098438, 175458121, 154340491, 200438724, 50980885, 218284050, 41182885, 54506857, 78043547, 1605079, 36994883, 167476512, 84602607, 136635004, 82774592, 181994661, 94214124, 242953261, 177936239, 115570111, 26692013, 2990388, 120026433, 26376298, 118170346, 33166470, 202562618, 46228497, 77391020, 36586039, 72004815, 5868703, 17944968, 237299864, 79713110, 246736336, 128999162, 238933128, 9038248, 140566190, 4782806, 66533721]
[239554898, 105465088, 218365829, 203396497, 217698719, 109346344, 97770307, 148322777, 40290812, 53317582, 37400546, 22010658, 175723653, 165222218, 73768585, 222361649, 122267290, 183229434, 110253602, 236404051, 84153860, 126893068, 26600584, 13761399, 219667882, 217646206, 241830177, 9876773, 529557, 31049115, 177676138, 69558821, 243714980, 122743854, 104370347, 60772675, 122493426, 211212441, 84340898, 171023574, 191988092, 6004240, 141975672, 182382331, 60169248, 48856296, 212556591, 125285908, 98653799, 112007566, 217452140, 5555922, 45744348, 73503130, 161775644, 220445681, 117347905, 167087389, 192827476, 136018156, 131109619, 167837843, 182240958, 8391516, 229586495, 213735879, 97850511, 183893057, 194165031, 214936839, 224240891, 154115694, 138837282, 248682662, 216393363, 68549987, 232222394, 1476246, 151179556, 23831083, 67522189, 37046337, 30331306, 30809804, 25267365, 33628761, 120843493, 60323715, 141937992, 214517939, 159351707, 225092483, 171806910, 228378040, 237812772, 201916728, 165088190, 6361737, 66562892, 42927463, 221134397, 45989711, 121988794, 149178989]
[239554898, 105465088, 218365829, 203396497, 217698719, 109346344, 97770307, 148322777, 40290812, 53317582, 37400546, 22010658, 175723653, 165222218, 73768585, 222361649, 122267290, 183229434, 110253602, 236404051, 84153860, 126893068, 26600584, 13761399, 219667882, 217646206, 241830177, 9876773, 529557, 31049115, 177676138, 69558821, 243714980, 122743854, 104370347, 60772675, 122493426, 211212441, 84340898, 171023574, 191988092, 6004240, 141975672, 182382331, 60169248, 48856296, 212556591, 125285908, 98653799, 112007566, 217452140, 5555922, 45744348, 73503130, 161775644, 220445681, 117347905, 167087389, 192827476, 136018156, 131109619, 167837843, 182240958, 8391516, 229586495, 213735879, 97850511, 183893057, 194165031, 214936839, 224240891, 154115694, 138837282, 248682662, 216393363, 68549987, 232222394, 1476246, 151179556, 23831083, 67522189, 37046337, 30331306, 30809804, 180069300, 109853152, 142626223, 133024700, 117964535, 146059510, 67770928, 76232463, 91833605, 163571838, 57833901, 195748756, 157389207, 160441688, 65141650, 152436886, 57229150, 134485987, 11900735, 108185631]
[239554898, 105465088, 218365829, 203396497, 217698719, 109346344, 97770307, 148322777, 40290812, 53317582, 37400546, 22010658, 175723653, 165222218, 73768585, 222361649, 122267290, 183229434, 110253602, 236404051, 84153860, 126893068, 26600584, 13761399, 219667882, 217646206, 241830177, 9876773, 529557, 31049115, 177676138, 69558821, 243714980, 122743854, 104370347, 60772675, 122493426, 211212441, 84340898, 171023574, 191988092, 6004240, 141975672, 182382331, 60169248, 48856296, 212556591, 125285908, 98653799, 112007566, 217452140, 5555922, 45744348, 73503130, 161775644, 220445681, 117347905, 167087389, 192827476, 136018156, 131109619, 167837843, 182240958, 8391516, 229586495, 213735879, 97850511, 183893057, 194165031, 214936839, 224240891, 154115694, 138837282, 248682662, 216393363, 68549987, 232222394, 1476246, 151179556, 23831083, 67522189, 37046337, 30331306, 30809804, 25267365, 33628761, 120843493, 60323715, 161552165, 221715995, 217892344, 19173152, 10149374, 172341237, 24087936, 86330242, 135916816, 12408827, 231853818, 175767485, 50179962, 76622998, 230718837, 170400207]
[239554898, 105465088, 218365829, 203396497, 217698719, 109346344, 97770307, 148322777, 40290812, 53317582, 37400546, 22010658, 175723653, 165222218, 73768585, 222361649, 122267290, 183229434, 110253602, 236404051, 84153860, 126893068, 26600584, 13761399, 219667882, 217646206, 241830177, 9876773, 529557, 31049115, 177676138, 69558821, 243714980, 122743854, 104370347, 60772675, 122493426, 211212441, 84340898, 171023574, 191988092, 6004240, 141975672, 182382331, 60169248, 48856296, 212556591, 125285908, 98653799, 112007566, 217452140, 5555922, 45744348, 73503130, 161775644, 220445681, 117347905, 167087389, 192827476, 136018156, 131109619, 167837843, 182240958, 8391516, 229586495, 213735879, 97850511, 183893057, 194165031, 214936839, 224240891, 154115694, 138837282, 248682662, 216393363, 68549987, 232222394, 1476246, 151179556, 23831083, 67522189, 37046337, 30331306, 30809804, 180069300, 32947905, 205930261, 16667085, 210298056, 203809029, 78308169, 16378318, 196407529, 15753659, 160485131, 164523539, 69485263, 87357724, 10232706, 214633128, 59320060, 139564948, 193065955, 222513524]
[239554898, 105465088, 218365829, 203396497, 217698719, 109346344, 97770307, 148322777, 40290812, 53317582, 37400546, 22010658, 175723653, 165222218, 73768585, 222361649, 122267290, 183229434, 110253602, 236404051, 84153860, 126893068, 26600584, 13761399, 219667882, 217646206, 241830177, 9876773, 529557, 31049115, 177676138, 69558821, 243714980, 122743854, 104370347, 60772675, 122493426, 211212441, 84340898, 171023574, 191988092, 6004240, 141975672, 182382331, 60169248, 48856296, 212556591, 125285908, 98653799, 112007566, 217452140, 5555922, 45744348, 73503130, 161775644, 220445681, 117347905, 167087389, 192827476, 136018156, 131109619, 167837843, 182240958, 8391516, 229586495, 213735879, 97850511, 183893057, 194165031, 214936839, 224240891, 154115694, 138837282, 248682662, 216393363, 68549987, 232222394, 1476246, 151179556, 23831083, 186875312, 15363865, 148894419, 175412006, 162336783, 220767862, 257334, 2980324, 159935775, 57531261, 2110292, 132842143, 63114250, 213032620, 38717631, 248261742, 186829643, 117770311, 128697965, 224230569, 187147321, 175949116, 238097491, 45225290]
[239554898, 105465088, 218365829, 203396497, 217698719, 109346344, 97770307, 148322777, 40290812, 53317582, 37400546, 22010658, 175723653, 165222218, 73768585, 222361649, 122267290, 183229434, 110253602, 236404051, 84153860, 126893068, 26600584, 13761399, 219667882, 217646206, 241830177, 9876773, 529557, 31049115, 177676138, 69558821, 243714980, 122743854, 104370347, 60772675, 122493426, 211212441, 84340898, 171023574, 191988092, 6004240, 141975672, 182382331, 60169248, 48856296, 212556591, 125285908, 98653799, 112007566, 217452140, 5555922, 45744348, 73503130, 161775644, 220445681, 117347905, 167087389, 192827476, 136018156, 131109619, 167837843, 182240958, 8391516, 229586495, 213735879, 97850511, 183893057, 194165031, 214936839, 224240891, 154115694, 138837282, 248682662, 216393363, 68549987, 232222394, 1476246, 151179556, 23831083, 186875312, 15363865, 148894419, 175412006, 162336783, 220767862, 257334, 2980324, 159935775, 57531261, 2110292, 132842143, 63114250, 213032620, 38717631, 248261742, 48707030, 100452116, 49515169, 223813075, 190774849, 92481423, 194742173, 9552270]
[239554898, 105465088, 218365829, 203396497, 217698719, 109346344, 97770307, 148322777, 40290812, 53317582, 37400546, 22010658, 175723653, 165222218, 73768585, 222361649, 122267290, 183229434, 110253602, 236404051, 84153860, 126893068, 26600584, 13761399, 219667882, 217646206, 241830177, 9876773, 529557, 31049115, 177676138, 69558821, 243714980, 122743854, 104370347, 60772675, 122493426, 211212441, 84340898, 171023574, 191988092, 6004240, 141975672, 182382331, 60169248, 48856296, 212556591, 125285908, 98653799, 112007566, 217452140, 5555922, 45744348, 73503130, 161775644, 220445681, 117347905, 167087389, 192827476, 136018156, 131109619, 167837843, 182240958, 8391516, 229586495, 213735879, 97850511, 183893057, 194165031, 214936839, 224240891, 154115694, 138837282, 248682662, 216393363, 68549987, 232222394, 1476246, 151179556, 23831083, 67522189, 37046337, 30331306, 30809804, 25267365, 33628761, 120843493, 60323715, 161552165, 221715995, 217892344, 19173152, 10149374, 172341237, 24087936, 86330242, 135916816, 12408827, 231853818, 175767485, 50179962, 76622998, 204535537, 208369085]
[239554898, 105465088, 218365829, 203396497, 217698719, 109346344, 97770307, 148322777, 40290812, 53317582, 37400546, 22010658, 175723653, 165222218, 73768585, 222361649, 122267290, 183229434, 110253602, 236404051, 84153860, 126893068, 26600584, 13761399, 219667882, 217646206, 241830177, 9876773, 529557, 31049115, 177676138, 69558821, 243714980, 122743854, 104370347, 60772675, 122493426, 211212441, 84340898, 171023574, 191988092, 6004240, 141975672, 182382331, 60169248, 48856296, 212556591, 125285908, 98653799, 112007566, 217452140, 5555922, 45744348, 73503130, 161775644, 220445681, 117347905, 167087389, 192827476, 136018156, 131109619, 167837843, 182240958, 8391516, 229586495, 213735879, 97850511, 183893057, 194165031, 214936839, 224240891, 154115694, 138837282, 248682662, 216393363, 68549987, 232222394, 1476246, 151179556, 23831083, 67522189, 37046337, 30331306, 30809804, 25267365, 33628761, 120843493, 60323715, 161552165, 45948928, 156724531, 180735508, 5908663, 114031681, 141076187, 224981968, 91303488, 200060074, 234208343, 176467440, 22377840, 92350610, 39973867, 87952318]
[239554898, 105465088, 218365829, 203396497, 217698719, 109346344, 97770307, 148322777, 40290812, 53317582, 37400546, 22010658, 175723653, 165222218, 73768585, 222361649, 122267290, 183229434, 110253602, 236404051, 84153860, 126893068, 26600584, 13761399, 219667882, 217646206, 241830177, 9876773, 529557, 31049115, 177676138, 69558821, 243714980, 122743854, 104370347, 60772675, 122493426, 211212441, 84340898, 171023574, 191988092, 6004240, 141975672, 182382331, 60169248, 48856296, 212556591, 125285908, 98653799, 112007566, 217452140, 5555922, 45744348, 73503130, 161775644, 220445681, 117347905, 167087389, 192827476, 16949894, 154797606, 31554297, 227448688, 27607733, 7853203, 140242752, 68768893, 164110998, 12898830, 247773033, 204652173, 205971979, 68424825, 83740896, 201654924, 169231707, 97514553, 121528382, 248758816, 163110820, 139726861, 193829157, 94638618, 50010934, 245101943, 152894996, 85098711, 84256216, 167307796, 39557324, 111587632, 72991358, 245961368, 10151453, 130418649, 63481080, 163004059, 83483146, 178398917, 115511553, 225840349, 152225457, 145576787, 58822165]
[239554898, 105465088, 218365829, 203396497, 217698719, 109346344, 97770307, 148322777, 40290812, 53317582, 37400546, 22010658, 175723653, 165222218, 73768585, 222361649, 122267290, 183229434, 110253602, 236404051, 84153860, 126893068, 26600584, 13761399, 219667882, 217646206, 241830177, 9876773, 529557, 31049115, 177676138, 69558821, 243714980, 122743854, 104370347, 60772675, 122493426, 211212441, 84340898, 171023574, 191988092, 6004240, 141975672, 182382331, 60169248, 48856296, 212556591, 125285908, 98653799, 112007566, 217452140, 5555922, 45744348, 73503130, 161775644, 220445681, 117347905, 167087389, 192827476, 136018156, 131109619, 167837843, 182240958, 8391516, 229586495, 213735879, 97850511, 183893057, 194165031, 214936839, 224240891, 154115694, 138837282, 248682662, 216393363, 68549987, 232222394, 1476246, 151179556, 23831083, 67522189, 37046337, 30331306, 30809804, 180069300, 109853152, 142626223, 133024700, 117964535, 146059510, 67770928, 76232463, 91833605, 163571838, 57833901, 132943840, 243014716, 248411386, 126177860, 240123924, 223941147, 208576429, 228465247, 242712457]
[239554898, 105465088, 218365829, 203396497, 217698719, 109346344, 97770307, 148322777, 40290812, 53317582, 37400546, 22010658, 175723653, 165222218, 73768585, 222361649, 122267290, 183229434, 110253602, 236404051, 84153860, 126893068, 26600584, 13761399, 219667882, 217646206, 241830177, 9876773, 529557, 31049115, 177676138, 69558821, 243714980, 122743854, 104370347, 60772675, 122493426, 211212441, 84340898, 171023574, 191988092, 6004240, 141975672, 182382331, 60169248, 48856296, 212556591, 125285908, 98653799, 112007566, 217452140, 5555922, 45744348, 73503130, 161775644, 220445681, 117347905, 167087389, 192827476, 136018156, 131109619, 167837843, 182240958, 8391516, 229586495, 213735879, 97850511, 183893057, 194165031, 214936839, 224240891, 154115694, 138837282, 248682662, 216393363, 68549987, 232222394, 1476246, 151179556, 23831083, 67522189, 37046337, 30331306, 30809804, 180069300, 109853152, 142626223, 133024700, 213505916, 145828056, 36192707, 210076901, 18631466, 52777234, 8271894, 17663428, 4536358, 92171121, 6760031, 173755756, 87812423, 25401967, 36413332, 57424224]
[239554898, 105465088, 218365829, 203396497, 217698719, 109346344, 97770307, 148322777, 40290812, 53317582, 37400546, 22010658, 175723653, 165222218, 73768585, 222361649, 122267290, 183229434, 110253602, 236404051, 84153860, 126893068, 26600584, 13761399, 219667882, 217646206, 241830177, 9876773, 529557, 31049115, 177676138, 69558821, 243714980, 122743854, 104370347, 60772675, 122493426, 211212441, 84340898, 171023574, 191988092, 6004240, 141975672, 182382331, 60169248, 48856296, 212556591, 125285908, 98653799, 112007566, 217452140, 5555922, 45744348, 73503130, 161775644, 220445681, 117347905, 167087389, 192827476, 136018156, 131109619, 167837843, 182240958, 8391516, 229586495, 213735879, 97850511, 183893057, 194165031, 214936839, 224240891, 154115694, 138837282, 248682662, 216393363, 68549987, 232222394, 1476246, 151179556, 23831083, 186875312, 15363865, 148894419, 175412006, 162336783, 220767862, 257334, 2980324, 159935775, 57531261, 2110292, 132842143, 180764072, 146670478, 29426298, 138117769, 124771713, 173506613, 27461156, 223431827, 171574519, 117157277, 238542241, 66778083]
[239554898, 105465088, 218365829, 203396497, 217698719, 109346344, 97770307, 148322777, 40290812, 53317582, 37400546, 22010658, 175723653, 165222218, 73768585, 222361649, 122267290, 183229434, 110253602, 236404051, 84153860, 126893068, 26600584, 13761399, 219667882, 217646206, 241830177, 9876773, 529557, 31049115, 177676138, 69558821, 243714980, 122743854, 104370347, 60772675, 122493426, 211212441, 84340898, 171023574, 191988092, 6004240, 141975672, 182382331, 60169248, 48856296, 212556591, 125285908, 98653799, 112007566, 217452140, 5555922, 45744348, 73503130, 161775644, 220445681, 117347905, 167087389, 192827476, 16949894, 154797606, 31554297, 227448688, 27607733, 7853203, 140242752, 68768893, 164110998, 12898830, 247773033, 204652173, 205971979, 68424825, 160403798, 117872922, 90131011, 162593568, 230345226, 44376985, 76933, 101975899, 156083460, 117175685, 142997913, 127523190, 24591345, 117503723, 97783181, 232447133, 220089946, 187459639, 30472219, 112344281, 2226099, 236412168, 40502974, 17697905, 409669, 29944020, 210192841, 88894054, 62515781, 88328982, 220426091]
[239554898, 105465088, 218365829, 203396497, 217698719, 109346344, 97770307, 148322777, 40290812, 53317582, 37400546, 22010658, 175723653, 165222218, 73768585, 222361649, 122267290, 183229434, 110253602, 236404051, 84153860, 126893068, 26600584, 13761399, 219667882, 217646206, 241830177, 9876773, 529557, 31049115, 177676138, 69558821, 243714980, 122743854, 104370347, 60772675, 122493426, 211212441, 84340898, 171023574, 191988092, 6004240, 141975672, 182382331, 60169248, 48856296, 212556591, 125285908, 98653799, 112007566, 217452140, 5555922, 45744348, 73503130, 161775644, 220445681, 117347905, 167087389, 192827476, 136018156, 131109619, 167837843, 182240958, 8391516, 229586495, 213735879, 97850511, 183893057, 194165031, 214936839, 224240891, 154115694, 138837282, 248682662, 216393363, 68549987, 232222394, 1476246, 151179556, 23831083, 67522189, 37046337, 30331306, 30809804, 180069300, 109853152, 142626223, 133024700, 213505916, 145828056, 36192707, 210076901, 18631466, 66249244, 106394530, 98937705, 62076670, 211747572, 159709517, 177020859, 69774396, 59441119, 145931293, 79342904]
[239554898, 105465088, 218365829, 203396497, 217698719, 109346344, 97770307, 148322777, 40290812, 53317582, 37400546, 22010658, 175723653, 165222218, 73768585, 222361649, 122267290, 183229434, 110253602, 236404051, 84153860, 126893068, 26600584, 13761399, 219667882, 217646206, 241830177, 9876773, 529557, 31049115, 177676138, 69558821, 243714980, 122743854, 104370347, 60772675, 122493426, 211212441, 84340898, 171023574, 191988092, 6004240, 141975672, 182382331, 60169248, 48856296, 212556591, 125285908, 98653799, 112007566, 217452140, 5555922, 45744348, 73503130, 161775644, 220445681, 117347905, 167087389, 192827476, 136018156, 131109619, 167837843, 182240958, 8391516, 229586495, 213735879, 97850511, 183893057, 194165031, 214936839, 224240891, 154115694, 138837282, 248682662, 216393363, 68549987, 232222394, 1476246, 151179556, 23831083, 186875312, 15363865, 148894419, 175412006, 162336783, 220767862, 257334, 2980324, 159935775, 57531261, 2110292, 132842143, 175445337, 3218014, 59524486, 195873983, 87095342, 193685140, 204582971, 196083750, 170630556, 218822278, 146450497, 229453578]
[239554898, 105465088, 218365829, 203396497, 217698719, 109346344, 97770307, 148322777, 40290812, 53317582, 37400546, 22010658, 175723653, 165222218, 73768585, 222361649, 122267290, 183229434, 110253602, 236404051, 84153860, 126893068, 26600584, 13761399, 219667882, 217646206, 241830177, 9876773, 529557, 31049115, 177676138, 69558821, 243714980, 122743854, 104370347, 60772675, 122493426, 211212441, 84340898, 171023574, 191988092, 6004240, 141975672, 182382331, 60169248, 48856296, 212556591, 125285908, 98653799, 112007566, 217452140, 5555922, 45744348, 73503130, 161775644, 220445681, 117347905, 167087389, 192827476, 30322964, 129797693, 162069456, 20098438, 175458121, 154340491, 200438724, 50980885, 218284050, 35865695, 35960691, 173099041, 248672976, 217120534, 97773753, 5693530, 103311836, 7361823, 87771202, 105809505, 22382340, 39666005, 110445834, 30069573, 167718405, 148353367, 35952887, 18398126, 131689514, 87282603, 71592258, 19510767, 36981584, 169901166, 6993812, 97074571, 245927872, 37113438, 55892894, 8993408, 114807978, 27366176, 203164157, 212581767, 48320238]
[239554898, 105465088, 218365829, 203396497, 217698719, 109346344, 97770307, 148322777, 40290812, 53317582, 37400546, 22010658, 175723653, 165222218, 73768585, 222361649, 122267290, 183229434, 110253602, 236404051, 84153860, 126893068, 26600584, 13761399, 219667882, 217646206, 241830177, 9876773, 529557, 31049115, 177676138, 69558821, 243714980, 122743854, 104370347, 60772675, 122493426, 211212441, 84340898, 171023574, 191988092, 6004240, 141975672, 182382331, 60169248, 48856296, 212556591, 125285908, 98653799, 112007566, 217452140, 5555922, 45744348, 73503130, 161775644, 220445681, 117347905, 167087389, 192827476, 136018156, 131109619, 167837843, 182240958, 8391516, 229586495, 213735879, 97850511, 183893057, 194165031, 214936839, 224240891, 154115694, 138837282, 248682662, 216393363, 68549987, 232222394, 1476246, 151179556, 186122913, 60417403, 105641232, 103260047, 84908356, 81305338, 160418988, 65263081, 194339786, 204506009, 248186273, 173008625, 182670290, 29112124, 180697443, 196876595, 198617797, 217337664, 200490864, 151435112, 75147227, 165069626, 78940859, 202546875, 238488927]
[239554898, 105465088, 218365829, 203396497, 217698719, 109346344, 97770307, 148322777, 40290812, 53317582, 37400546, 22010658, 175723653, 165222218, 73768585, 222361649, 122267290, 183229434, 110253602, 236404051, 84153860, 126893068, 26600584, 13761399, 219667882, 217646206, 241830177, 9876773, 529557, 31049115, 177676138, 69558821, 243714980, 122743854, 104370347, 60772675, 122493426, 211212441, 84340898, 171023574, 191988092, 6004240, 141975672, 182382331, 60169248, 48856296, 212556591, 125285908, 98653799, 112007566, 217452140, 5555922, 45744348, 73503130, 161775644, 220445681, 117347905, 167087389, 192827476, 136018156, 131109619, 167837843, 182240958, 8391516, 229586495, 213735879, 97850511, 183893057, 194165031, 214936839, 224240891, 154115694, 138837282, 248682662, 216393363, 68549987, 232222394, 1476246, 151179556, 23831083, 186875312, 15363865, 148894419, 175412006, 162336783, 220767862, 257334, 2980324, 159935775, 57531261, 2110292, 132842143, 63114250, 213032620, 38717631, 248261742, 48707030, 206601718, 173305872, 115244695, 148102175, 225262840, 32432694, 95862771]
[239554898, 105465088, 218365829, 203396497, 217698719, 109346344, 97770307, 148322777, 40290812, 53317582, 37400546, 22010658, 175723653, 165222218, 73768585, 222361649, 122267290, 183229434, 110253602, 236404051, 84153860, 126893068, 26600584, 13761399, 219667882, 217646206, 241830177, 9876773, 529557, 31049115, 177676138, 69558821, 243714980, 122743854, 104370347, 60772675, 122493426, 211212441, 84340898, 171023574, 191988092, 6004240, 141975672, 182382331, 60169248, 48856296, 212556591, 125285908, 98653799, 112007566, 217452140, 5555922, 45744348, 73503130, 161775644, 220445681, 117347905, 167087389, 192827476, 136018156, 131109619, 167837843, 182240958, 8391516, 229586495, 213735879, 97850511, 183893057, 194165031, 214936839, 224240891, 154115694, 138837282, 248682662, 216393363, 68549987, 232222394, 1476246, 151179556, 186122913, 60417403, 105641232, 103260047, 84908356, 81305338, 160418988, 65263081, 194339786, 204506009, 248186273, 173008625, 182670290, 29112124, 7406428, 28666481, 106002348, 140172784, 140573007, 131330324, 106371034, 233771060, 210797048, 123696397, 107455590]
[239554898, 105465088, 218365829, 203396497, 217698719, 109346344, 97770307, 148322777, 40290812, 53317582, 37400546, 22010658, 175723653, 165222218, 73768585, 222361649, 122267290, 183229434, 110253602, 236404051, 84153860, 126893068, 26600584, 13761399, 219667882, 217646206, 241830177, 9876773, 529557, 31049115, 177676138, 69558821, 243714980, 122743854, 104370347, 60772675, 122493426, 211212441, 84340898, 171023574, 191988092, 6004240, 141975672, 182382331, 60169248, 48856296, 212556591, 125285908, 98653799, 112007566, 217452140, 5555922, 45744348, 73503130, 161775644, 220445681, 117347905, 167087389, 192827476, 136018156, 131109619, 167837843, 182240958, 8391516, 229586495, 213735879, 97850511, 183893057, 194165031, 214936839, 224240891, 154115694, 138837282, 248682662, 216393363, 68549987, 232222394, 1476246, 151179556, 23831083, 186875312, 15363865, 148894419, 235170124, 151625514, 85970942, 197269257, 56981299, 125621014, 73203161, 14762083, 123527406, 189868651, 238999946, 128491558, 49062058, 181149222, 4814286, 13339562, 182241737, 161025477, 89098560, 194669568, 219740271]
[239554898, 105465088, 218365829, 203396497, 217698719, 109346344, 97770307, 148322777, 40290812, 53317582, 37400546, 22010658, 175723653, 165222218, 73768585, 222361649, 122267290, 183229434, 110253602, 236404051, 84153860, 126893068, 26600584, 13761399, 219667882, 217646206, 241830177, 9876773, 529557, 31049115, 177676138, 69558821, 243714980, 122743854, 104370347, 60772675, 122493426, 211212441, 84340898, 171023574, 191988092, 6004240, 141975672, 182382331, 60169248, 48856296, 212556591, 125285908, 98653799, 112007566, 217452140, 5555922, 45744348, 73503130, 161775644, 220445681, 117347905, 167087389, 192827476, 136018156, 131109619, 167837843, 182240958, 8391516, 229586495, 213735879, 97850511, 183893057, 194165031, 214936839, 224240891, 154115694, 138837282, 248682662, 216393363, 68549987, 232222394, 1476246, 151179556, 23831083, 186875312, 15363865, 148894419, 175412006, 162336783, 220767862, 257334, 2980324, 159935775, 57531261, 2110292, 132842143, 175445337, 201022537, 235968690, 132348050, 57709436, 99097020, 57255372, 127334772, 212907453, 71749435, 115803302, 20875699]
[239554898, 105465088, 218365829, 203396497, 217698719, 109346344, 97770307, 148322777, 40290812, 53317582, 37400546, 22010658, 175723653, 165222218, 73768585, 222361649, 122267290, 183229434, 110253602, 236404051, 84153860, 126893068, 26600584, 13761399, 219667882, 217646206, 241830177, 9876773, 529557, 31049115, 177676138, 69558821, 243714980, 122743854, 104370347, 60772675, 122493426, 211212441, 84340898, 171023574, 191988092, 6004240, 141975672, 182382331, 60169248, 48856296, 212556591, 125285908, 98653799, 112007566, 217452140, 5555922, 45744348, 73503130, 161775644, 220445681, 117347905, 167087389, 192827476, 136018156, 131109619, 167837843, 182240958, 8391516, 229586495, 213735879, 97850511, 183893057, 194165031, 214936839, 224240891, 154115694, 138837282, 248682662, 216393363, 68549987, 232222394, 1476246, 151179556, 23831083, 186875312, 15363865, 148894419, 175412006, 162336783, 220767862, 257334, 140506494, 123970020, 16967665, 83723662, 11943399, 171221150, 19320553, 143875605, 182785584, 203336787, 206664492, 242549690, 34849924, 204734417, 192809519, 99136203, 208402148]
[239554898, 105465088, 218365829, 203396497, 217698719, 109346344, 97770307, 148322777, 40290812, 53317582, 37400546, 22010658, 175723653, 165222218, 73768585, 222361649, 122267290, 183229434, 110253602, 236404051, 84153860, 126893068, 26600584, 13761399, 219667882, 217646206, 241830177, 9876773, 529557, 31049115, 177676138, 69558821, 243714980, 122743854, 104370347, 60772675, 122493426, 211212441, 84340898, 171023574, 191988092, 6004240, 141975672, 182382331, 60169248, 48856296, 212556591, 125285908, 98653799, 112007566, 217452140, 5555922, 45744348, 73503130, 161775644, 220445681, 117347905, 167087389, 192827476, 136018156, 131109619, 167837843, 182240958, 8391516, 229586495, 213735879, 97850511, 183893057, 194165031, 214936839, 224240891, 154115694, 138837282, 248682662, 216393363, 68549987, 232222394, 1476246, 151179556, 23831083, 67522189, 37046337, 30331306, 30809804, 180069300, 109853152, 142626223, 133024700, 213505916, 123561113, 138092197, 82592552, 175310019, 103121523, 23245329, 29484858, 144073463, 104990896, 201160449, 150056184, 1083072, 96436198, 60023183, 128175623]
[239554898, 105465088, 218365829, 203396497, 217698719, 109346344, 97770307, 148322777, 40290812, 53317582, 37400546, 22010658, 175723653, 165222218, 73768585, 222361649, 122267290, 183229434, 110253602, 236404051, 84153860, 126893068, 26600584, 13761399, 219667882, 217646206, 241830177, 9876773, 529557, 31049115, 177676138, 69558821, 243714980, 122743854, 104370347, 60772675, 122493426, 211212441, 84340898, 171023574, 191988092, 6004240, 141975672, 182382331, 60169248, 48856296, 212556591, 125285908, 98653799, 112007566, 217452140, 5555922, 45744348, 73503130, 161775644, 220445681, 117347905, 167087389, 192827476, 136018156, 131109619, 167837843, 182240958, 8391516, 229586495, 213735879, 97850511, 183893057, 194165031, 214936839, 224240891, 154115694, 138837282, 248682662, 216393363, 68549987, 232222394, 1476246, 151179556, 23831083, 186875312, 15363865, 148894419, 175412006, 162336783, 220767862, 257334, 2980324, 159935775, 57531261, 2110292, 132842143, 180764072, 146670478, 219318739, 176835431, 149437895, 124168872, 39918452, 207329894, 33750613, 158351147, 80093491, 38944843]
[239554898, 105465088, 218365829, 203396497, 217698719, 109346344, 97770307, 148322777, 40290812, 53317582, 37400546, 22010658, 175723653, 165222218, 73768585, 222361649, 122267290, 183229434, 110253602, 236404051, 84153860, 126893068, 26600584, 13761399, 219667882, 217646206, 241830177, 9876773, 529557, 31049115, 177676138, 69558821, 243714980, 122743854, 104370347, 60772675, 122493426, 211212441, 84340898, 171023574, 191988092, 6004240, 141975672, 182382331, 60169248, 48856296, 212556591, 125285908, 98653799, 112007566, 217452140, 5555922, 45744348, 73503130, 161775644, 220445681, 117347905, 167087389, 192827476, 30322964, 129797693, 162069456, 20098438, 175458121, 154340491, 200438724, 50980885, 218284050, 41182885, 54506857, 78043547, 1605079, 36994883, 167476512, 84602607, 136635004, 82774592, 181994661, 94214124, 242953261, 177936239, 115570111, 26692013, 2990388, 120026433, 26376298, 118170346, 33166470, 202562618, 46228497, 77391020, 36586039, 72004815, 5868703, 17944968, 237299864, 195166319, 145257292, 50226053, 203079641, 129497923, 244868432, 43100642, 242999929]
[239554898, 105465088, 218365829, 203396497, 217698719, 109346344, 97770307, 148322777, 40290812, 53317582, 37400546, 22010658, 175723653, 165222218, 73768585, 222361649, 122267290, 183229434, 110253602, 236404051, 84153860, 126893068, 26600584, 13761399, 219667882, 217646206, 241830177, 9876773, 529557, 31049115, 177676138, 69558821, 243714980, 122743854, 104370347, 60772675, 122493426, 211212441, 84340898, 171023574, 191988092, 6004240, 141975672, 182382331, 60169248, 48856296, 212556591, 125285908, 98653799, 112007566, 217452140, 5555922, 45744348, 73503130, 161775644, 220445681, 117347905, 167087389, 192827476, 136018156, 131109619, 167837843, 182240958, 8391516, 229586495, 213735879, 97850511, 183893057, 194165031, 214936839, 224240891, 154115694, 138837282, 248682662, 216393363, 68549987, 232222394, 1476246, 151179556, 23831083, 186875312, 15363865, 148894419, 175412006, 168126738, 83924598, 52617114, 228894594, 209367575, 170450776, 39142411, 83496250, 10781404, 229056616, 36842840, 242977381, 2378202, 169840748, 4745758, 7608045, 239845527, 64550968, 182864566, 135213068]
[239554898, 105465088, 218365829, 203396497, 217698719, 109346344, 97770307, 148322777, 40290812, 53317582, 37400546, 22010658, 175723653, 165222218, 73768585, 222361649, 122267290, 183229434, 110253602, 236404051, 84153860, 126893068, 26600584, 13761399, 219667882, 217646206, 241830177, 9876773, 529557, 31049115, 177676138, 69558821, 243714980, 122743854, 104370347, 60772675, 122493426, 211212441, 84340898, 171023574, 191988092, 6004240, 141975672, 182382331, 60169248, 48856296, 212556591, 125285908, 98653799, 112007566, 217452140, 5555922, 45744348, 73503130, 161775644, 220445681, 117347905, 167087389, 192827476, 136018156, 131109619, 167837843, 182240958, 8391516, 229586495, 213735879, 97850511, 183893057, 194165031, 214936839, 224240891, 154115694, 138837282, 248682662, 216393363, 68549987, 232222394, 1476246, 151179556, 23831083, 67522189, 37046337, 30331306, 30809804, 180069300, 109853152, 142626223, 133024700, 117964535, 146059510, 57098611, 91433257, 27596929, 238513360, 108481286, 209948443, 85239108, 132667688, 140155475, 49479876, 83094152, 180645462, 135068001, 170456909]
[239554898, 105465088, 218365829, 203396497, 217698719, 109346344, 97770307, 148322777, 40290812, 53317582, 37400546, 22010658, 175723653, 165222218, 73768585, 222361649, 122267290, 183229434, 110253602, 236404051, 84153860, 126893068, 26600584, 13761399, 219667882, 217646206, 241830177, 9876773, 529557, 31049115, 177676138, 69558821, 243714980, 122743854, 104370347, 60772675, 122493426, 211212441, 84340898, 171023574, 191988092, 6004240, 141975672, 182382331, 60169248, 48856296, 212556591, 125285908, 98653799, 112007566, 217452140, 5555922, 45744348, 73503130, 161775644, 220445681, 117347905, 167087389, 192827476, 30322964, 129797693, 162069456, 20098438, 175458121, 154340491, 200438724, 50980885, 218284050, 35865695, 35960691, 173099041, 248672976, 217120534, 97773753, 5693530, 103311836, 7361823, 87771202, 105809505, 22382340, 39666005, 110445834, 30069573, 233154354, 61206607, 100300322, 78885327, 227733215, 41562605, 118115241, 7826418, 87998904, 17387700, 133758056, 78606632, 246885150, 57813029, 95235287, 212472818, 313799, 18154680, 130454377, 150150738, 206460334]
[239554898, 105465088, 218365829, 203396497, 217698719, 109346344, 97770307, 148322777, 40290812, 53317582, 37400546, 22010658, 175723653, 165222218, 73768585, 222361649, 122267290, 183229434, 110253602, 236404051, 84153860, 126893068, 26600584, 13761399, 219667882, 217646206, 241830177, 9876773, 529557, 31049115, 177676138, 69558821, 243714980, 122743854, 104370347, 60772675, 122493426, 211212441, 84340898, 171023574, 191988092, 6004240, 141975672, 182382331, 60169248, 48856296, 212556591, 125285908, 98653799, 112007566, 217452140, 5555922, 45744348, 73503130, 161775644, 220445681, 117347905, 167087389, 192827476, 136018156, 131109619, 167837843, 182240958, 8391516, 229586495, 213735879, 97850511, 183893057, 194165031, 214936839, 224240891, 154115694, 138837282, 248682662, 216393363, 68549987, 232222394, 1476246, 151179556, 23831083, 67522189, 37046337, 30331306, 30809804, 180069300, 109853152, 142626223, 133024700, 213505916, 145828056, 36192707, 210076901, 18631466, 66249244, 106394530, 98937705, 22280856, 163202874, 204524707, 189094519, 66556174, 83179435, 98173272, 20388605]
[239554898, 105465088, 218365829, 203396497, 217698719, 109346344, 97770307, 148322777, 40290812, 53317582, 37400546, 22010658, 175723653, 165222218, 73768585, 222361649, 122267290, 183229434, 110253602, 236404051, 84153860, 126893068, 26600584, 13761399, 219667882, 217646206, 241830177, 9876773, 529557, 31049115, 177676138, 69558821, 243714980, 122743854, 104370347, 60772675, 122493426, 211212441, 84340898, 171023574, 191988092, 6004240, 141975672, 182382331, 60169248, 48856296, 212556591, 125285908, 98653799, 112007566, 217452140, 5555922, 45744348, 73503130, 161775644, 220445681, 117347905, 167087389, 192827476, 136018156, 131109619, 167837843, 182240958, 8391516, 229586495, 213735879, 97850511, 183893057, 194165031, 214936839, 224240891, 154115694, 138837282, 248682662, 216393363, 68549987, 232222394, 1476246, 151179556, 23831083, 186875312, 15363865, 148894419, 175412006, 162336783, 220767862, 257334, 2980324, 159935775, 57531261, 2110292, 132842143, 63114250, 213032620, 38717631, 248261742, 186829643, 16759472, 143349793, 155185222, 234766588, 210337701, 153314377, 215616302]
[239554898, 105465088, 218365829, 203396497, 217698719, 109346344, 97770307, 148322777, 40290812, 53317582, 37400546, 22010658, 175723653, 165222218, 73768585, 222361649, 122267290, 183229434, 110253602, 236404051, 84153860, 126893068, 26600584, 13761399, 219667882, 217646206, 241830177, 9876773, 529557, 31049115, 177676138, 69558821, 243714980, 122743854, 104370347, 60772675, 122493426, 211212441, 84340898, 171023574, 191988092, 6004240, 141975672, 182382331, 60169248, 48856296, 212556591, 125285908, 98653799, 112007566, 217452140, 5555922, 45744348, 73503130, 161775644, 220445681, 117347905, 167087389, 192827476, 136018156, 131109619, 167837843, 182240958, 8391516, 229586495, 213735879, 97850511, 183893057, 194165031, 214936839, 224240891, 154115694, 138837282, 248682662, 216393363, 68549987, 232222394, 1476246, 151179556, 186122913, 60417403, 105641232, 103260047, 84908356, 81305338, 160418988, 65263081, 194339786, 204506009, 248186273, 173008625, 182670290, 29112124, 7406428, 28666481, 106002348, 140172784, 140573007, 131330324, 106371034, 85853047, 105519168, 209272661, 111150608]
[239554898, 105465088, 218365829, 203396497, 217698719, 109346344, 97770307, 148322777, 40290812, 53317582, 37400546, 22010658, 175723653, 165222218, 73768585, 222361649, 122267290, 183229434, 110253602, 236404051, 84153860, 126893068, 26600584, 13761399, 219667882, 217646206, 241830177, 9876773, 529557, 31049115, 177676138, 69558821, 243714980, 122743854, 104370347, 60772675, 122493426, 211212441, 84340898, 171023574, 191988092, 6004240, 141975672, 182382331, 60169248, 48856296, 212556591, 125285908, 98653799, 112007566, 217452140, 5555922, 45744348, 73503130, 161775644, 220445681, 117347905, 167087389, 192827476, 30322964, 129797693, 162069456, 20098438, 175458121, 154340491, 200438724, 50980885, 218284050, 35865695, 35960691, 173099041, 248672976, 217120534, 97773753, 5693530, 103311836, 7361823, 87771202, 105809505, 22382340, 39666005, 110445834, 30069573, 167718405, 148353367, 35952887, 18398126, 131689514, 87282603, 71592258, 19510767, 36981584, 169901166, 6993812, 97074571, 245927872, 37113438, 55892894, 64155205, 146301572, 188650861, 60395009, 87493582, 141089587]
[239554898, 105465088, 218365829, 203396497, 217698719, 109346344, 97770307, 148322777, 40290812, 53317582, 37400546, 22010658, 175723653, 165222218, 73768585, 222361649, 122267290, 183229434, 110253602, 236404051, 84153860, 126893068, 26600584, 13761399, 219667882, 217646206, 241830177, 9876773, 529557, 31049115, 177676138, 69558821, 243714980, 122743854, 104370347, 60772675, 122493426, 211212441, 84340898, 171023574, 191988092, 6004240, 141975672, 182382331, 60169248, 48856296, 212556591, 125285908, 98653799, 112007566, 217452140, 5555922, 45744348, 73503130, 161775644, 220445681, 117347905, 167087389, 192827476, 136018156, 131109619, 167837843, 182240958, 8391516, 229586495, 213735879, 97850511, 183893057, 194165031, 214936839, 224240891, 154115694, 138837282, 248682662, 216393363, 68549987, 232222394, 1476246, 151179556, 23831083, 186875312, 15363865, 148894419, 235170124, 151625514, 85970942, 197269257, 56981299, 125621014, 73203161, 14762083, 123527406, 189868651, 238999946, 128491558, 49062058, 181149222, 4814286, 13339562, 182241737, 161025477, 89098560, 194669568, 40137463]
[239554898, 105465088, 218365829, 203396497, 217698719, 109346344, 97770307, 148322777, 40290812, 53317582, 37400546, 22010658, 175723653, 165222218, 73768585, 222361649, 122267290, 183229434, 110253602, 236404051, 84153860, 126893068, 26600584, 13761399, 219667882, 217646206, 241830177, 9876773, 529557, 31049115, 177676138, 69558821, 243714980, 122743854, 104370347, 60772675, 122493426, 211212441, 84340898, 171023574, 191988092, 6004240, 141975672, 182382331, 60169248, 48856296, 212556591, 125285908, 98653799, 112007566, 217452140, 5555922, 45744348, 73503130, 161775644, 220445681, 117347905, 167087389, 192827476, 136018156, 131109619, 167837843, 182240958, 8391516, 229586495, 213735879, 97850511, 183893057, 194165031, 214936839, 224240891, 154115694, 138837282, 248682662, 216393363, 68549987, 232222394, 1476246, 151179556, 23831083, 186875312, 15363865, 148894419, 175412006, 162336783, 220767862, 257334, 2980324, 159935775, 57531261, 2110292, 132842143, 63114250, 213032620, 38717631, 248261742, 48707030, 100452116, 49515169, 85570848, 196077551, 54466556, 220309051, 149795932]
[239554898, 105465088, 218365829, 203396497, 217698719, 109346344, 97770307, 148322777, 40290812, 53317582, 37400546, 22010658, 175723653, 165222218, 73768585, 222361649, 122267290, 183229434, 110253602, 236404051, 84153860, 126893068, 26600584, 13761399, 219667882, 217646206, 241830177, 9876773, 529557, 31049115, 177676138, 69558821, 243714980, 122743854, 104370347, 60772675, 122493426, 211212441, 84340898, 171023574, 191988092, 6004240, 141975672, 182382331, 60169248, 48856296, 212556591, 125285908, 98653799, 112007566, 217452140, 5555922, 45744348, 73503130, 161775644, 220445681, 117347905, 167087389, 192827476, 136018156, 131109619, 167837843, 182240958, 8391516, 229586495, 213735879, 97850511, 183893057, 194165031, 214936839, 224240891, 154115694, 138837282, 248682662, 216393363, 68549987, 232222394, 1476246, 151179556, 23831083, 186875312, 15363865, 148894419, 175412006, 162336783, 220767862, 257334, 2980324, 159935775, 57531261, 2110292, 132842143, 63114250, 213032620, 38717631, 248261742, 186829643, 117770311, 128697965, 224230569, 187147321, 175949116, 63097388, 115573680]
[239554898, 105465088, 218365829, 203396497, 217698719, 109346344, 97770307, 148322777, 40290812, 53317582, 37400546, 22010658, 175723653, 165222218, 73768585, 222361649, 122267290, 183229434, 110253602, 236404051, 84153860, 126893068, 26600584, 13761399, 219667882, 217646206, 241830177, 9876773, 529557, 31049115, 177676138, 69558821, 243714980, 122743854, 104370347, 60772675, 122493426, 211212441, 84340898, 171023574, 191988092, 6004240, 141975672, 182382331, 60169248, 48856296, 212556591, 125285908, 98653799, 112007566, 217452140, 5555922, 45744348, 73503130, 161775644, 220445681, 117347905, 167087389, 192827476, 136018156, 131109619, 167837843, 182240958, 8391516, 229586495, 213735879, 97850511, 183893057, 194165031, 214936839, 224240891, 154115694, 138837282, 248682662, 216393363, 68549987, 232222394, 1476246, 151179556, 23831083, 186875312, 15363865, 148894419, 175412006, 162336783, 220767862, 257334, 2980324, 159935775, 57531261, 2110292, 132842143, 63114250, 213032620, 38717631, 248261742, 48707030, 206601718, 173305872, 115244695, 80959837, 56751891, 234836021, 168814117]
[239554898, 105465088, 218365829, 203396497, 217698719, 109346344, 97770307, 148322777, 40290812, 53317582, 37400546, 22010658, 175723653, 165222218, 73768585, 222361649, 122267290, 183229434, 110253602, 236404051, 84153860, 126893068, 26600584, 13761399, 219667882, 217646206, 241830177, 9876773, 529557, 31049115, 177676138, 69558821, 243714980, 122743854, 104370347, 60772675, 122493426, 211212441, 84340898, 171023574, 191988092, 6004240, 141975672, 182382331, 60169248, 48856296, 212556591, 125285908, 98653799, 112007566, 217452140, 5555922, 45744348, 73503130, 161775644, 220445681, 117347905, 167087389, 192827476, 136018156, 131109619, 167837843, 182240958, 8391516, 229586495, 213735879, 97850511, 183893057, 194165031, 214936839, 224240891, 154115694, 138837282, 248682662, 216393363, 68549987, 232222394, 1476246, 151179556, 23831083, 67522189, 37046337, 30331306, 30809804, 25267365, 236085028, 54752257, 31154509, 112833706, 2456493, 157810119, 226487189, 246327151, 107864561, 54224376, 208770211, 220726170, 111704643, 93948395, 239805839, 188662385, 100744196, 51563150, 46546007]
[239554898, 105465088, 218365829, 203396497, 217698719, 109346344, 97770307, 148322777, 40290812, 53317582, 37400546, 22010658, 175723653, 165222218, 73768585, 222361649, 122267290, 183229434, 110253602, 236404051, 84153860, 126893068, 26600584, 13761399, 219667882, 217646206, 241830177, 9876773, 529557, 31049115, 177676138, 69558821, 243714980, 122743854, 104370347, 60772675, 122493426, 211212441, 84340898, 171023574, 191988092, 6004240, 141975672, 182382331, 60169248, 48856296, 212556591, 125285908, 98653799, 112007566, 217452140, 5555922, 45744348, 73503130, 161775644, 220445681, 117347905, 167087389, 192827476, 136018156, 131109619, 167837843, 182240958, 8391516, 229586495, 213735879, 97850511, 183893057, 194165031, 214936839, 224240891, 154115694, 138837282, 248682662, 216393363, 68549987, 232222394, 1476246, 151179556, 186122913, 60417403, 105641232, 103260047, 84908356, 81305338, 211941960, 104809977, 2487619, 39174934, 92465273, 217030056, 182049469, 242040077, 19631697, 184520543, 5942112, 145431116, 178848958, 146955908, 248404724, 155492078, 125238473, 60155890, 148064071]
[239554898, 105465088, 218365829, 203396497, 217698719, 109346344, 97770307, 148322777, 40290812, 53317582, 37400546, 22010658, 175723653, 165222218, 73768585, 222361649, 122267290, 183229434, 110253602, 236404051, 84153860, 126893068, 26600584, 13761399, 219667882, 217646206, 241830177, 9876773, 529557, 31049115, 177676138, 69558821, 243714980, 122743854, 104370347, 60772675, 122493426, 211212441, 84340898, 171023574, 191988092, 6004240, 141975672, 182382331, 60169248, 48856296, 212556591, 125285908, 98653799, 112007566, 217452140, 5555922, 45744348, 73503130, 161775644, 220445681, 117347905, 167087389, 192827476, 30322964, 129797693, 162069456, 20098438, 175458121, 154340491, 200438724, 50980885, 218284050, 35865695, 35960691, 173099041, 248672976, 217120534, 97773753, 5693530, 103311836, 7361823, 87771202, 105809505, 22382340, 39666005, 202644599, 8269985, 227419249, 183354607, 194933427, 13040324, 200577707, 182868465, 214988932, 217080839, 134840078, 12674506, 208612539, 135818552, 131881721, 19970264, 18862316, 247540603, 101585852, 131733722, 180968301, 202847177, 28631013]
[239554898, 105465088, 218365829, 203396497, 217698719, 109346344, 97770307, 148322777, 40290812, 53317582, 37400546, 22010658, 175723653, 165222218, 73768585, 222361649, 122267290, 183229434, 110253602, 236404051, 84153860, 126893068, 26600584, 13761399, 219667882, 217646206, 241830177, 9876773, 529557, 31049115, 177676138, 69558821, 243714980, 122743854, 104370347, 60772675, 122493426, 211212441, 84340898, 171023574, 191988092, 6004240, 141975672, 182382331, 60169248, 48856296, 212556591, 125285908, 98653799, 112007566, 217452140, 5555922, 45744348, 73503130, 161775644, 220445681, 117347905, 167087389, 192827476, 136018156, 131109619, 167837843, 182240958, 8391516, 229586495, 213735879, 97850511, 183893057, 194165031, 214936839, 224240891, 154115694, 138837282, 248682662, 216393363, 68549987, 232222394, 1476246, 151179556, 23831083, 186875312, 15363865, 148894419, 175412006, 162336783, 220767862, 257334, 2980324, 159935775, 57531261, 2110292, 132842143, 175445337, 3218014, 59524486, 195873983, 134969456, 242249109, 186640499, 119914522, 166939565, 214474418, 126915482, 201028165]
[239554898, 105465088, 218365829, 203396497, 217698719, 109346344, 97770307, 148322777, 40290812, 53317582, 37400546, 22010658, 175723653, 165222218, 73768585, 222361649, 122267290, 183229434, 110253602, 236404051, 84153860, 126893068, 26600584, 13761399, 219667882, 217646206, 241830177, 9876773, 529557, 31049115, 177676138, 69558821, 243714980, 122743854, 104370347, 60772675, 122493426, 211212441, 84340898, 171023574, 191988092, 6004240, 141975672, 182382331, 60169248, 48856296, 212556591, 125285908, 98653799, 112007566, 217452140, 5555922, 45744348, 73503130, 161775644, 220445681, 117347905, 167087389, 192827476, 136018156, 131109619, 167837843, 182240958, 8391516, 229586495, 213735879, 97850511, 183893057, 194165031, 214936839, 224240891, 154115694, 138837282, 248682662, 216393363, 68549987, 232222394, 1476246, 151179556, 23831083, 186875312, 15363865, 148894419, 235170124, 151625514, 85970942, 197269257, 56981299, 125621014, 73203161, 14762083, 123527406, 189868651, 238999946, 128491558, 49062058, 181149222, 4814286, 70349429, 17899699, 109362641, 69449907, 78648950, 248820343]
[239554898, 105465088, 218365829, 203396497, 217698719, 109346344, 97770307, 148322777, 40290812, 53317582, 37400546, 22010658, 175723653, 165222218, 73768585, 222361649, 122267290, 183229434, 110253602, 236404051, 84153860, 126893068, 26600584, 13761399, 219667882, 217646206, 241830177, 9876773, 529557, 31049115, 177676138, 69558821, 243714980, 122743854, 104370347, 60772675, 122493426, 211212441, 84340898, 171023574, 191988092, 6004240, 141975672, 182382331, 60169248, 48856296, 212556591, 125285908, 98653799, 112007566, 217452140, 5555922, 45744348, 73503130, 161775644, 220445681, 117347905, 167087389, 192827476, 136018156, 131109619, 167837843, 182240958, 8391516, 229586495, 213735879, 97850511, 183893057, 194165031, 214936839, 224240891, 154115694, 138837282, 248682662, 216393363, 68549987, 232222394, 1476246, 151179556, 23831083, 67522189, 37046337, 30331306, 30809804, 180069300, 109853152, 142626223, 133024700, 117964535, 146059510, 57098611, 91433257, 27596929, 238513360, 158285182, 6900631, 93749637, 49967267, 907908, 69378306, 96402321, 58512091, 123506329, 153721120]
[239554898, 105465088, 218365829, 203396497, 217698719, 109346344, 97770307, 148322777, 40290812, 53317582, 37400546, 22010658, 175723653, 165222218, 73768585, 222361649, 122267290, 183229434, 110253602, 236404051, 84153860, 126893068, 26600584, 13761399, 219667882, 217646206, 241830177, 9876773, 529557, 31049115, 177676138, 69558821, 243714980, 122743854, 104370347, 60772675, 122493426, 211212441, 84340898, 171023574, 191988092, 6004240, 141975672, 182382331, 60169248, 48856296, 212556591, 125285908, 98653799, 112007566, 217452140, 5555922, 45744348, 73503130, 161775644, 220445681, 117347905, 167087389, 192827476, 136018156, 131109619, 167837843, 182240958, 8391516, 229586495, 213735879, 97850511, 183893057, 194165031, 214936839, 224240891, 154115694, 138837282, 248682662, 216393363, 68549987, 232222394, 1476246, 151179556, 23831083, 186875312, 15363865, 148894419, 175412006, 162336783, 220767862, 257334, 2980324, 159935775, 57531261, 2110292, 132842143, 175445337, 201022537, 235968690, 132348050, 57709436, 99097020, 57255372, 32505495, 238602531, 48515095, 118340595, 210039922]
[239554898, 105465088, 218365829, 203396497, 217698719, 109346344, 97770307, 148322777, 40290812, 53317582, 37400546, 22010658, 175723653, 165222218, 73768585, 222361649, 122267290, 183229434, 110253602, 236404051, 84153860, 126893068, 26600584, 13761399, 219667882, 217646206, 241830177, 9876773, 529557, 31049115, 177676138, 69558821, 243714980, 122743854, 104370347, 60772675, 122493426, 211212441, 84340898, 171023574, 191988092, 6004240, 141975672, 182382331, 60169248, 48856296, 212556591, 125285908, 98653799, 112007566, 217452140, 5555922, 45744348, 73503130, 161775644, 220445681, 117347905, 167087389, 192827476, 136018156, 131109619, 167837843, 182240958, 8391516, 229586495, 213735879, 97850511, 183893057, 194165031, 214936839, 224240891, 154115694, 138837282, 248682662, 216393363, 68549987, 232222394, 1476246, 151179556, 23831083, 67522189, 37046337, 30331306, 30809804, 180069300, 109853152, 142626223, 133024700, 117964535, 146059510, 57098611, 91433257, 27596929, 238513360, 108481286, 209948443, 85239108, 132667688, 140155475, 49479876, 83094152, 184349964, 74895170, 41786971]
[239554898, 105465088, 218365829, 203396497, 217698719, 109346344, 97770307, 148322777, 40290812, 53317582, 37400546, 22010658, 175723653, 165222218, 73768585, 222361649, 122267290, 183229434, 110253602, 236404051, 84153860, 126893068, 26600584, 13761399, 219667882, 217646206, 241830177, 9876773, 529557, 31049115, 177676138, 69558821, 243714980, 122743854, 104370347, 60772675, 122493426, 211212441, 84340898, 171023574, 191988092, 6004240, 141975672, 182382331, 60169248, 48856296, 212556591, 125285908, 98653799, 112007566, 217452140, 5555922, 45744348, 73503130, 161775644, 220445681, 117347905, 167087389, 192827476, 30322964, 129797693, 162069456, 20098438, 175458121, 154340491, 200438724, 50980885, 218284050, 35865695, 35960691, 173099041, 248672976, 217120534, 97773753, 5693530, 103311836, 7361823, 87771202, 105809505, 22382340, 39666005, 202644599, 8269985, 227419249, 183354607, 194933427, 13040324, 200577707, 182868465, 214988932, 217080839, 134840078, 122769596, 246142629, 68179485, 171653099, 397352, 133878064, 127272763, 209264059, 200638571, 82573626, 92803496, 84806574]
[239554898, 105465088, 218365829, 203396497, 217698719, 109346344, 97770307, 148322777, 40290812, 53317582, 37400546, 22010658, 175723653, 165222218, 73768585, 222361649, 122267290, 183229434, 110253602, 236404051, 84153860, 126893068, 26600584, 13761399, 219667882, 217646206, 241830177, 9876773, 529557, 31049115, 177676138, 69558821, 243714980, 122743854, 104370347, 60772675, 122493426, 211212441, 84340898, 171023574, 191988092, 6004240, 141975672, 182382331, 60169248, 48856296, 212556591, 125285908, 98653799, 112007566, 217452140, 5555922, 45744348, 73503130, 161775644, 220445681, 117347905, 167087389, 192827476, 136018156, 131109619, 167837843, 182240958, 8391516, 229586495, 213735879, 97850511, 183893057, 194165031, 214936839, 224240891, 154115694, 138837282, 248682662, 216393363, 68549987, 232222394, 1476246, 151179556, 23831083, 67522189, 37046337, 30331306, 30809804, 25267365, 33628761, 120843493, 60323715, 161552165, 221715995, 217892344, 19173152, 10149374, 172341237, 132632039, 213864804, 173890789, 108364976, 175221064, 106603090, 79437741, 35714229, 72312357, 222219617]
[239554898, 105465088, 218365829, 203396497, 217698719, 109346344, 97770307, 148322777, 40290812, 53317582, 37400546, 22010658, 175723653, 165222218, 73768585, 222361649, 122267290, 183229434, 110253602, 236404051, 84153860, 126893068, 26600584, 13761399, 219667882, 217646206, 241830177, 9876773, 529557, 31049115, 177676138, 69558821, 243714980, 122743854, 104370347, 60772675, 122493426, 211212441, 84340898, 171023574, 191988092, 6004240, 141975672, 182382331, 60169248, 48856296, 212556591, 125285908, 98653799, 112007566, 217452140, 5555922, 45744348, 73503130, 161775644, 220445681, 117347905, 167087389, 192827476, 136018156, 131109619, 167837843, 182240958, 8391516, 229586495, 213735879, 97850511, 183893057, 194165031, 214936839, 224240891, 154115694, 138837282, 248682662, 216393363, 68549987, 232222394, 1476246, 151179556, 23831083, 186875312, 15363865, 148894419, 175412006, 162336783, 220767862, 257334, 2980324, 159935775, 57531261, 2110292, 132842143, 175445337, 3218014, 59524486, 195873983, 87095342, 193685140, 204582971, 196083750, 170630556, 218822278, 146450497, 60852596]
[239554898, 105465088, 218365829, 203396497, 217698719, 109346344, 97770307, 148322777, 40290812, 53317582, 37400546, 22010658, 175723653, 165222218, 73768585, 222361649, 122267290, 183229434, 110253602, 236404051, 84153860, 126893068, 26600584, 13761399, 219667882, 217646206, 241830177, 9876773, 529557, 31049115, 177676138, 69558821, 243714980, 122743854, 104370347, 60772675, 122493426, 211212441, 84340898, 171023574, 191988092, 6004240, 141975672, 182382331, 60169248, 48856296, 212556591, 125285908, 98653799, 112007566, 217452140, 5555922, 45744348, 73503130, 161775644, 220445681, 117347905, 167087389, 192827476, 136018156, 131109619, 167837843, 182240958, 8391516, 229586495, 213735879, 97850511, 183893057, 194165031, 214936839, 224240891, 154115694, 138837282, 248682662, 216393363, 68549987, 232222394, 1476246, 151179556, 23831083, 67522189, 37046337, 30331306, 30809804, 180069300, 109853152, 142626223, 133024700, 117964535, 146059510, 57098611, 73333121, 165472275, 247574085, 38256730, 108458298, 17314258, 63296127, 167988758, 141713045, 212099760, 158325554, 207890882, 176071617]
[239554898, 105465088, 218365829, 203396497, 217698719, 109346344, 97770307, 148322777, 40290812, 53317582, 37400546, 22010658, 175723653, 165222218, 73768585, 222361649, 122267290, 183229434, 110253602, 236404051, 84153860, 126893068, 26600584, 13761399, 219667882, 217646206, 241830177, 9876773, 529557, 31049115, 177676138, 69558821, 243714980, 122743854, 104370347, 60772675, 122493426, 211212441, 84340898, 171023574, 191988092, 6004240, 141975672, 182382331, 60169248, 48856296, 212556591, 125285908, 98653799, 112007566, 217452140, 5555922, 45744348, 73503130, 161775644, 220445681, 117347905, 167087389, 192827476, 136018156, 131109619, 167837843, 182240958, 8391516, 229586495, 213735879, 97850511, 183893057, 194165031, 214936839, 224240891, 154115694, 138837282, 248682662, 216393363, 68549987, 232222394, 1476246, 151179556, 23831083, 67522189, 37046337, 30331306, 30809804, 25267365, 33628761, 120843493, 60323715, 141937992, 214517939, 159351707, 225092483, 171806910, 228378040, 237812772, 201916728, 165088190, 186778219, 14214200, 210875311, 56560810, 155182725, 72663516, 16681251]
[239554898, 105465088, 218365829, 203396497, 217698719, 109346344, 97770307, 148322777, 40290812, 53317582, 37400546, 22010658, 175723653, 165222218, 73768585, 222361649, 122267290, 183229434, 110253602, 236404051, 84153860, 126893068, 26600584, 13761399, 219667882, 217646206, 241830177, 9876773, 529557, 31049115, 177676138, 69558821, 243714980, 122743854, 104370347, 60772675, 122493426, 211212441, 84340898, 171023574, 191988092, 6004240, 141975672, 182382331, 60169248, 48856296, 212556591, 125285908, 98653799, 112007566, 217452140, 5555922, 45744348, 73503130, 161775644, 220445681, 117347905, 167087389, 192827476, 136018156, 131109619, 167837843, 182240958, 8391516, 229586495, 213735879, 97850511, 183893057, 194165031, 214936839, 224240891, 154115694, 138837282, 248682662, 216393363, 68549987, 232222394, 1476246, 151179556, 23831083, 67522189, 37046337, 30331306, 30809804, 25267365, 33628761, 120843493, 60323715, 141937992, 214517939, 159351707, 225092483, 171806910, 14044454, 242868175, 51611021, 103323002, 82673646, 128261622, 71717810, 115286069, 44242052, 154711270, 154759699]
[239554898, 105465088, 218365829, 203396497, 217698719, 109346344, 97770307, 148322777, 40290812, 53317582, 37400546, 22010658, 175723653, 165222218, 73768585, 222361649, 122267290, 183229434, 110253602, 236404051, 84153860, 126893068, 26600584, 13761399, 219667882, 217646206, 241830177, 9876773, 529557, 31049115, 177676138, 69558821, 243714980, 122743854, 104370347, 60772675, 122493426, 211212441, 84340898, 171023574, 191988092, 6004240, 141975672, 182382331, 60169248, 48856296, 212556591, 125285908, 98653799, 112007566, 217452140, 5555922, 45744348, 73503130, 161775644, 220445681, 117347905, 167087389, 192827476, 136018156, 131109619, 167837843, 182240958, 8391516, 229586495, 213735879, 97850511, 183893057, 194165031, 214936839, 224240891, 154115694, 138837282, 248682662, 216393363, 68549987, 232222394, 1476246, 151179556, 23831083, 186875312, 15363865, 148894419, 175412006, 162336783, 220767862, 257334, 140506494, 123970020, 16967665, 162188528, 9006925, 16419828, 9832030, 101231843, 242806185, 184700778, 178941896, 229122355, 186011294, 238674224, 100111295, 130903997, 217122199]
[239554898, 105465088, 218365829, 203396497, 217698719, 109346344, 97770307, 148322777, 40290812, 53317582, 37400546, 22010658, 175723653, 165222218, 73768585, 222361649, 122267290, 183229434, 110253602, 236404051, 84153860, 126893068, 26600584, 13761399, 219667882, 217646206, 241830177, 9876773, 529557, 31049115, 177676138, 69558821, 243714980, 122743854, 104370347, 60772675, 122493426, 211212441, 84340898, 171023574, 191988092, 6004240, 141975672, 182382331, 60169248, 48856296, 212556591, 125285908, 98653799, 112007566, 217452140, 5555922, 45744348, 73503130, 161775644, 220445681, 117347905, 167087389, 192827476, 136018156, 131109619, 167837843, 182240958, 8391516, 229586495, 213735879, 97850511, 183893057, 194165031, 214936839, 224240891, 154115694, 138837282, 248682662, 216393363, 68549987, 232222394, 1476246, 151179556, 23831083, 186875312, 15363865, 148894419, 175412006, 162336783, 220767862, 257334, 143166041, 24692386, 98064457, 86943863, 188097428, 130804698, 214226392, 65375030, 240064347, 110050142, 141194250, 230085431, 242552439, 56115484, 129589269, 58531180, 85633506]
[239554898, 105465088, 218365829, 203396497, 217698719, 109346344, 97770307, 148322777, 40290812, 53317582, 37400546, 22010658, 175723653, 165222218, 73768585, 222361649, 122267290, 183229434, 110253602, 236404051, 84153860, 126893068, 26600584, 13761399, 219667882, 217646206, 241830177, 9876773, 529557, 31049115, 177676138, 69558821, 243714980, 122743854, 104370347, 60772675, 122493426, 211212441, 84340898, 171023574, 191988092, 6004240, 141975672, 182382331, 60169248, 48856296, 212556591, 125285908, 98653799, 112007566, 217452140, 5555922, 45744348, 73503130, 161775644, 220445681, 117347905, 167087389, 192827476, 30322964, 129797693, 162069456, 20098438, 175458121, 154340491, 200438724, 50980885, 218284050, 35865695, 35960691, 173099041, 248672976, 217120534, 97773753, 5693530, 103311836, 7361823, 87771202, 105809505, 22382340, 39666005, 211138031, 237289648, 127792591, 85735309, 129496565, 133017403, 3933562, 37594583, 196620516, 204446109, 211386866, 37705998, 182757901, 21873008, 81091200, 25306119, 181570758, 36733693, 204638271, 213591414, 209776086, 33270744, 48353085]
[239554898, 105465088, 218365829, 203396497, 217698719, 109346344, 97770307, 148322777, 40290812, 53317582, 37400546, 22010658, 175723653, 165222218, 73768585, 222361649, 122267290, 183229434, 110253602, 236404051, 84153860, 126893068, 26600584, 13761399, 219667882, 217646206, 241830177, 9876773, 529557, 31049115, 177676138, 69558821, 243714980, 122743854, 104370347, 60772675, 122493426, 211212441, 84340898, 171023574, 191988092, 6004240, 141975672, 182382331, 60169248, 48856296, 212556591, 125285908, 98653799, 112007566, 217452140, 5555922, 45744348, 73503130, 161775644, 220445681, 117347905, 167087389, 192827476, 136018156, 131109619, 167837843, 182240958, 8391516, 229586495, 213735879, 97850511, 183893057, 194165031, 214936839, 224240891, 154115694, 138837282, 248682662, 216393363, 68549987, 232222394, 1476246, 151179556, 23831083, 67522189, 37046337, 30331306, 30809804, 180069300, 109853152, 142626223, 133024700, 117964535, 146059510, 67770928, 76232463, 91833605, 163571838, 57833901, 132943840, 243014716, 248411386, 126177860, 240123924, 59703790, 213515285, 187445462, 242160957]
[239554898, 105465088, 218365829, 203396497, 217698719, 109346344, 97770307, 148322777, 40290812, 53317582, 37400546, 22010658, 175723653, 165222218, 73768585, 222361649, 122267290, 183229434, 110253602, 236404051, 84153860, 126893068, 26600584, 13761399, 219667882, 217646206, 241830177, 9876773, 529557, 31049115, 177676138, 69558821, 243714980, 122743854, 104370347, 60772675, 122493426, 211212441, 84340898, 171023574, 191988092, 6004240, 141975672, 182382331, 60169248, 48856296, 212556591, 125285908, 98653799, 112007566, 217452140, 5555922, 45744348, 73503130, 161775644, 220445681, 117347905, 167087389, 192827476, 30322964, 129797693, 162069456, 20098438, 175458121, 154340491, 200438724, 50980885, 218284050, 35865695, 35960691, 173099041, 248672976, 217120534, 97773753, 5693530, 103311836, 7361823, 87771202, 105809505, 22382340, 39666005, 110445834, 30069573, 233154354, 61206607, 100300322, 78885327, 227733215, 41562605, 118115241, 7826418, 87998904, 17387700, 133758056, 78606632, 246885150, 57813029, 95235287, 212472818, 313799, 18154680, 130454377, 150150738, 116649901]
[239554898, 105465088, 218365829, 203396497, 217698719, 109346344, 97770307, 148322777, 40290812, 53317582, 37400546, 22010658, 175723653, 165222218, 73768585, 222361649, 122267290, 183229434, 110253602, 236404051, 84153860, 126893068, 26600584, 13761399, 219667882, 217646206, 241830177, 9876773, 529557, 31049115, 177676138, 69558821, 243714980, 122743854, 104370347, 60772675, 122493426, 211212441, 84340898, 171023574, 191988092, 6004240, 141975672, 182382331, 60169248, 48856296, 212556591, 125285908, 98653799, 112007566, 217452140, 5555922, 45744348, 73503130, 161775644, 220445681, 117347905, 167087389, 192827476, 136018156, 131109619, 167837843, 182240958, 8391516, 229586495, 213735879, 97850511, 183893057, 194165031, 214936839, 224240891, 154115694, 138837282, 248682662, 216393363, 68549987, 232222394, 1476246, 151179556, 23831083, 67522189, 37046337, 30331306, 30809804, 180069300, 109853152, 142626223, 133024700, 213505916, 123561113, 138092197, 82592552, 175310019, 103121523, 23245329, 29484858, 144073463, 104990896, 201160449, 150056184, 1384566, 193317298, 163006192, 32883540]
[239554898, 105465088, 218365829, 203396497, 217698719, 109346344, 97770307, 148322777, 40290812, 53317582, 37400546, 22010658, 175723653, 165222218, 73768585, 222361649, 122267290, 183229434, 110253602, 236404051, 84153860, 126893068, 26600584, 13761399, 219667882, 217646206, 241830177, 9876773, 529557, 31049115, 177676138, 69558821, 243714980, 122743854, 104370347, 60772675, 122493426, 211212441, 84340898, 171023574, 191988092, 6004240, 141975672, 182382331, 60169248, 48856296, 212556591, 125285908, 98653799, 112007566, 217452140, 5555922, 45744348, 73503130, 161775644, 220445681, 117347905, 167087389, 192827476, 30322964, 129797693, 162069456, 20098438, 175458121, 154340491, 200438724, 50980885, 218284050, 35865695, 35960691, 173099041, 248672976, 217120534, 97773753, 5693530, 103311836, 7361823, 87771202, 105809505, 22382340, 39666005, 211138031, 237289648, 127792591, 85735309, 129496565, 133017403, 3933562, 37594583, 196620516, 204446109, 211386866, 37705998, 182757901, 21873008, 81091200, 25306119, 181570758, 36733693, 204638271, 213591414, 209776086, 125405362, 82502342]
[239554898, 105465088, 218365829, 203396497, 217698719, 109346344, 97770307, 148322777, 40290812, 53317582, 37400546, 22010658, 175723653, 165222218, 73768585, 222361649, 122267290, 183229434, 110253602, 236404051, 84153860, 126893068, 26600584, 13761399, 219667882, 217646206, 241830177, 9876773, 529557, 31049115, 177676138, 69558821, 243714980, 122743854, 104370347, 60772675, 122493426, 211212441, 84340898, 171023574, 191988092, 6004240, 141975672, 182382331, 60169248, 48856296, 212556591, 125285908, 98653799, 112007566, 217452140, 5555922, 45744348, 73503130, 161775644, 220445681, 117347905, 167087389, 192827476, 136018156, 131109619, 167837843, 182240958, 8391516, 229586495, 213735879, 97850511, 183893057, 194165031, 214936839, 224240891, 154115694, 138837282, 248682662, 216393363, 68549987, 232222394, 1476246, 151179556, 23831083, 186875312, 15363865, 148894419, 235170124, 151625514, 85970942, 197269257, 56981299, 125621014, 73203161, 14762083, 123527406, 189868651, 238999946, 128491558, 49062058, 181149222, 4814286, 70349429, 17899699, 109362641, 69449907, 78648950, 50626578]
[239554898, 105465088, 218365829, 203396497, 217698719, 109346344, 97770307, 148322777, 40290812, 53317582, 37400546, 22010658, 175723653, 165222218, 73768585, 222361649, 122267290, 183229434, 110253602, 236404051, 84153860, 126893068, 26600584, 13761399, 219667882, 217646206, 241830177, 9876773, 529557, 31049115, 177676138, 69558821, 243714980, 122743854, 104370347, 60772675, 122493426, 211212441, 84340898, 171023574, 191988092, 6004240, 141975672, 182382331, 60169248, 48856296, 212556591, 125285908, 98653799, 112007566, 217452140, 5555922, 45744348, 73503130, 161775644, 220445681, 117347905, 167087389, 192827476, 136018156, 131109619, 167837843, 182240958, 8391516, 229586495, 213735879, 97850511, 183893057, 194165031, 214936839, 224240891, 154115694, 138837282, 248682662, 216393363, 68549987, 232222394, 1476246, 151179556, 23831083, 67522189, 37046337, 30331306, 30809804, 25267365, 33628761, 120843493, 60323715, 141937992, 214517939, 159351707, 225092483, 171806910, 228378040, 237812772, 201916728, 165088190, 120809138, 27268558, 17235598, 136956451, 192226443, 125751884, 197175251]
[239554898, 105465088, 218365829, 203396497, 217698719, 109346344, 97770307, 148322777, 40290812, 53317582, 37400546, 22010658, 175723653, 165222218, 73768585, 222361649, 122267290, 183229434, 110253602, 236404051, 84153860, 126893068, 26600584, 13761399, 219667882, 217646206, 241830177, 9876773, 529557, 31049115, 177676138, 69558821, 243714980, 122743854, 104370347, 60772675, 122493426, 211212441, 84340898, 171023574, 191988092, 6004240, 141975672, 182382331, 60169248, 48856296, 212556591, 125285908, 98653799, 112007566, 217452140, 5555922, 45744348, 73503130, 161775644, 220445681, 117347905, 167087389, 192827476, 136018156, 131109619, 167837843, 182240958, 8391516, 229586495, 213735879, 97850511, 183893057, 194165031, 214936839, 224240891, 154115694, 138837282, 248682662, 216393363, 68549987, 232222394, 1476246, 151179556, 23831083, 67522189, 37046337, 30331306, 30809804, 180069300, 109853152, 142626223, 133024700, 117964535, 146059510, 57098611, 91433257, 27596929, 238513360, 108481286, 209948443, 85239108, 132667688, 85000668, 218751899, 117862195, 213227027, 101058542, 155386102]
[239554898, 105465088, 218365829, 203396497, 217698719, 109346344, 97770307, 148322777, 40290812, 53317582, 37400546, 22010658, 175723653, 165222218, 73768585, 222361649, 122267290, 183229434, 110253602, 236404051, 84153860, 126893068, 26600584, 13761399, 219667882, 217646206, 241830177, 9876773, 529557, 31049115, 177676138, 69558821, 243714980, 122743854, 104370347, 60772675, 122493426, 211212441, 84340898, 171023574, 191988092, 6004240, 141975672, 182382331, 60169248, 48856296, 212556591, 125285908, 98653799, 112007566, 217452140, 5555922, 45744348, 73503130, 161775644, 220445681, 117347905, 167087389, 192827476, 136018156, 131109619, 167837843, 182240958, 8391516, 229586495, 213735879, 97850511, 183893057, 194165031, 214936839, 224240891, 154115694, 138837282, 248682662, 216393363, 68549987, 232222394, 1476246, 151179556, 23831083, 67522189, 37046337, 30331306, 30809804, 180069300, 32947905, 205930261, 16667085, 210298056, 203809029, 78308169, 16378318, 196407529, 15753659, 160485131, 164523539, 69485263, 87357724, 10232706, 28337702, 49003948, 104445823, 88181501, 234790755]
[239554898, 105465088, 218365829, 203396497, 217698719, 109346344, 97770307, 148322777, 40290812, 53317582, 37400546, 22010658, 175723653, 165222218, 73768585, 222361649, 122267290, 183229434, 110253602, 236404051, 84153860, 126893068, 26600584, 13761399, 219667882, 217646206, 241830177, 9876773, 529557, 31049115, 177676138, 69558821, 243714980, 122743854, 104370347, 60772675, 122493426, 211212441, 84340898, 171023574, 191988092, 6004240, 141975672, 182382331, 60169248, 48856296, 212556591, 125285908, 98653799, 112007566, 217452140, 5555922, 45744348, 73503130, 161775644, 220445681, 117347905, 167087389, 192827476, 30322964, 129797693, 162069456, 20098438, 175458121, 154340491, 200438724, 50980885, 218284050, 35865695, 35960691, 173099041, 248672976, 217120534, 97773753, 5693530, 103311836, 7361823, 87771202, 105809505, 22382340, 39666005, 110445834, 30069573, 90714617, 230716197, 16119416, 184671964, 209467104, 146000494, 25141289, 40494108, 60501027, 229459517, 130626408, 39917210, 93782235, 234983649, 103210948, 170327114, 186655078, 12750018, 226637007, 10906756, 15185855]
[239554898, 105465088, 218365829, 203396497, 217698719, 109346344, 97770307, 148322777, 40290812, 53317582, 37400546, 22010658, 175723653, 165222218, 73768585, 222361649, 122267290, 183229434, 110253602, 236404051, 84153860, 126893068, 26600584, 13761399, 219667882, 217646206, 241830177, 9876773, 529557, 31049115, 177676138, 69558821, 243714980, 122743854, 104370347, 60772675, 122493426, 211212441, 84340898, 171023574, 191988092, 6004240, 141975672, 182382331, 60169248, 48856296, 212556591, 125285908, 98653799, 112007566, 217452140, 5555922, 45744348, 73503130, 161775644, 220445681, 117347905, 167087389, 192827476, 136018156, 131109619, 167837843, 182240958, 8391516, 229586495, 213735879, 97850511, 183893057, 194165031, 214936839, 224240891, 154115694, 138837282, 248682662, 216393363, 68549987, 232222394, 1476246, 151179556, 23831083, 186875312, 15363865, 148894419, 175412006, 162336783, 220767862, 257334, 2980324, 159935775, 57531261, 2110292, 132842143, 175445337, 3218014, 59524486, 195873983, 134969456, 242249109, 186640499, 119914522, 166939565, 26923288, 191158695, 151738919]
[239554898, 105465088, 218365829, 203396497, 217698719, 109346344, 97770307, 148322777, 40290812, 53317582, 37400546, 22010658, 175723653, 165222218, 73768585, 222361649, 122267290, 183229434, 110253602, 236404051, 84153860, 126893068, 26600584, 13761399, 219667882, 217646206, 241830177, 9876773, 529557, 31049115, 177676138, 69558821, 243714980, 122743854, 104370347, 60772675, 122493426, 211212441, 84340898, 171023574, 191988092, 6004240, 141975672, 182382331, 60169248, 48856296, 212556591, 125285908, 98653799, 112007566, 217452140, 5555922, 45744348, 73503130, 161775644, 220445681, 117347905, 167087389, 192827476, 16949894, 154797606, 31554297, 227448688, 27607733, 7853203, 140242752, 68768893, 164110998, 12898830, 247773033, 204652173, 205971979, 68424825, 160403798, 117872922, 90131011, 162593568, 230345226, 44376985, 76933, 101975899, 156083460, 117175685, 142997913, 127523190, 24591345, 117503723, 97783181, 232447133, 220089946, 187459639, 30472219, 112344281, 2226099, 236412168, 40502974, 17697905, 409669, 29944020, 163562593, 32459029, 126158147, 103915606, 24473083]
[239554898, 105465088, 218365829, 203396497, 217698719, 109346344, 97770307, 148322777, 40290812, 53317582, 37400546, 22010658, 175723653, 165222218, 73768585, 222361649, 122267290, 183229434, 110253602, 236404051, 84153860, 126893068, 26600584, 13761399, 219667882, 217646206, 241830177, 9876773, 529557, 31049115, 177676138, 69558821, 243714980, 122743854, 104370347, 60772675, 122493426, 211212441, 84340898, 171023574, 191988092, 6004240, 141975672, 182382331, 60169248, 48856296, 212556591, 125285908, 98653799, 112007566, 217452140, 5555922, 45744348, 73503130, 161775644, 220445681, 117347905, 167087389, 192827476, 16949894, 154797606, 31554297, 227448688, 27607733, 7853203, 140242752, 68768893, 164110998, 12898830, 247773033, 204652173, 205971979, 68424825, 160403798, 117872922, 90131011, 162593568, 230345226, 44376985, 76933, 101975899, 156083460, 117175685, 142997913, 127523190, 24591345, 117503723, 97783181, 232447133, 220089946, 187459639, 30472219, 112344281, 2226099, 236412168, 40502974, 17697905, 409669, 29944020, 163562593, 32459029, 126158147, 73917270, 94463918]
[239554898, 105465088, 218365829, 203396497, 217698719, 109346344, 97770307, 148322777, 40290812, 53317582, 37400546, 22010658, 175723653, 165222218, 73768585, 222361649, 122267290, 183229434, 110253602, 236404051, 84153860, 126893068, 26600584, 13761399, 219667882, 217646206, 241830177, 9876773, 529557, 31049115, 177676138, 69558821, 243714980, 122743854, 104370347, 60772675, 122493426, 211212441, 84340898, 171023574, 191988092, 6004240, 141975672, 182382331, 60169248, 48856296, 212556591, 125285908, 98653799, 112007566, 217452140, 5555922, 45744348, 73503130, 161775644, 220445681, 117347905, 167087389, 192827476, 136018156, 131109619, 167837843, 182240958, 8391516, 229586495, 213735879, 97850511, 183893057, 194165031, 214936839, 224240891, 154115694, 138837282, 248682662, 216393363, 68549987, 232222394, 1476246, 151179556, 23831083, 186875312, 15363865, 148894419, 175412006, 162336783, 220767862, 257334, 2980324, 159935775, 57531261, 2110292, 132842143, 180764072, 146670478, 29426298, 138117769, 20096346, 48591039, 36017153, 124682740, 241321565, 218959610, 10667156, 108982371]
[239554898, 105465088, 218365829, 203396497, 217698719, 109346344, 97770307, 148322777, 40290812, 53317582, 37400546, 22010658, 175723653, 165222218, 73768585, 222361649, 122267290, 183229434, 110253602, 236404051, 84153860, 126893068, 26600584, 13761399, 219667882, 217646206, 241830177, 9876773, 529557, 31049115, 177676138, 69558821, 243714980, 122743854, 104370347, 60772675, 122493426, 211212441, 84340898, 171023574, 191988092, 6004240, 141975672, 182382331, 60169248, 48856296, 212556591, 125285908, 98653799, 112007566, 217452140, 5555922, 45744348, 73503130, 161775644, 220445681, 117347905, 167087389, 192827476, 136018156, 131109619, 167837843, 182240958, 8391516, 229586495, 213735879, 97850511, 183893057, 194165031, 214936839, 224240891, 154115694, 138837282, 248682662, 216393363, 68549987, 232222394, 1476246, 151179556, 23831083, 67522189, 37046337, 30331306, 30809804, 180069300, 109853152, 142626223, 133024700, 117964535, 146059510, 57098611, 73333121, 129034375, 230521454, 40947847, 85932393, 104964203, 189603922, 173177381, 95036323, 208522615, 158032271, 24088991, 131528045]
[239554898, 105465088, 218365829, 203396497, 217698719, 109346344, 97770307, 148322777, 40290812, 53317582, 37400546, 22010658, 175723653, 165222218, 73768585, 222361649, 122267290, 183229434, 110253602, 236404051, 84153860, 126893068, 26600584, 13761399, 219667882, 217646206, 241830177, 9876773, 529557, 31049115, 177676138, 69558821, 243714980, 122743854, 104370347, 60772675, 122493426, 211212441, 84340898, 171023574, 191988092, 6004240, 141975672, 182382331, 60169248, 48856296, 212556591, 125285908, 98653799, 112007566, 217452140, 5555922, 45744348, 73503130, 161775644, 220445681, 117347905, 167087389, 192827476, 136018156, 131109619, 167837843, 182240958, 8391516, 229586495, 213735879, 97850511, 183893057, 194165031, 214936839, 224240891, 154115694, 138837282, 248682662, 216393363, 68549987, 232222394, 1476246, 151179556, 23831083, 67522189, 37046337, 30331306, 30809804, 180069300, 109853152, 142626223, 133024700, 213505916, 145828056, 36192707, 210076901, 18631466, 52777234, 8271894, 17663428, 4536358, 92171121, 6760031, 201625043, 42071590, 26503695, 81665740, 223995646]
[239554898, 105465088, 218365829, 203396497, 217698719, 109346344, 97770307, 148322777, 40290812, 53317582, 37400546, 22010658, 175723653, 165222218, 73768585, 222361649, 122267290, 183229434, 110253602, 236404051, 84153860, 126893068, 26600584, 13761399, 219667882, 217646206, 241830177, 9876773, 529557, 31049115, 177676138, 69558821, 243714980, 122743854, 104370347, 60772675, 122493426, 211212441, 84340898, 171023574, 191988092, 6004240, 141975672, 182382331, 60169248, 48856296, 212556591, 125285908, 98653799, 112007566, 217452140, 5555922, 45744348, 73503130, 161775644, 220445681, 117347905, 167087389, 192827476, 136018156, 131109619, 167837843, 182240958, 8391516, 229586495, 213735879, 97850511, 183893057, 194165031, 214936839, 224240891, 154115694, 138837282, 248682662, 216393363, 68549987, 232222394, 1476246, 151179556, 23831083, 67522189, 37046337, 30331306, 30809804, 25267365, 33628761, 120843493, 60323715, 141937992, 214517939, 159351707, 225092483, 171806910, 228378040, 223335645, 215148842, 139616328, 248670051, 181864879, 106115424, 73209317, 228698045, 162796807, 3685473]
[239554898, 105465088, 218365829, 203396497, 217698719, 109346344, 97770307, 148322777, 40290812, 53317582, 37400546, 22010658, 175723653, 165222218, 73768585, 222361649, 122267290, 183229434, 110253602, 236404051, 84153860, 126893068, 26600584, 13761399, 219667882, 217646206, 241830177, 9876773, 529557, 31049115, 177676138, 69558821, 243714980, 122743854, 104370347, 60772675, 122493426, 211212441, 84340898, 171023574, 191988092, 6004240, 141975672, 182382331, 60169248, 48856296, 212556591, 125285908, 98653799, 112007566, 217452140, 5555922, 45744348, 73503130, 161775644, 220445681, 117347905, 167087389, 192827476, 16949894, 154797606, 31554297, 227448688, 27607733, 7853203, 140242752, 68768893, 164110998, 12898830, 247773033, 204652173, 205971979, 68424825, 83740896, 201654924, 169231707, 97514553, 121528382, 248758816, 163110820, 139726861, 193829157, 94638618, 50010934, 245101943, 152894996, 85098711, 84256216, 167307796, 39557324, 111587632, 72991358, 245961368, 10151453, 242644118, 5256703, 105898646, 34741448, 80938712, 175210216, 119163970, 21477814, 16005594, 188499168]
[239554898, 105465088, 218365829, 203396497, 217698719, 109346344, 97770307, 148322777, 40290812, 53317582, 37400546, 22010658, 175723653, 165222218, 73768585, 222361649, 122267290, 183229434, 110253602, 236404051, 84153860, 126893068, 26600584, 13761399, 219667882, 217646206, 241830177, 9876773, 529557, 31049115, 177676138, 69558821, 243714980, 122743854, 104370347, 60772675, 122493426, 211212441, 84340898, 171023574, 191988092, 6004240, 141975672, 182382331, 60169248, 48856296, 212556591, 125285908, 98653799, 112007566, 217452140, 5555922, 45744348, 73503130, 161775644, 220445681, 117347905, 167087389, 192827476, 30322964, 129797693, 162069456, 20098438, 175458121, 154340491, 200438724, 50980885, 218284050, 35865695, 35960691, 173099041, 248672976, 217120534, 97773753, 5693530, 103311836, 7361823, 87771202, 105809505, 22382340, 39666005, 202644599, 8269985, 227419249, 183354607, 194933427, 13040324, 200577707, 182868465, 214988932, 217080839, 134840078, 122769596, 246142629, 68179485, 171653099, 110778708, 80714657, 39567580, 21126624, 191955173, 74939460, 1471228, 41524065]
[239554898, 105465088, 218365829, 203396497, 217698719, 109346344, 97770307, 148322777, 40290812, 53317582, 37400546, 22010658, 175723653, 165222218, 73768585, 222361649, 122267290, 183229434, 110253602, 236404051, 84153860, 126893068, 26600584, 13761399, 219667882, 217646206, 241830177, 9876773, 529557, 31049115, 177676138, 69558821, 243714980, 122743854, 104370347, 60772675, 122493426, 211212441, 84340898, 171023574, 191988092, 6004240, 141975672, 182382331, 60169248, 48856296, 212556591, 125285908, 98653799, 112007566, 217452140, 5555922, 45744348, 73503130, 161775644, 220445681, 117347905, 167087389, 192827476, 136018156, 131109619, 167837843, 182240958, 8391516, 229586495, 213735879, 97850511, 183893057, 194165031, 214936839, 224240891, 154115694, 138837282, 248682662, 216393363, 68549987, 232222394, 1476246, 151179556, 23831083, 67522189, 37046337, 30331306, 30809804, 25267365, 33628761, 120843493, 60323715, 141937992, 214517939, 159351707, 225092483, 171806910, 228378040, 237812772, 201916728, 165088190, 172482161, 180536710, 78251912, 180330709, 51061067, 220434248, 232974771]
[239554898, 105465088, 218365829, 203396497, 217698719, 109346344, 97770307, 148322777, 40290812, 53317582, 37400546, 22010658, 175723653, 165222218, 73768585, 222361649, 122267290, 183229434, 110253602, 236404051, 84153860, 126893068, 26600584, 13761399, 219667882, 217646206, 241830177, 9876773, 529557, 31049115, 177676138, 69558821, 243714980, 122743854, 104370347, 60772675, 122493426, 211212441, 84340898, 171023574, 191988092, 6004240, 141975672, 182382331, 60169248, 48856296, 212556591, 125285908, 98653799, 112007566, 217452140, 5555922, 45744348, 73503130, 161775644, 220445681, 117347905, 167087389, 192827476, 136018156, 131109619, 167837843, 182240958, 8391516, 229586495, 213735879, 97850511, 183893057, 194165031, 214936839, 224240891, 154115694, 138837282, 248682662, 216393363, 68549987, 232222394, 1476246, 151179556, 23831083, 186875312, 15363865, 148894419, 235170124, 151625514, 85970942, 197269257, 56981299, 125621014, 73203161, 14762083, 123527406, 189868651, 238999946, 128491558, 49062058, 181149222, 4814286, 70349429, 17899699, 109362641, 160690843, 67524583, 230568401]
[239554898, 105465088, 218365829, 203396497, 217698719, 109346344, 97770307, 148322777, 40290812, 53317582, 37400546, 22010658, 175723653, 165222218, 73768585, 222361649, 122267290, 183229434, 110253602, 236404051, 84153860, 126893068, 26600584, 13761399, 219667882, 217646206, 241830177, 9876773, 529557, 31049115, 177676138, 69558821, 243714980, 122743854, 104370347, 60772675, 122493426, 211212441, 84340898, 171023574, 191988092, 6004240, 141975672, 182382331, 60169248, 48856296, 212556591, 125285908, 98653799, 112007566, 217452140, 5555922, 45744348, 73503130, 161775644, 220445681, 117347905, 167087389, 192827476, 136018156, 131109619, 167837843, 182240958, 8391516, 229586495, 213735879, 97850511, 183893057, 194165031, 214936839, 224240891, 154115694, 138837282, 248682662, 216393363, 68549987, 232222394, 1476246, 151179556, 23831083, 186875312, 15363865, 148894419, 175412006, 162336783, 220767862, 257334, 2980324, 159935775, 57531261, 2110292, 132842143, 63114250, 213032620, 38717631, 248261742, 48707030, 65788453, 202487411, 47050570, 25892953, 110368795, 137294757, 67730206]
[239554898, 105465088, 218365829, 203396497, 217698719, 109346344, 97770307, 148322777, 40290812, 53317582, 37400546, 22010658, 175723653, 165222218, 73768585, 222361649, 122267290, 183229434, 110253602, 236404051, 84153860, 126893068, 26600584, 13761399, 219667882, 217646206, 241830177, 9876773, 529557, 31049115, 177676138, 69558821, 243714980, 122743854, 104370347, 60772675, 122493426, 211212441, 84340898, 171023574, 191988092, 6004240, 141975672, 182382331, 60169248, 48856296, 212556591, 125285908, 98653799, 112007566, 217452140, 5555922, 45744348, 73503130, 161775644, 220445681, 117347905, 167087389, 192827476, 136018156, 131109619, 167837843, 182240958, 8391516, 229586495, 213735879, 97850511, 183893057, 194165031, 214936839, 224240891, 154115694, 138837282, 248682662, 216393363, 68549987, 232222394, 1476246, 151179556, 23831083, 67522189, 37046337, 30331306, 30809804, 180069300, 109853152, 142626223, 133024700, 213505916, 145828056, 36192707, 210076901, 18631466, 66249244, 106394530, 98937705, 62076670, 211747572, 159709517, 177020859, 69774396, 59441119, 145931293, 4893787]
[239554898, 105465088, 218365829, 203396497, 217698719, 109346344, 97770307, 148322777, 40290812, 53317582, 37400546, 22010658, 175723653, 165222218, 73768585, 222361649, 122267290, 183229434, 110253602, 236404051, 84153860, 126893068, 26600584, 13761399, 219667882, 217646206, 241830177, 9876773, 529557, 31049115, 177676138, 69558821, 243714980, 122743854, 104370347, 60772675, 122493426, 211212441, 84340898, 171023574, 191988092, 6004240, 141975672, 182382331, 60169248, 48856296, 212556591, 125285908, 98653799, 112007566, 217452140, 5555922, 45744348, 73503130, 161775644, 220445681, 117347905, 167087389, 192827476, 136018156, 131109619, 167837843, 182240958, 8391516, 229586495, 213735879, 97850511, 183893057, 194165031, 214936839, 224240891, 154115694, 138837282, 248682662, 216393363, 68549987, 232222394, 1476246, 151179556, 23831083, 186875312, 15363865, 148894419, 175412006, 162336783, 220767862, 257334, 2980324, 159935775, 57531261, 2110292, 132842143, 180764072, 146670478, 29426298, 138117769, 124771713, 173506613, 27461156, 95779946, 94328152, 170564241, 126462413, 65418052]
[239554898, 105465088, 218365829, 203396497, 217698719, 109346344, 97770307, 148322777, 40290812, 53317582, 37400546, 22010658, 175723653, 165222218, 73768585, 222361649, 122267290, 183229434, 110253602, 236404051, 84153860, 126893068, 26600584, 13761399, 219667882, 217646206, 241830177, 9876773, 529557, 31049115, 177676138, 69558821, 243714980, 122743854, 104370347, 60772675, 122493426, 211212441, 84340898, 171023574, 191988092, 6004240, 141975672, 182382331, 60169248, 48856296, 212556591, 125285908, 98653799, 112007566, 217452140, 5555922, 45744348, 73503130, 161775644, 220445681, 117347905, 167087389, 192827476, 136018156, 131109619, 167837843, 182240958, 8391516, 229586495, 213735879, 97850511, 183893057, 194165031, 214936839, 224240891, 154115694, 138837282, 248682662, 216393363, 68549987, 232222394, 1476246, 151179556, 23831083, 186875312, 15363865, 148894419, 175412006, 162336783, 220767862, 257334, 2980324, 159935775, 57531261, 2110292, 132842143, 63114250, 213032620, 38717631, 248261742, 186829643, 117770311, 98286378, 178034288, 174012181, 77308346, 155238678, 138214428]
[239554898, 105465088, 218365829, 203396497, 217698719, 109346344, 97770307, 148322777, 40290812, 53317582, 37400546, 22010658, 175723653, 165222218, 73768585, 222361649, 122267290, 183229434, 110253602, 236404051, 84153860, 126893068, 26600584, 13761399, 219667882, 217646206, 241830177, 9876773, 529557, 31049115, 177676138, 69558821, 243714980, 122743854, 104370347, 60772675, 122493426, 211212441, 84340898, 171023574, 191988092, 6004240, 141975672, 182382331, 60169248, 48856296, 212556591, 125285908, 98653799, 112007566, 217452140, 5555922, 45744348, 73503130, 161775644, 220445681, 117347905, 167087389, 192827476, 136018156, 131109619, 167837843, 182240958, 8391516, 229586495, 213735879, 97850511, 183893057, 194165031, 214936839, 224240891, 154115694, 138837282, 248682662, 216393363, 68549987, 232222394, 1476246, 151179556, 23831083, 67522189, 37046337, 30331306, 30809804, 180069300, 109853152, 142626223, 133024700, 213505916, 145828056, 36192707, 210076901, 18631466, 215945163, 194354097, 146649287, 3758129, 237707380, 28284948, 193679035, 92618366, 84998177, 146465945, 129365703]
[239554898, 105465088, 218365829, 203396497, 217698719, 109346344, 97770307, 148322777, 40290812, 53317582, 37400546, 22010658, 175723653, 165222218, 73768585, 222361649, 122267290, 183229434, 110253602, 236404051, 84153860, 126893068, 26600584, 13761399, 219667882, 217646206, 241830177, 9876773, 529557, 31049115, 177676138, 69558821, 243714980, 122743854, 104370347, 60772675, 122493426, 211212441, 84340898, 171023574, 191988092, 6004240, 141975672, 182382331, 60169248, 48856296, 212556591, 125285908, 98653799, 112007566, 217452140, 5555922, 45744348, 73503130, 161775644, 220445681, 117347905, 167087389, 192827476, 30322964, 129797693, 162069456, 20098438, 175458121, 154340491, 200438724, 50980885, 218284050, 35865695, 35960691, 173099041, 248672976, 217120534, 97773753, 5693530, 103311836, 7361823, 87771202, 105809505, 22382340, 39666005, 202644599, 8269985, 227419249, 183354607, 194933427, 13040324, 200577707, 182868465, 214988932, 217080839, 134840078, 122769596, 246142629, 68179485, 171653099, 110778708, 80714657, 39567580, 21126624, 191955173, 143103297, 237345634, 145681199]
[239554898, 105465088, 218365829, 203396497, 217698719, 109346344, 97770307, 148322777, 40290812, 53317582, 37400546, 22010658, 175723653, 165222218, 73768585, 222361649, 122267290, 183229434, 110253602, 236404051, 84153860, 126893068, 26600584, 13761399, 219667882, 217646206, 241830177, 9876773, 529557, 31049115, 177676138, 69558821, 243714980, 122743854, 104370347, 60772675, 122493426, 211212441, 84340898, 171023574, 191988092, 6004240, 141975672, 182382331, 60169248, 48856296, 212556591, 125285908, 98653799, 112007566, 217452140, 5555922, 45744348, 73503130, 161775644, 220445681, 117347905, 167087389, 192827476, 136018156, 131109619, 167837843, 182240958, 8391516, 229586495, 213735879, 97850511, 183893057, 194165031, 214936839, 224240891, 154115694, 138837282, 248682662, 216393363, 68549987, 232222394, 1476246, 151179556, 23831083, 67522189, 37046337, 30331306, 30809804, 180069300, 32947905, 92433975, 10504298, 97570684, 135634069, 114736754, 44605410, 48138700, 146004529, 108276370, 78208618, 165893898, 151097315, 208473976, 24889392, 86444990, 185092249, 97161800, 23097318]
[239554898, 105465088, 218365829, 203396497, 217698719, 109346344, 97770307, 148322777, 40290812, 53317582, 37400546, 22010658, 175723653, 165222218, 73768585, 222361649, 122267290, 183229434, 110253602, 236404051, 84153860, 126893068, 26600584, 13761399, 219667882, 217646206, 241830177, 9876773, 529557, 31049115, 177676138, 69558821, 243714980, 122743854, 104370347, 60772675, 122493426, 211212441, 84340898, 171023574, 191988092, 6004240, 141975672, 182382331, 60169248, 48856296, 212556591, 125285908, 98653799, 112007566, 217452140, 5555922, 45744348, 73503130, 161775644, 220445681, 117347905, 167087389, 192827476, 136018156, 131109619, 167837843, 182240958, 8391516, 229586495, 213735879, 97850511, 183893057, 194165031, 214936839, 224240891, 154115694, 138837282, 248682662, 216393363, 68549987, 232222394, 1476246, 151179556, 23831083, 67522189, 37046337, 30331306, 30809804, 180069300, 109853152, 142626223, 133024700, 117964535, 146059510, 57098611, 73333121, 129034375, 230521454, 40947847, 93560935, 99378537, 123875191, 84610236, 62593319, 2738268, 14430998, 26874825, 55265788]
[239554898, 105465088, 218365829, 203396497, 217698719, 109346344, 97770307, 148322777, 40290812, 53317582, 37400546, 22010658, 175723653, 165222218, 73768585, 222361649, 122267290, 183229434, 110253602, 236404051, 84153860, 126893068, 26600584, 13761399, 219667882, 217646206, 241830177, 9876773, 529557, 31049115, 177676138, 69558821, 243714980, 122743854, 104370347, 60772675, 122493426, 211212441, 84340898, 171023574, 191988092, 6004240, 141975672, 182382331, 60169248, 48856296, 212556591, 125285908, 98653799, 112007566, 217452140, 5555922, 45744348, 73503130, 161775644, 220445681, 117347905, 167087389, 192827476, 136018156, 131109619, 167837843, 182240958, 8391516, 229586495, 213735879, 97850511, 183893057, 194165031, 214936839, 224240891, 154115694, 138837282, 248682662, 216393363, 68549987, 232222394, 1476246, 151179556, 23831083, 186875312, 15363865, 148894419, 175412006, 162336783, 220767862, 257334, 2980324, 159935775, 57531261, 2110292, 132842143, 180764072, 146670478, 29426298, 138117769, 124771713, 173506613, 27461156, 223431827, 171574519, 117157277, 17073238, 25890611]
[239554898, 105465088, 218365829, 203396497, 217698719, 109346344, 97770307, 148322777, 40290812, 53317582, 37400546, 22010658, 175723653, 165222218, 73768585, 222361649, 122267290, 183229434, 110253602, 236404051, 84153860, 126893068, 26600584, 13761399, 219667882, 217646206, 241830177, 9876773, 529557, 31049115, 177676138, 69558821, 243714980, 122743854, 104370347, 60772675, 122493426, 211212441, 84340898, 171023574, 191988092, 6004240, 141975672, 182382331, 60169248, 48856296, 212556591, 125285908, 98653799, 112007566, 217452140, 5555922, 45744348, 73503130, 161775644, 220445681, 117347905, 167087389, 192827476, 136018156, 131109619, 167837843, 182240958, 8391516, 229586495, 213735879, 97850511, 183893057, 194165031, 214936839, 224240891, 154115694, 138837282, 248682662, 216393363, 68549987, 232222394, 1476246, 151179556, 23831083, 67522189, 37046337, 30331306, 30809804, 180069300, 109853152, 142626223, 133024700, 117964535, 146059510, 57098611, 91433257, 27596929, 238513360, 108481286, 209948443, 107668528, 50913205, 172430707, 159813373, 68373453, 99854775, 215279587, 102897730]
[239554898, 105465088, 218365829, 203396497, 217698719, 109346344, 97770307, 148322777, 40290812, 53317582, 37400546, 22010658, 175723653, 165222218, 73768585, 222361649, 122267290, 183229434, 110253602, 236404051, 84153860, 126893068, 26600584, 13761399, 219667882, 217646206, 241830177, 9876773, 529557, 31049115, 177676138, 69558821, 243714980, 122743854, 104370347, 60772675, 122493426, 211212441, 84340898, 171023574, 191988092, 6004240, 141975672, 182382331, 60169248, 48856296, 212556591, 125285908, 98653799, 112007566, 217452140, 5555922, 45744348, 73503130, 161775644, 220445681, 117347905, 167087389, 192827476, 136018156, 131109619, 167837843, 182240958, 8391516, 229586495, 213735879, 97850511, 183893057, 194165031, 214936839, 224240891, 154115694, 138837282, 248682662, 216393363, 68549987, 232222394, 1476246, 151179556, 23831083, 67522189, 37046337, 30331306, 30809804, 180069300, 109853152, 142626223, 133024700, 213505916, 123561113, 138092197, 82592552, 175310019, 103121523, 23245329, 29484858, 144073463, 104990896, 201160449, 150056184, 82203034, 164687435, 71884037, 114615263]
[239554898, 105465088, 218365829, 203396497, 217698719, 109346344, 97770307, 148322777, 40290812, 53317582, 37400546, 22010658, 175723653, 165222218, 73768585, 222361649, 122267290, 183229434, 110253602, 236404051, 84153860, 126893068, 26600584, 13761399, 219667882, 217646206, 241830177, 9876773, 529557, 31049115, 177676138, 69558821, 243714980, 122743854, 104370347, 60772675, 122493426, 211212441, 84340898, 171023574, 191988092, 6004240, 141975672, 182382331, 60169248, 48856296, 212556591, 125285908, 98653799, 112007566, 217452140, 5555922, 45744348, 73503130, 161775644, 220445681, 117347905, 167087389, 192827476, 136018156, 131109619, 167837843, 182240958, 8391516, 229586495, 213735879, 97850511, 183893057, 194165031, 214936839, 224240891, 154115694, 138837282, 248682662, 216393363, 68549987, 232222394, 1476246, 151179556, 23831083, 186875312, 15363865, 148894419, 175412006, 162336783, 220767862, 257334, 2980324, 159935775, 57531261, 2110292, 132842143, 63114250, 213032620, 38717631, 248261742, 48707030, 206601718, 173305872, 115244695, 148102175, 225262840, 32432694, 204518128]
[239554898, 105465088, 218365829, 203396497, 217698719, 109346344, 97770307, 148322777, 40290812, 53317582, 37400546, 22010658, 175723653, 165222218, 73768585, 222361649, 122267290, 183229434, 110253602, 236404051, 84153860, 126893068, 26600584, 13761399, 219667882, 217646206, 241830177, 9876773, 529557, 31049115, 177676138, 69558821, 243714980, 122743854, 104370347, 60772675, 122493426, 211212441, 84340898, 171023574, 191988092, 6004240, 141975672, 182382331, 60169248, 48856296, 212556591, 125285908, 98653799, 112007566, 217452140, 5555922, 45744348, 73503130, 161775644, 220445681, 117347905, 167087389, 192827476, 16949894, 154797606, 31554297, 227448688, 27607733, 7853203, 140242752, 68768893, 164110998, 12898830, 247773033, 204652173, 205971979, 68424825, 160403798, 117872922, 90131011, 162593568, 230345226, 44376985, 76933, 101975899, 156083460, 117175685, 142997913, 127523190, 24591345, 117503723, 97783181, 232447133, 220089946, 187459639, 30472219, 112344281, 2226099, 236412168, 40502974, 17697905, 409669, 29944020, 163562593, 32459029, 203636324, 1718829, 165729329]
[239554898, 105465088, 218365829, 203396497, 217698719, 109346344, 97770307, 148322777, 40290812, 53317582, 37400546, 22010658, 175723653, 165222218, 73768585, 222361649, 122267290, 183229434, 110253602, 236404051, 84153860, 126893068, 26600584, 13761399, 219667882, 217646206, 241830177, 9876773, 529557, 31049115, 177676138, 69558821, 243714980, 122743854, 104370347, 60772675, 122493426, 211212441, 84340898, 171023574, 191988092, 6004240, 141975672, 182382331, 60169248, 48856296, 212556591, 125285908, 98653799, 112007566, 217452140, 5555922, 45744348, 73503130, 161775644, 220445681, 117347905, 167087389, 192827476, 136018156, 131109619, 167837843, 182240958, 8391516, 229586495, 213735879, 97850511, 183893057, 194165031, 214936839, 224240891, 154115694, 138837282, 248682662, 216393363, 68549987, 232222394, 1476246, 151179556, 23831083, 186875312, 15363865, 148894419, 175412006, 162336783, 220767862, 257334, 140506494, 123970020, 16967665, 83723662, 11943399, 171221150, 19320553, 143875605, 182785584, 203336787, 78572212, 69095792, 242588948, 159638042, 211267344, 81810009, 111153897]
[239554898, 105465088, 218365829, 203396497, 217698719, 109346344, 97770307, 148322777, 40290812, 53317582, 37400546, 22010658, 175723653, 165222218, 73768585, 222361649, 122267290, 183229434, 110253602, 236404051, 84153860, 126893068, 26600584, 13761399, 219667882, 217646206, 241830177, 9876773, 529557, 31049115, 177676138, 69558821, 243714980, 122743854, 104370347, 60772675, 122493426, 211212441, 84340898, 171023574, 191988092, 6004240, 141975672, 182382331, 60169248, 48856296, 212556591, 125285908, 98653799, 112007566, 217452140, 5555922, 45744348, 73503130, 161775644, 220445681, 117347905, 167087389, 192827476, 136018156, 131109619, 167837843, 182240958, 8391516, 229586495, 213735879, 97850511, 183893057, 194165031, 214936839, 224240891, 154115694, 138837282, 248682662, 216393363, 68549987, 232222394, 1476246, 151179556, 23831083, 67522189, 37046337, 30331306, 30809804, 180069300, 109853152, 142626223, 133024700, 213505916, 145828056, 36192707, 210076901, 18631466, 52777234, 8271894, 104723084, 103227377, 83603035, 145670874, 248686775, 89906296, 134505737, 78507979, 39728068]
[239554898, 105465088, 218365829, 203396497, 217698719, 109346344, 97770307, 148322777, 40290812, 53317582, 37400546, 22010658, 175723653, 165222218, 73768585, 222361649, 122267290, 183229434, 110253602, 236404051, 84153860, 126893068, 26600584, 13761399, 219667882, 217646206, 241830177, 9876773, 529557, 31049115, 177676138, 69558821, 243714980, 122743854, 104370347, 60772675, 122493426, 211212441, 84340898, 171023574, 191988092, 6004240, 141975672, 182382331, 60169248, 48856296, 212556591, 125285908, 98653799, 112007566, 217452140, 5555922, 45744348, 73503130, 161775644, 220445681, 117347905, 167087389, 192827476, 136018156, 131109619, 167837843, 182240958, 8391516, 229586495, 213735879, 97850511, 183893057, 194165031, 214936839, 224240891, 154115694, 138837282, 248682662, 216393363, 68549987, 232222394, 1476246, 151179556, 23831083, 67522189, 37046337, 30331306, 30809804, 180069300, 109853152, 142626223, 133024700, 213505916, 145828056, 36192707, 210076901, 18631466, 66249244, 106394530, 98937705, 22280856, 163202874, 122481697, 47233503, 184906668, 72702792, 73044891, 158421099]
[239554898, 105465088, 218365829, 203396497, 217698719, 109346344, 97770307, 148322777, 40290812, 53317582, 37400546, 22010658, 175723653, 165222218, 73768585, 222361649, 122267290, 183229434, 110253602, 236404051, 84153860, 126893068, 26600584, 13761399, 219667882, 217646206, 241830177, 9876773, 529557, 31049115, 177676138, 69558821, 243714980, 122743854, 104370347, 60772675, 122493426, 211212441, 84340898, 171023574, 191988092, 6004240, 141975672, 182382331, 60169248, 48856296, 212556591, 125285908, 98653799, 112007566, 217452140, 5555922, 45744348, 73503130, 161775644, 220445681, 117347905, 167087389, 192827476, 136018156, 131109619, 167837843, 182240958, 8391516, 229586495, 213735879, 97850511, 183893057, 194165031, 214936839, 224240891, 154115694, 138837282, 248682662, 216393363, 68549987, 232222394, 1476246, 151179556, 23831083, 67522189, 37046337, 30331306, 30809804, 180069300, 109853152, 142626223, 133024700, 213505916, 123561113, 138092197, 82592552, 175310019, 103121523, 23245329, 29484858, 144073463, 104990896, 201160449, 150056184, 1384566, 108952188, 97149246, 6664783]
[239554898, 105465088, 218365829, 203396497, 217698719, 109346344, 97770307, 148322777, 40290812, 53317582, 37400546, 22010658, 175723653, 165222218, 73768585, 222361649, 122267290, 183229434, 110253602, 236404051, 84153860, 126893068, 26600584, 13761399, 219667882, 217646206, 241830177, 9876773, 529557, 31049115, 177676138, 69558821, 243714980, 122743854, 104370347, 60772675, 122493426, 211212441, 84340898, 171023574, 191988092, 6004240, 141975672, 182382331, 60169248, 48856296, 212556591, 125285908, 98653799, 112007566, 217452140, 5555922, 45744348, 73503130, 161775644, 220445681, 117347905, 167087389, 192827476, 136018156, 131109619, 167837843, 182240958, 8391516, 229586495, 213735879, 97850511, 183893057, 194165031, 214936839, 224240891, 154115694, 138837282, 248682662, 216393363, 68549987, 232222394, 1476246, 151179556, 23831083, 186875312, 15363865, 148894419, 175412006, 162336783, 220767862, 257334, 2980324, 159935775, 57531261, 2110292, 132842143, 63114250, 213032620, 38717631, 248261742, 48707030, 155790887, 203784361, 79706266, 135786627, 111571244, 178495, 245693704]
[239554898, 105465088, 218365829, 203396497, 217698719, 109346344, 97770307, 148322777, 40290812, 53317582, 37400546, 22010658, 175723653, 165222218, 73768585, 222361649, 122267290, 183229434, 110253602, 236404051, 84153860, 126893068, 26600584, 13761399, 219667882, 217646206, 241830177, 9876773, 529557, 31049115, 177676138, 69558821, 243714980, 122743854, 104370347, 60772675, 122493426, 211212441, 84340898, 171023574, 191988092, 6004240, 141975672, 182382331, 60169248, 48856296, 212556591, 125285908, 98653799, 112007566, 217452140, 5555922, 45744348, 73503130, 161775644, 220445681, 117347905, 167087389, 192827476, 30322964, 129797693, 162069456, 20098438, 175458121, 154340491, 200438724, 50980885, 218284050, 41182885, 54506857, 78043547, 1605079, 36994883, 167476512, 84602607, 136635004, 82774592, 181994661, 94214124, 242953261, 177936239, 115570111, 26692013, 2990388, 120026433, 26376298, 118170346, 33166470, 202562618, 46228497, 77391020, 36586039, 72004815, 5868703, 17944968, 237299864, 195166319, 145257292, 112199636, 137090044, 199795682, 126006993, 142790579, 116760054]
[239554898, 105465088, 218365829, 203396497, 217698719, 109346344, 97770307, 148322777, 40290812, 53317582, 37400546, 22010658, 175723653, 165222218, 73768585, 222361649, 122267290, 183229434, 110253602, 236404051, 84153860, 126893068, 26600584, 13761399, 219667882, 217646206, 241830177, 9876773, 529557, 31049115, 177676138, 69558821, 243714980, 122743854, 104370347, 60772675, 122493426, 211212441, 84340898, 171023574, 191988092, 6004240, 141975672, 182382331, 60169248, 48856296, 212556591, 125285908, 98653799, 112007566, 217452140, 5555922, 45744348, 73503130, 161775644, 220445681, 117347905, 167087389, 192827476, 136018156, 131109619, 167837843, 182240958, 8391516, 229586495, 213735879, 97850511, 183893057, 194165031, 214936839, 224240891, 154115694, 138837282, 248682662, 216393363, 68549987, 232222394, 1476246, 151179556, 23831083, 67522189, 37046337, 30331306, 30809804, 180069300, 109853152, 142626223, 133024700, 117964535, 146059510, 57098611, 91433257, 38568678, 195314443, 169850861, 240024758, 246457470, 180796297, 209936281, 85774478, 29048667, 218813833, 189999302, 137704381]
[239554898, 105465088, 218365829, 203396497, 217698719, 109346344, 97770307, 148322777, 40290812, 53317582, 37400546, 22010658, 175723653, 165222218, 73768585, 222361649, 122267290, 183229434, 110253602, 236404051, 84153860, 126893068, 26600584, 13761399, 219667882, 217646206, 241830177, 9876773, 529557, 31049115, 177676138, 69558821, 243714980, 122743854, 104370347, 60772675, 122493426, 211212441, 84340898, 171023574, 191988092, 6004240, 141975672, 182382331, 60169248, 48856296, 212556591, 125285908, 98653799, 112007566, 217452140, 5555922, 45744348, 73503130, 161775644, 220445681, 117347905, 167087389, 192827476, 136018156, 131109619, 167837843, 182240958, 8391516, 229586495, 213735879, 97850511, 183893057, 194165031, 214936839, 224240891, 154115694, 138837282, 248682662, 216393363, 68549987, 232222394, 1476246, 151179556, 23831083, 186875312, 15363865, 148894419, 175412006, 162336783, 220767862, 257334, 2980324, 159935775, 57531261, 2110292, 132842143, 63114250, 213032620, 38717631, 248261742, 48707030, 155790887, 203784361, 79706266, 135786627, 111571244, 178495, 196385980]
[239554898, 105465088, 218365829, 203396497, 217698719, 109346344, 97770307, 148322777, 40290812, 53317582, 37400546, 22010658, 175723653, 165222218, 73768585, 222361649, 122267290, 183229434, 110253602, 236404051, 84153860, 126893068, 26600584, 13761399, 219667882, 217646206, 241830177, 9876773, 529557, 31049115, 177676138, 69558821, 243714980, 122743854, 104370347, 60772675, 122493426, 211212441, 84340898, 171023574, 191988092, 6004240, 141975672, 182382331, 60169248, 48856296, 212556591, 125285908, 98653799, 112007566, 217452140, 5555922, 45744348, 73503130, 161775644, 220445681, 117347905, 167087389, 192827476, 136018156, 131109619, 167837843, 182240958, 8391516, 229586495, 213735879, 97850511, 183893057, 194165031, 214936839, 224240891, 154115694, 138837282, 248682662, 216393363, 68549987, 232222394, 1476246, 151179556, 23831083, 67522189, 37046337, 30331306, 30809804, 180069300, 109853152, 142626223, 133024700, 213505916, 145828056, 36192707, 210076901, 18631466, 215945163, 194354097, 118288656, 188694160, 140897018, 64230578, 66840202, 180360991, 4969193, 89992265, 52906772]
[239554898, 105465088, 218365829, 203396497, 217698719, 109346344, 97770307, 148322777, 40290812, 53317582, 37400546, 22010658, 175723653, 165222218, 73768585, 222361649, 122267290, 183229434, 110253602, 236404051, 84153860, 126893068, 26600584, 13761399, 219667882, 217646206, 241830177, 9876773, 529557, 31049115, 177676138, 69558821, 243714980, 122743854, 104370347, 60772675, 122493426, 211212441, 84340898, 171023574, 191988092, 6004240, 141975672, 182382331, 60169248, 48856296, 212556591, 125285908, 98653799, 112007566, 217452140, 5555922, 45744348, 73503130, 161775644, 220445681, 117347905, 167087389, 192827476, 16949894, 154797606, 31554297, 227448688, 27607733, 7853203, 140242752, 68768893, 164110998, 12898830, 247773033, 204652173, 205971979, 68424825, 83740896, 201654924, 169231707, 97514553, 121528382, 248758816, 163110820, 139726861, 193829157, 94638618, 50010934, 245101943, 152894996, 85098711, 84256216, 167307796, 39557324, 111587632, 72991358, 245961368, 10151453, 130418649, 63481080, 163004059, 83483146, 178398917, 115511553, 225840349, 95164094, 206760505, 152106158]
[239554898, 105465088, 218365829, 203396497, 217698719, 109346344, 97770307, 148322777, 40290812, 53317582, 37400546, 22010658, 175723653, 165222218, 73768585, 222361649, 122267290, 183229434, 110253602, 236404051, 84153860, 126893068, 26600584, 13761399, 219667882, 217646206, 241830177, 9876773, 529557, 31049115, 177676138, 69558821, 243714980, 122743854, 104370347, 60772675, 122493426, 211212441, 84340898, 171023574, 191988092, 6004240, 141975672, 182382331, 60169248, 48856296, 212556591, 125285908, 98653799, 112007566, 217452140, 5555922, 45744348, 73503130, 161775644, 220445681, 117347905, 167087389, 192827476, 136018156, 131109619, 167837843, 182240958, 8391516, 229586495, 213735879, 97850511, 183893057, 194165031, 214936839, 224240891, 154115694, 138837282, 248682662, 216393363, 68549987, 232222394, 1476246, 151179556, 23831083, 186875312, 15363865, 148894419, 175412006, 162336783, 220767862, 257334, 2980324, 159935775, 57531261, 2110292, 132842143, 180764072, 146670478, 29426298, 138117769, 124771713, 173506613, 27461156, 124150144, 163131638, 101532410, 115022603, 20133338]
[239554898, 105465088, 218365829, 203396497, 217698719, 109346344, 97770307, 148322777, 40290812, 53317582, 37400546, 22010658, 175723653, 165222218, 73768585, 222361649, 122267290, 183229434, 110253602, 236404051, 84153860, 126893068, 26600584, 13761399, 219667882, 217646206, 241830177, 9876773, 529557, 31049115, 177676138, 69558821, 243714980, 122743854, 104370347, 60772675, 122493426, 211212441, 84340898, 171023574, 191988092, 6004240, 141975672, 182382331, 60169248, 48856296, 212556591, 125285908, 98653799, 112007566, 217452140, 5555922, 45744348, 73503130, 161775644, 220445681, 117347905, 167087389, 192827476, 136018156, 131109619, 167837843, 182240958, 8391516, 229586495, 213735879, 97850511, 183893057, 194165031, 214936839, 224240891, 154115694, 138837282, 248682662, 216393363, 68549987, 232222394, 1476246, 151179556, 23831083, 67522189, 37046337, 30331306, 30809804, 180069300, 109853152, 142626223, 133024700, 117964535, 146059510, 57098611, 91433257, 27596929, 238513360, 108481286, 209948443, 85239108, 132667688, 140155475, 49479876, 83094152, 184349964, 8181238, 194507647]
[239554898, 105465088, 218365829, 203396497, 217698719, 109346344, 97770307, 148322777, 40290812, 53317582, 37400546, 22010658, 175723653, 165222218, 73768585, 222361649, 122267290, 183229434, 110253602, 236404051, 84153860, 126893068, 26600584, 13761399, 219667882, 217646206, 241830177, 9876773, 529557, 31049115, 177676138, 69558821, 243714980, 122743854, 104370347, 60772675, 122493426, 211212441, 84340898, 171023574, 191988092, 6004240, 141975672, 182382331, 60169248, 48856296, 212556591, 125285908, 98653799, 112007566, 217452140, 5555922, 45744348, 73503130, 161775644, 220445681, 117347905, 167087389, 192827476, 136018156, 131109619, 167837843, 182240958, 8391516, 229586495, 213735879, 97850511, 183893057, 194165031, 214936839, 224240891, 154115694, 138837282, 248682662, 216393363, 68549987, 232222394, 1476246, 151179556, 23831083, 186875312, 15363865, 148894419, 175412006, 162336783, 220767862, 257334, 2980324, 159935775, 57531261, 2110292, 132842143, 175445337, 3218014, 59524486, 195873983, 134969456, 23498438, 236602853, 192490444, 179990104, 214178727, 38620848, 36697879]
[239554898, 105465088, 218365829, 203396497, 217698719, 109346344, 97770307, 148322777, 40290812, 53317582, 37400546, 22010658, 175723653, 165222218, 73768585, 222361649, 122267290, 183229434, 110253602, 236404051, 84153860, 126893068, 26600584, 13761399, 219667882, 217646206, 241830177, 9876773, 529557, 31049115, 177676138, 69558821, 243714980, 122743854, 104370347, 60772675, 122493426, 211212441, 84340898, 171023574, 191988092, 6004240, 141975672, 182382331, 60169248, 48856296, 212556591, 125285908, 98653799, 112007566, 217452140, 5555922, 45744348, 73503130, 161775644, 220445681, 117347905, 167087389, 192827476, 136018156, 131109619, 167837843, 182240958, 8391516, 229586495, 213735879, 97850511, 183893057, 194165031, 214936839, 224240891, 154115694, 138837282, 248682662, 216393363, 68549987, 232222394, 1476246, 151179556, 23831083, 186875312, 15363865, 148894419, 175412006, 162336783, 220767862, 257334, 2980324, 159935775, 57531261, 2110292, 132842143, 63114250, 213032620, 38717631, 248261742, 48707030, 155790887, 203784361, 54230230, 68102525, 136545178, 77409630, 3823842]
[239554898, 105465088, 218365829, 203396497, 217698719, 109346344, 97770307, 148322777, 40290812, 53317582, 37400546, 22010658, 175723653, 165222218, 73768585, 222361649, 122267290, 183229434, 110253602, 236404051, 84153860, 126893068, 26600584, 13761399, 219667882, 217646206, 241830177, 9876773, 529557, 31049115, 177676138, 69558821, 243714980, 122743854, 104370347, 60772675, 122493426, 211212441, 84340898, 171023574, 191988092, 6004240, 141975672, 182382331, 60169248, 48856296, 212556591, 125285908, 98653799, 112007566, 217452140, 5555922, 45744348, 73503130, 161775644, 220445681, 117347905, 167087389, 192827476, 136018156, 131109619, 167837843, 182240958, 8391516, 229586495, 213735879, 97850511, 183893057, 194165031, 214936839, 224240891, 154115694, 138837282, 248682662, 216393363, 68549987, 232222394, 1476246, 151179556, 23831083, 67522189, 37046337, 30331306, 30809804, 180069300, 109853152, 142626223, 133024700, 117964535, 146059510, 57098611, 91433257, 38568678, 195314443, 163790292, 127761125, 45214676, 214072597, 85358987, 236004411, 142936507, 197474540, 162224279, 60609326]
[239554898, 105465088, 218365829, 203396497, 217698719, 109346344, 97770307, 148322777, 40290812, 53317582, 37400546, 22010658, 175723653, 165222218, 73768585, 222361649, 122267290, 183229434, 110253602, 236404051, 84153860, 126893068, 26600584, 13761399, 219667882, 217646206, 241830177, 9876773, 529557, 31049115, 177676138, 69558821, 243714980, 122743854, 104370347, 60772675, 122493426, 211212441, 84340898, 171023574, 191988092, 6004240, 141975672, 182382331, 60169248, 48856296, 212556591, 125285908, 98653799, 112007566, 217452140, 5555922, 45744348, 73503130, 161775644, 220445681, 117347905, 167087389, 192827476, 136018156, 131109619, 167837843, 182240958, 8391516, 229586495, 213735879, 97850511, 183893057, 194165031, 214936839, 224240891, 154115694, 138837282, 248682662, 216393363, 68549987, 232222394, 1476246, 151179556, 23831083, 186875312, 15363865, 148894419, 175412006, 162336783, 220767862, 257334, 2980324, 159935775, 57531261, 2110292, 132842143, 180764072, 146670478, 29426298, 138117769, 124771713, 173506613, 27461156, 223431827, 171574519, 117157277, 17073238, 182442811]
[239554898, 105465088, 218365829, 203396497, 217698719, 109346344, 97770307, 148322777, 40290812, 53317582, 37400546, 22010658, 175723653, 165222218, 73768585, 222361649, 122267290, 183229434, 110253602, 236404051, 84153860, 126893068, 26600584, 13761399, 219667882, 217646206, 241830177, 9876773, 529557, 31049115, 177676138, 69558821, 243714980, 122743854, 104370347, 60772675, 122493426, 211212441, 84340898, 171023574, 191988092, 6004240, 141975672, 182382331, 60169248, 48856296, 212556591, 125285908, 98653799, 112007566, 217452140, 5555922, 45744348, 73503130, 161775644, 220445681, 117347905, 167087389, 192827476, 136018156, 131109619, 167837843, 182240958, 8391516, 229586495, 213735879, 97850511, 183893057, 194165031, 214936839, 224240891, 154115694, 138837282, 248682662, 216393363, 68549987, 232222394, 1476246, 151179556, 23831083, 186875312, 15363865, 148894419, 175412006, 162336783, 220767862, 257334, 2980324, 159935775, 57531261, 2110292, 132842143, 180764072, 146670478, 29426298, 138117769, 20096346, 48591039, 36017153, 124682740, 241321565, 112844766, 155736600, 20583363]
[239554898, 105465088, 218365829, 203396497, 217698719, 109346344, 97770307, 148322777, 40290812, 53317582, 37400546, 22010658, 175723653, 165222218, 73768585, 222361649, 122267290, 183229434, 110253602, 236404051, 84153860, 126893068, 26600584, 13761399, 219667882, 217646206, 241830177, 9876773, 529557, 31049115, 177676138, 69558821, 243714980, 122743854, 104370347, 60772675, 122493426, 211212441, 84340898, 171023574, 191988092, 6004240, 141975672, 182382331, 60169248, 48856296, 212556591, 125285908, 98653799, 112007566, 217452140, 5555922, 45744348, 73503130, 161775644, 220445681, 117347905, 167087389, 192827476, 136018156, 131109619, 167837843, 182240958, 8391516, 229586495, 213735879, 97850511, 183893057, 194165031, 214936839, 224240891, 154115694, 138837282, 248682662, 216393363, 68549987, 232222394, 1476246, 151179556, 23831083, 67522189, 37046337, 30331306, 30809804, 180069300, 109853152, 142626223, 133024700, 117964535, 146059510, 57098611, 91433257, 27596929, 238513360, 108481286, 209948443, 56184597, 4053209, 89549718, 7700963, 172560252, 227426193, 81993579, 153343518]
[239554898, 105465088, 218365829, 203396497, 217698719, 109346344, 97770307, 148322777, 40290812, 53317582, 37400546, 22010658, 175723653, 165222218, 73768585, 222361649, 122267290, 183229434, 110253602, 236404051, 84153860, 126893068, 26600584, 13761399, 219667882, 217646206, 241830177, 9876773, 529557, 31049115, 177676138, 69558821, 243714980, 122743854, 104370347, 60772675, 122493426, 211212441, 84340898, 171023574, 191988092, 6004240, 141975672, 182382331, 60169248, 48856296, 212556591, 125285908, 98653799, 112007566, 217452140, 5555922, 45744348, 73503130, 161775644, 220445681, 117347905, 167087389, 192827476, 136018156, 131109619, 167837843, 182240958, 8391516, 229586495, 213735879, 97850511, 183893057, 194165031, 214936839, 224240891, 154115694, 138837282, 248682662, 216393363, 68549987, 232222394, 1476246, 151179556, 23831083, 67522189, 37046337, 30331306, 30809804, 180069300, 109853152, 142626223, 133024700, 213505916, 145828056, 36192707, 210076901, 18631466, 215945163, 194354097, 118288656, 112073061, 202801511, 26526868, 118995839, 238011475, 26570701, 20581491, 38149272]
[239554898, 105465088, 218365829, 203396497, 217698719, 109346344, 97770307, 148322777, 40290812, 53317582, 37400546, 22010658, 175723653, 165222218, 73768585, 222361649, 122267290, 183229434, 110253602, 236404051, 84153860, 126893068, 26600584, 13761399, 219667882, 217646206, 241830177, 9876773, 529557, 31049115, 177676138, 69558821, 243714980, 122743854, 104370347, 60772675, 122493426, 211212441, 84340898, 171023574, 191988092, 6004240, 141975672, 182382331, 60169248, 48856296, 212556591, 125285908, 98653799, 112007566, 217452140, 5555922, 45744348, 73503130, 161775644, 220445681, 117347905, 167087389, 192827476, 136018156, 131109619, 167837843, 182240958, 8391516, 229586495, 213735879, 97850511, 183893057, 194165031, 214936839, 224240891, 154115694, 138837282, 248682662, 216393363, 68549987, 232222394, 1476246, 151179556, 23831083, 186875312, 15363865, 148894419, 175412006, 162336783, 220767862, 257334, 140506494, 123970020, 16967665, 162188528, 9006925, 70796904, 136030368, 149540707, 19177680, 119730929, 72336758, 11033292, 125586800, 242201485, 10182012, 2408004, 211512446]
[239554898, 105465088, 218365829, 203396497, 217698719, 109346344, 97770307, 148322777, 40290812, 53317582, 37400546, 22010658, 175723653, 165222218, 73768585, 222361649, 122267290, 183229434, 110253602, 236404051, 84153860, 126893068, 26600584, 13761399, 219667882, 217646206, 241830177, 9876773, 529557, 31049115, 177676138, 69558821, 243714980, 122743854, 104370347, 60772675, 122493426, 211212441, 84340898, 171023574, 191988092, 6004240, 141975672, 182382331, 60169248, 48856296, 212556591, 125285908, 98653799, 112007566, 217452140, 5555922, 45744348, 73503130, 161775644, 220445681, 117347905, 167087389, 192827476, 16949894, 154797606, 31554297, 227448688, 27607733, 7853203, 140242752, 68768893, 164110998, 12898830, 247773033, 204652173, 205971979, 68424825, 160403798, 117872922, 90131011, 162593568, 230345226, 44376985, 76933, 101975899, 156083460, 117175685, 142997913, 127523190, 24591345, 117503723, 97783181, 232447133, 220089946, 25606384, 99992767, 118974322, 156353242, 8207636, 153721168, 207196667, 84942381, 41712610, 62571210, 54798625, 40822924, 218910918, 173111833]
[239554898, 105465088, 218365829, 203396497, 217698719, 109346344, 97770307, 148322777, 40290812, 53317582, 37400546, 22010658, 175723653, 165222218, 73768585, 222361649, 122267290, 183229434, 110253602, 236404051, 84153860, 126893068, 26600584, 13761399, 219667882, 217646206, 241830177, 9876773, 529557, 31049115, 177676138, 69558821, 243714980, 122743854, 104370347, 60772675, 122493426, 211212441, 84340898, 171023574, 191988092, 6004240, 141975672, 182382331, 60169248, 48856296, 212556591, 125285908, 98653799, 112007566, 217452140, 5555922, 45744348, 73503130, 161775644, 220445681, 117347905, 167087389, 192827476, 16949894, 154797606, 31554297, 227448688, 27607733, 7853203, 140242752, 68768893, 164110998, 12898830, 247773033, 204652173, 205971979, 68424825, 160403798, 117872922, 90131011, 162593568, 230345226, 44376985, 76933, 101975899, 156083460, 117175685, 142997913, 127523190, 24591345, 117503723, 97783181, 232447133, 220089946, 25606384, 99992767, 118974322, 156353242, 8207636, 153721168, 207196667, 84942381, 41712610, 62571210, 54798625, 40822924, 218910918, 76028145]
[239554898, 105465088, 218365829, 203396497, 217698719, 109346344, 97770307, 148322777, 40290812, 53317582, 37400546, 22010658, 175723653, 165222218, 73768585, 222361649, 122267290, 183229434, 110253602, 236404051, 84153860, 126893068, 26600584, 13761399, 219667882, 217646206, 241830177, 9876773, 529557, 31049115, 177676138, 69558821, 243714980, 122743854, 104370347, 60772675, 122493426, 211212441, 84340898, 171023574, 191988092, 6004240, 141975672, 182382331, 60169248, 48856296, 212556591, 125285908, 98653799, 112007566, 217452140, 5555922, 45744348, 73503130, 161775644, 220445681, 117347905, 167087389, 192827476, 136018156, 131109619, 167837843, 182240958, 8391516, 229586495, 213735879, 97850511, 183893057, 194165031, 214936839, 224240891, 154115694, 138837282, 248682662, 216393363, 68549987, 232222394, 1476246, 151179556, 23831083, 186875312, 15363865, 148894419, 175412006, 162336783, 220767862, 257334, 140506494, 123970020, 16967665, 162188528, 9006925, 16419828, 9832030, 101231843, 242806185, 184700778, 178941896, 229122355, 186011294, 238674224, 248986504, 142870065, 42391962]
[239554898, 105465088, 218365829, 203396497, 217698719, 109346344, 97770307, 148322777, 40290812, 53317582, 37400546, 22010658, 175723653, 165222218, 73768585, 222361649, 122267290, 183229434, 110253602, 236404051, 84153860, 126893068, 26600584, 13761399, 219667882, 217646206, 241830177, 9876773, 529557, 31049115, 177676138, 69558821, 243714980, 122743854, 104370347, 60772675, 122493426, 211212441, 84340898, 171023574, 191988092, 6004240, 141975672, 182382331, 60169248, 48856296, 212556591, 125285908, 98653799, 112007566, 217452140, 5555922, 45744348, 73503130, 161775644, 220445681, 117347905, 167087389, 192827476, 30322964, 129797693, 162069456, 20098438, 175458121, 154340491, 200438724, 50980885, 218284050, 35865695, 35960691, 173099041, 248672976, 217120534, 97773753, 5693530, 103311836, 7361823, 87771202, 105809505, 22382340, 39666005, 202644599, 8269985, 227419249, 183354607, 194933427, 13040324, 200577707, 182868465, 214988932, 217080839, 134840078, 122769596, 246142629, 68179485, 171653099, 397352, 133878064, 127272763, 209264059, 200638571, 123392448, 225342526, 104441233]
[239554898, 105465088, 218365829, 203396497, 217698719, 109346344, 97770307, 148322777, 40290812, 53317582, 37400546, 22010658, 175723653, 165222218, 73768585, 222361649, 122267290, 183229434, 110253602, 236404051, 84153860, 126893068, 26600584, 13761399, 219667882, 217646206, 241830177, 9876773, 529557, 31049115, 177676138, 69558821, 243714980, 122743854, 104370347, 60772675, 122493426, 211212441, 84340898, 171023574, 191988092, 6004240, 141975672, 182382331, 60169248, 48856296, 212556591, 125285908, 98653799, 112007566, 217452140, 5555922, 45744348, 73503130, 161775644, 220445681, 117347905, 167087389, 192827476, 136018156, 131109619, 167837843, 182240958, 8391516, 229586495, 213735879, 97850511, 183893057, 194165031, 214936839, 224240891, 154115694, 138837282, 248682662, 216393363, 68549987, 232222394, 1476246, 151179556, 23831083, 67522189, 37046337, 30331306, 30809804, 180069300, 109853152, 142626223, 133024700, 213505916, 123561113, 138092197, 82592552, 175310019, 103121523, 23245329, 29484858, 144073463, 104990896, 201160449, 150056184, 1384566, 193317298, 163006192, 37366422]
[239554898, 105465088, 218365829, 203396497, 217698719, 109346344, 97770307, 148322777, 40290812, 53317582, 37400546, 22010658, 175723653, 165222218, 73768585, 222361649, 122267290, 183229434, 110253602, 236404051, 84153860, 126893068, 26600584, 13761399, 219667882, 217646206, 241830177, 9876773, 529557, 31049115, 177676138, 69558821, 243714980, 122743854, 104370347, 60772675, 122493426, 211212441, 84340898, 171023574, 191988092, 6004240, 141975672, 182382331, 60169248, 48856296, 212556591, 125285908, 98653799, 112007566, 217452140, 5555922, 45744348, 73503130, 161775644, 220445681, 117347905, 167087389, 192827476, 136018156, 131109619, 167837843, 182240958, 8391516, 229586495, 213735879, 97850511, 183893057, 194165031, 214936839, 224240891, 154115694, 138837282, 248682662, 216393363, 68549987, 232222394, 1476246, 151179556, 23831083, 186875312, 15363865, 148894419, 175412006, 162336783, 220767862, 257334, 140506494, 123970020, 16967665, 162188528, 9006925, 16419828, 9832030, 101231843, 242806185, 184700778, 178941896, 229122355, 186011294, 238674224, 100111295, 160524423, 214797262]
[239554898, 105465088, 218365829, 203396497, 217698719, 109346344, 97770307, 148322777, 40290812, 53317582, 37400546, 22010658, 175723653, 165222218, 73768585, 222361649, 122267290, 183229434, 110253602, 236404051, 84153860, 126893068, 26600584, 13761399, 219667882, 217646206, 241830177, 9876773, 529557, 31049115, 177676138, 69558821, 243714980, 122743854, 104370347, 60772675, 122493426, 211212441, 84340898, 171023574, 191988092, 6004240, 141975672, 182382331, 60169248, 48856296, 212556591, 125285908, 98653799, 112007566, 217452140, 5555922, 45744348, 73503130, 161775644, 220445681, 117347905, 167087389, 192827476, 136018156, 131109619, 167837843, 182240958, 8391516, 229586495, 213735879, 97850511, 183893057, 194165031, 214936839, 224240891, 154115694, 138837282, 248682662, 216393363, 68549987, 232222394, 1476246, 151179556, 23831083, 67522189, 37046337, 30331306, 30809804, 25267365, 33628761, 120843493, 60323715, 141937992, 214517939, 159351707, 225092483, 171806910, 228378040, 237812772, 201916728, 165088190, 186778219, 14214200, 210875311, 56560810, 155182725, 34236459, 118439784]
[239554898, 105465088, 218365829, 203396497, 217698719, 109346344, 97770307, 148322777, 40290812, 53317582, 37400546, 22010658, 175723653, 165222218, 73768585, 222361649, 122267290, 183229434, 110253602, 236404051, 84153860, 126893068, 26600584, 13761399, 219667882, 217646206, 241830177, 9876773, 529557, 31049115, 177676138, 69558821, 243714980, 122743854, 104370347, 60772675, 122493426, 211212441, 84340898, 171023574, 191988092, 6004240, 141975672, 182382331, 60169248, 48856296, 212556591, 125285908, 98653799, 112007566, 217452140, 5555922, 45744348, 73503130, 161775644, 220445681, 117347905, 167087389, 192827476, 136018156, 131109619, 167837843, 182240958, 8391516, 229586495, 213735879, 97850511, 183893057, 194165031, 214936839, 224240891, 154115694, 138837282, 248682662, 216393363, 68549987, 232222394, 1476246, 151179556, 23831083, 67522189, 37046337, 30331306, 30809804, 180069300, 109853152, 142626223, 133024700, 117964535, 146059510, 67770928, 76232463, 91833605, 163571838, 57833901, 195748756, 157389207, 160441688, 65141650, 152436886, 57229150, 134485987, 11900735, 23723567]
[239554898, 105465088, 218365829, 203396497, 217698719, 109346344, 97770307, 148322777, 40290812, 53317582, 37400546, 22010658, 175723653, 165222218, 73768585, 222361649, 122267290, 183229434, 110253602, 236404051, 84153860, 126893068, 26600584, 13761399, 219667882, 217646206, 241830177, 9876773, 529557, 31049115, 177676138, 69558821, 243714980, 122743854, 104370347, 60772675, 122493426, 211212441, 84340898, 171023574, 191988092, 6004240, 141975672, 182382331, 60169248, 48856296, 212556591, 125285908, 98653799, 112007566, 217452140, 5555922, 45744348, 73503130, 161775644, 220445681, 117347905, 167087389, 192827476, 136018156, 131109619, 167837843, 182240958, 8391516, 229586495, 213735879, 97850511, 183893057, 194165031, 214936839, 224240891, 154115694, 138837282, 248682662, 216393363, 68549987, 232222394, 1476246, 151179556, 23831083, 67522189, 37046337, 30331306, 30809804, 180069300, 109853152, 142626223, 133024700, 213505916, 145828056, 36192707, 210076901, 18631466, 52777234, 8271894, 104723084, 103227377, 83603035, 145670874, 248686775, 89906296, 134505737, 78507979, 248084958]
[239554898, 105465088, 218365829, 203396497, 217698719, 109346344, 97770307, 148322777, 40290812, 53317582, 37400546, 22010658, 175723653, 165222218, 73768585, 222361649, 122267290, 183229434, 110253602, 236404051, 84153860, 126893068, 26600584, 13761399, 219667882, 217646206, 241830177, 9876773, 529557, 31049115, 177676138, 69558821, 243714980, 122743854, 104370347, 60772675, 122493426, 211212441, 84340898, 171023574, 191988092, 6004240, 141975672, 182382331, 60169248, 48856296, 212556591, 125285908, 98653799, 112007566, 217452140, 5555922, 45744348, 73503130, 161775644, 220445681, 117347905, 167087389, 192827476, 136018156, 131109619, 167837843, 182240958, 8391516, 229586495, 213735879, 97850511, 183893057, 194165031, 214936839, 224240891, 154115694, 138837282, 248682662, 216393363, 68549987, 232222394, 1476246, 151179556, 186122913, 60417403, 105641232, 103260047, 84908356, 81305338, 211941960, 104809977, 2487619, 39174934, 92465273, 217030056, 182049469, 242040077, 19631697, 184520543, 5942112, 145431116, 178848958, 146955908, 248404724, 155492078, 125238473, 205167369, 72386425]
[239554898, 105465088, 218365829, 203396497, 217698719, 109346344, 97770307, 148322777, 40290812, 53317582, 37400546, 22010658, 175723653, 165222218, 73768585, 222361649, 122267290, 183229434, 110253602, 236404051, 84153860, 126893068, 26600584, 13761399, 219667882, 217646206, 241830177, 9876773, 529557, 31049115, 177676138, 69558821, 243714980, 122743854, 104370347, 60772675, 122493426, 211212441, 84340898, 171023574, 191988092, 6004240, 141975672, 182382331, 60169248, 48856296, 212556591, 125285908, 98653799, 112007566, 217452140, 5555922, 45744348, 73503130, 161775644, 220445681, 117347905, 167087389, 192827476, 30322964, 129797693, 162069456, 20098438, 175458121, 154340491, 200438724, 50980885, 218284050, 35865695, 35960691, 173099041, 248672976, 217120534, 97773753, 5693530, 103311836, 7361823, 87771202, 105809505, 22382340, 39666005, 110445834, 30069573, 167718405, 148353367, 35952887, 18398126, 131689514, 87282603, 71592258, 19510767, 36981584, 169901166, 6993812, 97074571, 245927872, 37113438, 55892894, 64155205, 146301572, 188650861, 60395009, 160558581, 166443215]
[239554898, 105465088, 218365829, 203396497, 217698719, 109346344, 97770307, 148322777, 40290812, 53317582, 37400546, 22010658, 175723653, 165222218, 73768585, 222361649, 122267290, 183229434, 110253602, 236404051, 84153860, 126893068, 26600584, 13761399, 219667882, 217646206, 241830177, 9876773, 529557, 31049115, 177676138, 69558821, 243714980, 122743854, 104370347, 60772675, 122493426, 211212441, 84340898, 171023574, 191988092, 6004240, 141975672, 182382331, 60169248, 48856296, 212556591, 125285908, 98653799, 112007566, 217452140, 5555922, 45744348, 73503130, 161775644, 220445681, 117347905, 167087389, 192827476, 136018156, 131109619, 167837843, 182240958, 8391516, 229586495, 213735879, 97850511, 183893057, 194165031, 214936839, 224240891, 154115694, 138837282, 248682662, 216393363, 68549987, 232222394, 1476246, 151179556, 186122913, 60417403, 105641232, 103260047, 84908356, 81305338, 160418988, 65263081, 194339786, 204506009, 248186273, 173008625, 182670290, 29112124, 180697443, 196876595, 198617797, 217337664, 200490864, 151435112, 75147227, 165069626, 48105191, 233577297, 180585908]
[239554898, 105465088, 218365829, 203396497, 217698719, 109346344, 97770307, 148322777, 40290812, 53317582, 37400546, 22010658, 175723653, 165222218, 73768585, 222361649, 122267290, 183229434, 110253602, 236404051, 84153860, 126893068, 26600584, 13761399, 219667882, 217646206, 241830177, 9876773, 529557, 31049115, 177676138, 69558821, 243714980, 122743854, 104370347, 60772675, 122493426, 211212441, 84340898, 171023574, 191988092, 6004240, 141975672, 182382331, 60169248, 48856296, 212556591, 125285908, 98653799, 112007566, 217452140, 5555922, 45744348, 73503130, 161775644, 220445681, 117347905, 167087389, 192827476, 136018156, 131109619, 167837843, 182240958, 8391516, 229586495, 213735879, 97850511, 183893057, 194165031, 214936839, 224240891, 154115694, 138837282, 248682662, 216393363, 68549987, 232222394, 1476246, 151179556, 23831083, 186875312, 15363865, 148894419, 175412006, 162336783, 220767862, 257334, 2980324, 159935775, 57531261, 2110292, 132842143, 175445337, 3218014, 59524486, 195873983, 134969456, 23498438, 236602853, 62160445, 129340010, 53587201, 68620663, 226314182]
[239554898, 105465088, 218365829, 203396497, 217698719, 109346344, 97770307, 148322777, 40290812, 53317582, 37400546, 22010658, 175723653, 165222218, 73768585, 222361649, 122267290, 183229434, 110253602, 236404051, 84153860, 126893068, 26600584, 13761399, 219667882, 217646206, 241830177, 9876773, 529557, 31049115, 177676138, 69558821, 243714980, 122743854, 104370347, 60772675, 122493426, 211212441, 84340898, 171023574, 191988092, 6004240, 141975672, 182382331, 60169248, 48856296, 212556591, 125285908, 98653799, 112007566, 217452140, 5555922, 45744348, 73503130, 161775644, 220445681, 117347905, 167087389, 192827476, 136018156, 131109619, 167837843, 182240958, 8391516, 229586495, 213735879, 97850511, 183893057, 194165031, 214936839, 224240891, 154115694, 138837282, 248682662, 216393363, 68549987, 232222394, 1476246, 151179556, 23831083, 186875312, 15363865, 148894419, 175412006, 162336783, 220767862, 257334, 2980324, 159935775, 57531261, 2110292, 132842143, 175445337, 3218014, 59524486, 195873983, 134969456, 242249109, 186640499, 119914522, 218229796, 111064755, 152919047, 75226537]
[239554898, 105465088, 218365829, 203396497, 217698719, 109346344, 97770307, 148322777, 40290812, 53317582, 37400546, 22010658, 175723653, 165222218, 73768585, 222361649, 122267290, 183229434, 110253602, 236404051, 84153860, 126893068, 26600584, 13761399, 219667882, 217646206, 241830177, 9876773, 529557, 31049115, 177676138, 69558821, 243714980, 122743854, 104370347, 60772675, 122493426, 211212441, 84340898, 171023574, 191988092, 6004240, 141975672, 182382331, 60169248, 48856296, 212556591, 125285908, 98653799, 112007566, 217452140, 5555922, 45744348, 73503130, 161775644, 220445681, 117347905, 167087389, 192827476, 136018156, 131109619, 167837843, 182240958, 8391516, 229586495, 213735879, 97850511, 183893057, 194165031, 214936839, 224240891, 154115694, 138837282, 248682662, 216393363, 68549987, 232222394, 1476246, 151179556, 186122913, 60417403, 105641232, 103260047, 84908356, 81305338, 160418988, 65263081, 194339786, 204506009, 248186273, 173008625, 182670290, 29112124, 180697443, 196876595, 198617797, 217337664, 200490864, 151435112, 75147227, 222281628, 147457727, 147315179, 27338282]
[239554898, 105465088, 218365829, 203396497, 217698719, 109346344, 97770307, 148322777, 40290812, 53317582, 37400546, 22010658, 175723653, 165222218, 73768585, 222361649, 122267290, 183229434, 110253602, 236404051, 84153860, 126893068, 26600584, 13761399, 219667882, 217646206, 241830177, 9876773, 529557, 31049115, 177676138, 69558821, 243714980, 122743854, 104370347, 60772675, 122493426, 211212441, 84340898, 171023574, 191988092, 6004240, 141975672, 182382331, 60169248, 48856296, 212556591, 125285908, 98653799, 112007566, 217452140, 5555922, 45744348, 73503130, 161775644, 220445681, 117347905, 167087389, 192827476, 30322964, 129797693, 162069456, 20098438, 175458121, 154340491, 200438724, 50980885, 218284050, 41182885, 54506857, 78043547, 1605079, 36994883, 167476512, 84602607, 136635004, 82774592, 181994661, 94214124, 242953261, 177936239, 115570111, 26692013, 2990388, 120026433, 26376298, 118170346, 33166470, 202562618, 46228497, 77391020, 36586039, 72004815, 5868703, 17944968, 237299864, 195166319, 145257292, 112199636, 137090044, 199795682, 210631861, 107346844, 184465242]
[239554898, 105465088, 218365829, 203396497, 217698719, 109346344, 97770307, 148322777, 40290812, 53317582, 37400546, 22010658, 175723653, 165222218, 73768585, 222361649, 122267290, 183229434, 110253602, 236404051, 84153860, 126893068, 26600584, 13761399, 219667882, 217646206, 241830177, 9876773, 529557, 31049115, 177676138, 69558821, 243714980, 122743854, 104370347, 60772675, 122493426, 211212441, 84340898, 171023574, 191988092, 6004240, 141975672, 182382331, 60169248, 48856296, 212556591, 125285908, 98653799, 112007566, 217452140, 5555922, 45744348, 73503130, 161775644, 220445681, 117347905, 167087389, 192827476, 30322964, 129797693, 162069456, 20098438, 175458121, 154340491, 200438724, 50980885, 218284050, 35865695, 35960691, 173099041, 248672976, 217120534, 97773753, 5693530, 103311836, 7361823, 87771202, 105809505, 22382340, 39666005, 110445834, 30069573, 167718405, 148353367, 35952887, 18398126, 131689514, 87282603, 71592258, 19510767, 36981584, 169901166, 6993812, 97074571, 245927872, 37113438, 55892894, 64155205, 146301572, 230524718, 238510494, 49254899, 20996905]
[239554898, 105465088, 218365829, 203396497, 217698719, 109346344, 97770307, 148322777, 40290812, 53317582, 37400546, 22010658, 175723653, 165222218, 73768585, 222361649, 122267290, 183229434, 110253602, 236404051, 84153860, 126893068, 26600584, 13761399, 219667882, 217646206, 241830177, 9876773, 529557, 31049115, 177676138, 69558821, 243714980, 122743854, 104370347, 60772675, 122493426, 211212441, 84340898, 171023574, 191988092, 6004240, 141975672, 182382331, 60169248, 48856296, 212556591, 125285908, 98653799, 112007566, 217452140, 5555922, 45744348, 73503130, 161775644, 220445681, 117347905, 167087389, 192827476, 136018156, 131109619, 167837843, 182240958, 8391516, 229586495, 213735879, 97850511, 183893057, 194165031, 214936839, 224240891, 154115694, 138837282, 248682662, 216393363, 68549987, 232222394, 1476246, 151179556, 23831083, 186875312, 15363865, 148894419, 175412006, 162336783, 220767862, 257334, 2980324, 159935775, 57531261, 2110292, 132842143, 180764072, 146670478, 29426298, 138117769, 124771713, 173506613, 27461156, 124150144, 163131638, 101532410, 115022603, 236521626]
[239554898, 105465088, 218365829, 203396497, 217698719, 109346344, 97770307, 148322777, 40290812, 53317582, 37400546, 22010658, 175723653, 165222218, 73768585, 222361649, 122267290, 183229434, 110253602, 236404051, 84153860, 126893068, 26600584, 13761399, 219667882, 217646206, 241830177, 9876773, 529557, 31049115, 177676138, 69558821, 243714980, 122743854, 104370347, 60772675, 122493426, 211212441, 84340898, 171023574, 191988092, 6004240, 141975672, 182382331, 60169248, 48856296, 212556591, 125285908, 98653799, 112007566, 217452140, 5555922, 45744348, 73503130, 161775644, 220445681, 117347905, 167087389, 192827476, 30322964, 129797693, 162069456, 20098438, 175458121, 154340491, 200438724, 50980885, 218284050, 35865695, 35960691, 173099041, 248672976, 217120534, 97773753, 5693530, 103311836, 7361823, 87771202, 105809505, 22382340, 39666005, 110445834, 30069573, 167718405, 148353367, 35952887, 18398126, 131689514, 87282603, 71592258, 19510767, 36981584, 169901166, 6993812, 97074571, 245927872, 37113438, 55892894, 64155205, 146301572, 188650861, 60395009, 167507558, 154765551]
[239554898, 105465088, 218365829, 203396497, 217698719, 109346344, 97770307, 148322777, 40290812, 53317582, 37400546, 22010658, 175723653, 165222218, 73768585, 222361649, 122267290, 183229434, 110253602, 236404051, 84153860, 126893068, 26600584, 13761399, 219667882, 217646206, 241830177, 9876773, 529557, 31049115, 177676138, 69558821, 243714980, 122743854, 104370347, 60772675, 122493426, 211212441, 84340898, 171023574, 191988092, 6004240, 141975672, 182382331, 60169248, 48856296, 212556591, 125285908, 98653799, 112007566, 217452140, 5555922, 45744348, 73503130, 161775644, 220445681, 117347905, 167087389, 192827476, 136018156, 131109619, 167837843, 182240958, 8391516, 229586495, 213735879, 97850511, 183893057, 194165031, 214936839, 224240891, 154115694, 138837282, 248682662, 216393363, 68549987, 232222394, 1476246, 151179556, 186122913, 60417403, 105641232, 103260047, 84908356, 81305338, 160418988, 65263081, 194339786, 204506009, 248186273, 173008625, 182670290, 29112124, 180697443, 196876595, 198617797, 217337664, 200490864, 151435112, 75147227, 222281628, 147457727, 245641243, 74248901]
[239554898, 105465088, 218365829, 203396497, 217698719, 109346344, 97770307, 148322777, 40290812, 53317582, 37400546, 22010658, 175723653, 165222218, 73768585, 222361649, 122267290, 183229434, 110253602, 236404051, 84153860, 126893068, 26600584, 13761399, 219667882, 217646206, 241830177, 9876773, 529557, 31049115, 177676138, 69558821, 243714980, 122743854, 104370347, 60772675, 122493426, 211212441, 84340898, 171023574, 191988092, 6004240, 141975672, 182382331, 60169248, 48856296, 212556591, 125285908, 98653799, 112007566, 217452140, 5555922, 45744348, 73503130, 161775644, 220445681, 117347905, 167087389, 192827476, 136018156, 131109619, 167837843, 182240958, 8391516, 229586495, 213735879, 97850511, 183893057, 194165031, 214936839, 224240891, 154115694, 138837282, 248682662, 216393363, 68549987, 232222394, 1476246, 151179556, 23831083, 186875312, 15363865, 148894419, 175412006, 162336783, 220767862, 257334, 2980324, 159935775, 57531261, 2110292, 132842143, 175445337, 3218014, 59524486, 195873983, 134969456, 242249109, 186640499, 119914522, 166939565, 214474418, 208594185, 129239866]
[239554898, 105465088, 218365829, 203396497, 217698719, 109346344, 97770307, 148322777, 40290812, 53317582, 37400546, 22010658, 175723653, 165222218, 73768585, 222361649, 122267290, 183229434, 110253602, 236404051, 84153860, 126893068, 26600584, 13761399, 219667882, 217646206, 241830177, 9876773, 529557, 31049115, 177676138, 69558821, 243714980, 122743854, 104370347, 60772675, 122493426, 211212441, 84340898, 171023574, 191988092, 6004240, 141975672, 182382331, 60169248, 48856296, 212556591, 125285908, 98653799, 112007566, 217452140, 5555922, 45744348, 73503130, 161775644, 220445681, 117347905, 167087389, 192827476, 136018156, 131109619, 167837843, 182240958, 8391516, 229586495, 213735879, 97850511, 183893057, 194165031, 214936839, 224240891, 154115694, 138837282, 248682662, 216393363, 68549987, 232222394, 1476246, 151179556, 23831083, 67522189, 37046337, 30331306, 30809804, 25267365, 33628761, 120843493, 60323715, 141937992, 214517939, 159351707, 225092483, 171806910, 14044454, 242868175, 51611021, 103323002, 82673646, 209696386, 168223732, 190658279, 94966188, 166500670, 69633903]
[239554898, 105465088, 218365829, 203396497, 217698719, 109346344, 97770307, 148322777, 40290812, 53317582, 37400546, 22010658, 175723653, 165222218, 73768585, 222361649, 122267290, 183229434, 110253602, 236404051, 84153860, 126893068, 26600584, 13761399, 219667882, 217646206, 241830177, 9876773, 529557, 31049115, 177676138, 69558821, 243714980, 122743854, 104370347, 60772675, 122493426, 211212441, 84340898, 171023574, 191988092, 6004240, 141975672, 182382331, 60169248, 48856296, 212556591, 125285908, 98653799, 112007566, 217452140, 5555922, 45744348, 73503130, 161775644, 220445681, 117347905, 167087389, 192827476, 30322964, 129797693, 162069456, 20098438, 175458121, 154340491, 200438724, 50980885, 218284050, 35865695, 35960691, 173099041, 248672976, 217120534, 97773753, 5693530, 103311836, 7361823, 87771202, 105809505, 22382340, 39666005, 110445834, 30069573, 167718405, 148353367, 35952887, 18398126, 131689514, 87282603, 71592258, 19510767, 36981584, 169901166, 6993812, 97074571, 245927872, 37113438, 55892894, 219357831, 157489539, 114310951, 36771211, 120534279, 156796502]
[239554898, 105465088, 218365829, 203396497, 217698719, 109346344, 97770307, 148322777, 40290812, 53317582, 37400546, 22010658, 175723653, 165222218, 73768585, 222361649, 122267290, 183229434, 110253602, 236404051, 84153860, 126893068, 26600584, 13761399, 219667882, 217646206, 241830177, 9876773, 529557, 31049115, 177676138, 69558821, 243714980, 122743854, 104370347, 60772675, 122493426, 211212441, 84340898, 171023574, 191988092, 6004240, 141975672, 182382331, 60169248, 48856296, 212556591, 125285908, 98653799, 112007566, 217452140, 5555922, 45744348, 73503130, 161775644, 220445681, 117347905, 167087389, 192827476, 136018156, 131109619, 167837843, 182240958, 8391516, 229586495, 213735879, 97850511, 183893057, 194165031, 214936839, 224240891, 154115694, 138837282, 248682662, 216393363, 68549987, 232222394, 1476246, 151179556, 23831083, 67522189, 37046337, 30331306, 30809804, 180069300, 109853152, 142626223, 133024700, 117964535, 146059510, 67770928, 76232463, 91833605, 163571838, 57833901, 195748756, 209930242, 193807970, 183301653, 202171939, 18831505, 2227495, 207236679, 36198955]
[239554898, 105465088, 218365829, 203396497, 217698719, 109346344, 97770307, 148322777, 40290812, 53317582, 37400546, 22010658, 175723653, 165222218, 73768585, 222361649, 122267290, 183229434, 110253602, 236404051, 84153860, 126893068, 26600584, 13761399, 219667882, 217646206, 241830177, 9876773, 529557, 31049115, 177676138, 69558821, 243714980, 122743854, 104370347, 60772675, 122493426, 211212441, 84340898, 171023574, 191988092, 6004240, 141975672, 182382331, 60169248, 48856296, 212556591, 125285908, 98653799, 112007566, 217452140, 5555922, 45744348, 73503130, 161775644, 220445681, 117347905, 167087389, 192827476, 136018156, 131109619, 167837843, 182240958, 8391516, 229586495, 213735879, 97850511, 183893057, 194165031, 214936839, 224240891, 154115694, 138837282, 248682662, 216393363, 68549987, 232222394, 1476246, 151179556, 23831083, 67522189, 37046337, 30331306, 30809804, 180069300, 109853152, 142626223, 133024700, 213505916, 145828056, 36192707, 210076901, 18631466, 52777234, 8271894, 104723084, 171119738, 54278901, 212843278, 211592638, 189366371, 111889555, 62174317, 246056502]
[239554898, 105465088, 218365829, 203396497, 217698719, 109346344, 97770307, 148322777, 40290812, 53317582, 37400546, 22010658, 175723653, 165222218, 73768585, 222361649, 122267290, 183229434, 110253602, 236404051, 84153860, 126893068, 26600584, 13761399, 219667882, 217646206, 241830177, 9876773, 529557, 31049115, 177676138, 69558821, 243714980, 122743854, 104370347, 60772675, 122493426, 211212441, 84340898, 171023574, 191988092, 6004240, 141975672, 182382331, 60169248, 48856296, 212556591, 125285908, 98653799, 112007566, 217452140, 5555922, 45744348, 73503130, 161775644, 220445681, 117347905, 167087389, 192827476, 136018156, 131109619, 167837843, 182240958, 8391516, 229586495, 213735879, 97850511, 183893057, 194165031, 214936839, 224240891, 154115694, 138837282, 248682662, 216393363, 68549987, 232222394, 1476246, 151179556, 23831083, 67522189, 37046337, 30331306, 30809804, 180069300, 109853152, 142626223, 133024700, 117964535, 146059510, 57098611, 91433257, 38568678, 195314443, 163790292, 132089438, 135535892, 188196428, 230332710, 139406056, 169058221, 61524776, 245674579, 19375650]
[239554898, 105465088, 218365829, 203396497, 217698719, 109346344, 97770307, 148322777, 40290812, 53317582, 37400546, 22010658, 175723653, 165222218, 73768585, 222361649, 122267290, 183229434, 110253602, 236404051, 84153860, 126893068, 26600584, 13761399, 219667882, 217646206, 241830177, 9876773, 529557, 31049115, 177676138, 69558821, 243714980, 122743854, 104370347, 60772675, 122493426, 211212441, 84340898, 171023574, 191988092, 6004240, 141975672, 182382331, 60169248, 48856296, 212556591, 125285908, 98653799, 112007566, 217452140, 5555922, 45744348, 73503130, 161775644, 220445681, 117347905, 167087389, 192827476, 136018156, 131109619, 167837843, 182240958, 8391516, 229586495, 213735879, 97850511, 183893057, 194165031, 214936839, 224240891, 154115694, 138837282, 248682662, 216393363, 68549987, 232222394, 1476246, 151179556, 23831083, 67522189, 37046337, 30331306, 30809804, 25267365, 33628761, 120843493, 60323715, 161552165, 45948928, 156724531, 180735508, 5908663, 114031681, 141076187, 224981968, 91303488, 200060074, 234208343, 176467440, 54625724, 221165825, 148659635, 238410601]
[239554898, 105465088, 218365829, 203396497, 217698719, 109346344, 97770307, 148322777, 40290812, 53317582, 37400546, 22010658, 175723653, 165222218, 73768585, 222361649, 122267290, 183229434, 110253602, 236404051, 84153860, 126893068, 26600584, 13761399, 219667882, 217646206, 241830177, 9876773, 529557, 31049115, 177676138, 69558821, 243714980, 122743854, 104370347, 60772675, 122493426, 211212441, 84340898, 171023574, 191988092, 6004240, 141975672, 182382331, 60169248, 48856296, 212556591, 125285908, 98653799, 112007566, 217452140, 5555922, 45744348, 73503130, 161775644, 220445681, 117347905, 167087389, 192827476, 136018156, 131109619, 167837843, 182240958, 8391516, 229586495, 213735879, 97850511, 183893057, 194165031, 214936839, 224240891, 154115694, 138837282, 248682662, 216393363, 68549987, 232222394, 1476246, 151179556, 186122913, 60417403, 105641232, 103260047, 84908356, 81305338, 160418988, 65263081, 194339786, 204506009, 248186273, 173008625, 182670290, 29112124, 7406428, 28666481, 106002348, 140172784, 140573007, 131330324, 247502157, 166180177, 169790050, 68933261, 41896498]
[239554898, 105465088, 218365829, 203396497, 217698719, 109346344, 97770307, 148322777, 40290812, 53317582, 37400546, 22010658, 175723653, 165222218, 73768585, 222361649, 122267290, 183229434, 110253602, 236404051, 84153860, 126893068, 26600584, 13761399, 219667882, 217646206, 241830177, 9876773, 529557, 31049115, 177676138, 69558821, 243714980, 122743854, 104370347, 60772675, 122493426, 211212441, 84340898, 171023574, 191988092, 6004240, 141975672, 182382331, 60169248, 48856296, 212556591, 125285908, 98653799, 112007566, 217452140, 5555922, 45744348, 73503130, 161775644, 220445681, 117347905, 167087389, 192827476, 136018156, 131109619, 167837843, 182240958, 8391516, 229586495, 213735879, 97850511, 183893057, 194165031, 214936839, 224240891, 154115694, 138837282, 248682662, 216393363, 68549987, 232222394, 1476246, 151179556, 23831083, 67522189, 37046337, 30331306, 30809804, 180069300, 109853152, 142626223, 133024700, 117964535, 146059510, 57098611, 91433257, 38568678, 195314443, 163790292, 132089438, 135535892, 54485142, 175395672, 126926272, 28309940, 59678656, 25052604, 53425176]
[239554898, 105465088, 218365829, 203396497, 217698719, 109346344, 97770307, 148322777, 40290812, 53317582, 37400546, 22010658, 175723653, 165222218, 73768585, 222361649, 122267290, 183229434, 110253602, 236404051, 84153860, 126893068, 26600584, 13761399, 219667882, 217646206, 241830177, 9876773, 529557, 31049115, 177676138, 69558821, 243714980, 122743854, 104370347, 60772675, 122493426, 211212441, 84340898, 171023574, 191988092, 6004240, 141975672, 182382331, 60169248, 48856296, 212556591, 125285908, 98653799, 112007566, 217452140, 5555922, 45744348, 73503130, 161775644, 220445681, 117347905, 167087389, 192827476, 30322964, 129797693, 162069456, 20098438, 175458121, 154340491, 200438724, 50980885, 218284050, 35865695, 35960691, 173099041, 248672976, 217120534, 97773753, 5693530, 103311836, 7361823, 87771202, 105809505, 22382340, 39666005, 202644599, 8269985, 227419249, 183354607, 194933427, 13040324, 200577707, 182868465, 214988932, 217080839, 134840078, 122769596, 246142629, 68179485, 171653099, 110778708, 80714657, 39567580, 21126624, 191955173, 143103297, 182830585, 113269035]
[239554898, 105465088, 218365829, 203396497, 217698719, 109346344, 97770307, 148322777, 40290812, 53317582, 37400546, 22010658, 175723653, 165222218, 73768585, 222361649, 122267290, 183229434, 110253602, 236404051, 84153860, 126893068, 26600584, 13761399, 219667882, 217646206, 241830177, 9876773, 529557, 31049115, 177676138, 69558821, 243714980, 122743854, 104370347, 60772675, 122493426, 211212441, 84340898, 171023574, 191988092, 6004240, 141975672, 182382331, 60169248, 48856296, 212556591, 125285908, 98653799, 112007566, 217452140, 5555922, 45744348, 73503130, 161775644, 220445681, 117347905, 167087389, 192827476, 30322964, 129797693, 162069456, 20098438, 175458121, 154340491, 200438724, 50980885, 218284050, 35865695, 35960691, 173099041, 248672976, 217120534, 97773753, 5693530, 103311836, 7361823, 87771202, 105809505, 22382340, 39666005, 202644599, 8269985, 227419249, 183354607, 194933427, 13040324, 200577707, 182868465, 214988932, 217080839, 134840078, 12674506, 208612539, 135818552, 131881721, 19970264, 18862316, 247540603, 101585852, 131733722, 138875918, 236563690, 147305743]
[239554898, 105465088, 218365829, 203396497, 217698719, 109346344, 97770307, 148322777, 40290812, 53317582, 37400546, 22010658, 175723653, 165222218, 73768585, 222361649, 122267290, 183229434, 110253602, 236404051, 84153860, 126893068, 26600584, 13761399, 219667882, 217646206, 241830177, 9876773, 529557, 31049115, 177676138, 69558821, 243714980, 122743854, 104370347, 60772675, 122493426, 211212441, 84340898, 171023574, 191988092, 6004240, 141975672, 182382331, 60169248, 48856296, 212556591, 125285908, 98653799, 112007566, 217452140, 5555922, 45744348, 73503130, 161775644, 220445681, 117347905, 167087389, 192827476, 136018156, 131109619, 167837843, 182240958, 8391516, 229586495, 213735879, 97850511, 183893057, 194165031, 214936839, 224240891, 154115694, 138837282, 248682662, 216393363, 68549987, 232222394, 1476246, 151179556, 23831083, 186875312, 15363865, 148894419, 175412006, 162336783, 220767862, 257334, 2980324, 159935775, 57531261, 2110292, 132842143, 175445337, 3218014, 59524486, 195873983, 134969456, 242249109, 157329459, 22026522, 171676144, 17490203, 6970819, 2054656]
[239554898, 105465088, 218365829, 203396497, 217698719, 109346344, 97770307, 148322777, 40290812, 53317582, 37400546, 22010658, 175723653, 165222218, 73768585, 222361649, 122267290, 183229434, 110253602, 236404051, 84153860, 126893068, 26600584, 13761399, 219667882, 217646206, 241830177, 9876773, 529557, 31049115, 177676138, 69558821, 243714980, 122743854, 104370347, 60772675, 122493426, 211212441, 84340898, 171023574, 191988092, 6004240, 141975672, 182382331, 60169248, 48856296, 212556591, 125285908, 98653799, 112007566, 217452140, 5555922, 45744348, 73503130, 161775644, 220445681, 117347905, 167087389, 192827476, 136018156, 131109619, 167837843, 182240958, 8391516, 229586495, 213735879, 97850511, 183893057, 194165031, 214936839, 224240891, 154115694, 138837282, 248682662, 216393363, 68549987, 232222394, 1476246, 151179556, 186122913, 60417403, 105641232, 103260047, 84908356, 81305338, 211941960, 104809977, 2487619, 39174934, 92465273, 217030056, 182049469, 242040077, 19631697, 184520543, 5942112, 145431116, 167195642, 179635920, 64807987, 87085778, 108392233, 163507578, 199009515]
[239554898, 105465088, 218365829, 203396497, 217698719, 109346344, 97770307, 148322777, 40290812, 53317582, 37400546, 22010658, 175723653, 165222218, 73768585, 222361649, 122267290, 183229434, 110253602, 236404051, 84153860, 126893068, 26600584, 13761399, 219667882, 217646206, 241830177, 9876773, 529557, 31049115, 177676138, 69558821, 243714980, 122743854, 104370347, 60772675, 122493426, 211212441, 84340898, 171023574, 191988092, 6004240, 141975672, 182382331, 60169248, 48856296, 212556591, 125285908, 98653799, 112007566, 217452140, 5555922, 45744348, 73503130, 161775644, 220445681, 117347905, 167087389, 192827476, 136018156, 131109619, 167837843, 182240958, 8391516, 229586495, 213735879, 97850511, 183893057, 194165031, 214936839, 224240891, 154115694, 138837282, 248682662, 216393363, 68549987, 232222394, 1476246, 151179556, 23831083, 67522189, 37046337, 30331306, 30809804, 25267365, 33628761, 120843493, 60323715, 141937992, 214517939, 159351707, 225092483, 171806910, 228378040, 237812772, 201916728, 165088190, 6361737, 66562892, 42927463, 221134397, 45989711, 171497129, 57487420]
[239554898, 105465088, 218365829, 203396497, 217698719, 109346344, 97770307, 148322777, 40290812, 53317582, 37400546, 22010658, 175723653, 165222218, 73768585, 222361649, 122267290, 183229434, 110253602, 236404051, 84153860, 126893068, 26600584, 13761399, 219667882, 217646206, 241830177, 9876773, 529557, 31049115, 177676138, 69558821, 243714980, 122743854, 104370347, 60772675, 122493426, 211212441, 84340898, 171023574, 191988092, 6004240, 141975672, 182382331, 60169248, 48856296, 212556591, 125285908, 98653799, 112007566, 217452140, 5555922, 45744348, 73503130, 161775644, 220445681, 117347905, 167087389, 192827476, 136018156, 131109619, 167837843, 182240958, 8391516, 229586495, 213735879, 97850511, 183893057, 194165031, 214936839, 224240891, 154115694, 138837282, 248682662, 216393363, 68549987, 232222394, 1476246, 151179556, 23831083, 67522189, 37046337, 30331306, 30809804, 25267365, 33628761, 120843493, 60323715, 141937992, 214517939, 159351707, 225092483, 171806910, 228378040, 221916661, 53727406, 131804216, 92279835, 196189658, 25523027, 102430352, 240217516, 172581888, 143131814]
[239554898, 105465088, 218365829, 203396497, 217698719, 109346344, 97770307, 148322777, 40290812, 53317582, 37400546, 22010658, 175723653, 165222218, 73768585, 222361649, 122267290, 183229434, 110253602, 236404051, 84153860, 126893068, 26600584, 13761399, 219667882, 217646206, 241830177, 9876773, 529557, 31049115, 177676138, 69558821, 243714980, 122743854, 104370347, 60772675, 122493426, 211212441, 84340898, 171023574, 191988092, 6004240, 141975672, 182382331, 60169248, 48856296, 212556591, 125285908, 98653799, 112007566, 217452140, 5555922, 45744348, 73503130, 161775644, 220445681, 117347905, 167087389, 192827476, 16949894, 154797606, 31554297, 227448688, 27607733, 7853203, 140242752, 68768893, 164110998, 12898830, 247773033, 204652173, 205971979, 68424825, 83740896, 201654924, 169231707, 97514553, 121528382, 248758816, 163110820, 139726861, 193829157, 94638618, 50010934, 245101943, 152894996, 85098711, 84256216, 167307796, 39557324, 111587632, 72991358, 245961368, 10151453, 130418649, 63481080, 116455564, 28467779, 73195056, 112135734, 9054541, 128971431, 91657635, 221940924]
[239554898, 105465088, 218365829, 203396497, 217698719, 109346344, 97770307, 148322777, 40290812, 53317582, 37400546, 22010658, 175723653, 165222218, 73768585, 222361649, 122267290, 183229434, 110253602, 236404051, 84153860, 126893068, 26600584, 13761399, 219667882, 217646206, 241830177, 9876773, 529557, 31049115, 177676138, 69558821, 243714980, 122743854, 104370347, 60772675, 122493426, 211212441, 84340898, 171023574, 191988092, 6004240, 141975672, 182382331, 60169248, 48856296, 212556591, 125285908, 98653799, 112007566, 217452140, 5555922, 45744348, 73503130, 161775644, 220445681, 117347905, 167087389, 192827476, 136018156, 131109619, 167837843, 182240958, 8391516, 229586495, 213735879, 97850511, 183893057, 194165031, 214936839, 224240891, 154115694, 138837282, 248682662, 216393363, 68549987, 232222394, 1476246, 151179556, 23831083, 67522189, 37046337, 30331306, 30809804, 25267365, 33628761, 120843493, 60323715, 141937992, 214517939, 159351707, 225092483, 171806910, 228378040, 237812772, 201916728, 165088190, 172482161, 180536710, 78251912, 180330709, 51061067, 142836341, 92145231]
[239554898, 105465088, 218365829, 203396497, 217698719, 109346344, 97770307, 148322777, 40290812, 53317582, 37400546, 22010658, 175723653, 165222218, 73768585, 222361649, 122267290, 183229434, 110253602, 236404051, 84153860, 126893068, 26600584, 13761399, 219667882, 217646206, 241830177, 9876773, 529557, 31049115, 177676138, 69558821, 243714980, 122743854, 104370347, 60772675, 122493426, 211212441, 84340898, 171023574, 191988092, 6004240, 141975672, 182382331, 60169248, 48856296, 212556591, 125285908, 98653799, 112007566, 217452140, 5555922, 45744348, 73503130, 161775644, 220445681, 117347905, 167087389, 192827476, 136018156, 131109619, 167837843, 182240958, 8391516, 229586495, 213735879, 97850511, 183893057, 194165031, 214936839, 224240891, 154115694, 138837282, 248682662, 216393363, 68549987, 232222394, 1476246, 151179556, 23831083, 67522189, 37046337, 30331306, 30809804, 25267365, 33628761, 120843493, 60323715, 141937992, 214517939, 159351707, 225092483, 171806910, 228378040, 237812772, 201916728, 165088190, 6361737, 66562892, 42927463, 221134397, 45989711, 182277067, 238446904]
[239554898, 105465088, 218365829, 203396497, 217698719, 109346344, 97770307, 148322777, 40290812, 53317582, 37400546, 22010658, 175723653, 165222218, 73768585, 222361649, 122267290, 183229434, 110253602, 236404051, 84153860, 126893068, 26600584, 13761399, 219667882, 217646206, 241830177, 9876773, 529557, 31049115, 177676138, 69558821, 243714980, 122743854, 104370347, 60772675, 122493426, 211212441, 84340898, 171023574, 191988092, 6004240, 141975672, 182382331, 60169248, 48856296, 212556591, 125285908, 98653799, 112007566, 217452140, 5555922, 45744348, 73503130, 161775644, 220445681, 117347905, 167087389, 192827476, 136018156, 131109619, 167837843, 182240958, 8391516, 229586495, 213735879, 97850511, 183893057, 194165031, 214936839, 224240891, 154115694, 138837282, 248682662, 216393363, 68549987, 232222394, 1476246, 151179556, 23831083, 67522189, 37046337, 30331306, 30809804, 180069300, 109853152, 142626223, 133024700, 117964535, 146059510, 67770928, 76232463, 91833605, 163571838, 57833901, 195748756, 118062300, 177267363, 126437427, 221249134, 167770073, 121699354, 87356624, 112801616]
[239554898, 105465088, 218365829, 203396497, 217698719, 109346344, 97770307, 148322777, 40290812, 53317582, 37400546, 22010658, 175723653, 165222218, 73768585, 222361649, 122267290, 183229434, 110253602, 236404051, 84153860, 126893068, 26600584, 13761399, 219667882, 217646206, 241830177, 9876773, 529557, 31049115, 177676138, 69558821, 243714980, 122743854, 104370347, 60772675, 122493426, 211212441, 84340898, 171023574, 191988092, 6004240, 141975672, 182382331, 60169248, 48856296, 212556591, 125285908, 98653799, 112007566, 217452140, 5555922, 45744348, 73503130, 161775644, 220445681, 117347905, 167087389, 192827476, 136018156, 131109619, 167837843, 182240958, 8391516, 229586495, 213735879, 97850511, 183893057, 194165031, 214936839, 224240891, 154115694, 138837282, 248682662, 216393363, 68549987, 232222394, 1476246, 151179556, 23831083, 67522189, 37046337, 30331306, 30809804, 180069300, 109853152, 142626223, 133024700, 117964535, 146059510, 67770928, 76232463, 91833605, 163571838, 57833901, 132943840, 243014716, 248411386, 126177860, 240123924, 59703790, 213515285, 85803381, 81338622]
[239554898, 105465088, 218365829, 203396497, 217698719, 109346344, 97770307, 148322777, 40290812, 53317582, 37400546, 22010658, 175723653, 165222218, 73768585, 222361649, 122267290, 183229434, 110253602, 236404051, 84153860, 126893068, 26600584, 13761399, 219667882, 217646206, 241830177, 9876773, 529557, 31049115, 177676138, 69558821, 243714980, 122743854, 104370347, 60772675, 122493426, 211212441, 84340898, 171023574, 191988092, 6004240, 141975672, 182382331, 60169248, 48856296, 212556591, 125285908, 98653799, 112007566, 217452140, 5555922, 45744348, 73503130, 161775644, 220445681, 117347905, 167087389, 192827476, 136018156, 131109619, 167837843, 182240958, 8391516, 229586495, 213735879, 97850511, 183893057, 194165031, 214936839, 224240891, 154115694, 138837282, 248682662, 216393363, 68549987, 232222394, 1476246, 151179556, 23831083, 186875312, 15363865, 148894419, 175412006, 162336783, 220767862, 257334, 2980324, 159935775, 57531261, 2110292, 132842143, 180764072, 146670478, 29426298, 138117769, 124771713, 173506613, 27461156, 95779946, 6822344, 139017291, 91421649, 41478280]
[239554898, 105465088, 218365829, 203396497, 217698719, 109346344, 97770307, 148322777, 40290812, 53317582, 37400546, 22010658, 175723653, 165222218, 73768585, 222361649, 122267290, 183229434, 110253602, 236404051, 84153860, 126893068, 26600584, 13761399, 219667882, 217646206, 241830177, 9876773, 529557, 31049115, 177676138, 69558821, 243714980, 122743854, 104370347, 60772675, 122493426, 211212441, 84340898, 171023574, 191988092, 6004240, 141975672, 182382331, 60169248, 48856296, 212556591, 125285908, 98653799, 112007566, 217452140, 5555922, 45744348, 73503130, 161775644, 220445681, 117347905, 167087389, 192827476, 136018156, 131109619, 167837843, 182240958, 8391516, 229586495, 213735879, 97850511, 183893057, 194165031, 214936839, 224240891, 154115694, 138837282, 248682662, 216393363, 68549987, 232222394, 1476246, 151179556, 23831083, 67522189, 37046337, 30331306, 30809804, 25267365, 33628761, 120843493, 60323715, 141937992, 214517939, 159351707, 225092483, 171806910, 180015946, 114838391, 74579433, 107756521, 133954053, 148718341, 248501684, 129168501, 164963799, 234681712, 214194824]
[239554898, 105465088, 218365829, 203396497, 217698719, 109346344, 97770307, 148322777, 40290812, 53317582, 37400546, 22010658, 175723653, 165222218, 73768585, 222361649, 122267290, 183229434, 110253602, 236404051, 84153860, 126893068, 26600584, 13761399, 219667882, 217646206, 241830177, 9876773, 529557, 31049115, 177676138, 69558821, 243714980, 122743854, 104370347, 60772675, 122493426, 211212441, 84340898, 171023574, 191988092, 6004240, 141975672, 182382331, 60169248, 48856296, 212556591, 125285908, 98653799, 112007566, 217452140, 5555922, 45744348, 73503130, 161775644, 220445681, 117347905, 167087389, 192827476, 136018156, 131109619, 167837843, 182240958, 8391516, 229586495, 213735879, 97850511, 183893057, 194165031, 214936839, 224240891, 154115694, 138837282, 248682662, 216393363, 68549987, 232222394, 1476246, 151179556, 23831083, 186875312, 15363865, 148894419, 175412006, 162336783, 220767862, 257334, 2980324, 159935775, 57531261, 2110292, 132842143, 63114250, 213032620, 38717631, 248261742, 48707030, 134068872, 8456722, 85004365, 90479193, 87943891, 16457901, 151847253]
[239554898, 105465088, 218365829, 203396497, 217698719, 109346344, 97770307, 148322777, 40290812, 53317582, 37400546, 22010658, 175723653, 165222218, 73768585, 222361649, 122267290, 183229434, 110253602, 236404051, 84153860, 126893068, 26600584, 13761399, 219667882, 217646206, 241830177, 9876773, 529557, 31049115, 177676138, 69558821, 243714980, 122743854, 104370347, 60772675, 122493426, 211212441, 84340898, 171023574, 191988092, 6004240, 141975672, 182382331, 60169248, 48856296, 212556591, 125285908, 98653799, 112007566, 217452140, 5555922, 45744348, 73503130, 161775644, 220445681, 117347905, 167087389, 192827476, 16949894, 154797606, 31554297, 227448688, 27607733, 7853203, 140242752, 68768893, 164110998, 12898830, 247773033, 204652173, 205971979, 68424825, 160403798, 117872922, 90131011, 162593568, 230345226, 44376985, 76933, 101975899, 156083460, 117175685, 142997913, 127523190, 24591345, 117503723, 97783181, 232447133, 220089946, 187459639, 30472219, 112344281, 2226099, 236412168, 40502974, 17697905, 409669, 29944020, 163562593, 32459029, 126158147, 73917270, 131376465]
[239554898, 105465088, 218365829, 203396497, 217698719, 109346344, 97770307, 148322777, 40290812, 53317582, 37400546, 22010658, 175723653, 165222218, 73768585, 222361649, 122267290, 183229434, 110253602, 236404051, 84153860, 126893068, 26600584, 13761399, 219667882, 217646206, 241830177, 9876773, 529557, 31049115, 177676138, 69558821, 243714980, 122743854, 104370347, 60772675, 122493426, 211212441, 84340898, 171023574, 191988092, 6004240, 141975672, 182382331, 60169248, 48856296, 212556591, 125285908, 98653799, 112007566, 217452140, 5555922, 45744348, 73503130, 161775644, 220445681, 117347905, 167087389, 192827476, 136018156, 131109619, 167837843, 182240958, 8391516, 229586495, 213735879, 97850511, 183893057, 194165031, 214936839, 224240891, 154115694, 138837282, 248682662, 216393363, 68549987, 232222394, 1476246, 151179556, 23831083, 186875312, 15363865, 148894419, 175412006, 162336783, 220767862, 257334, 2980324, 159935775, 57531261, 2110292, 132842143, 180764072, 146670478, 29426298, 138117769, 124771713, 173506613, 27461156, 95779946, 178256883, 191755852, 230809309, 41956014]
[239554898, 105465088, 218365829, 203396497, 217698719, 109346344, 97770307, 148322777, 40290812, 53317582, 37400546, 22010658, 175723653, 165222218, 73768585, 222361649, 122267290, 183229434, 110253602, 236404051, 84153860, 126893068, 26600584, 13761399, 219667882, 217646206, 241830177, 9876773, 529557, 31049115, 177676138, 69558821, 243714980, 122743854, 104370347, 60772675, 122493426, 211212441, 84340898, 171023574, 191988092, 6004240, 141975672, 182382331, 60169248, 48856296, 212556591, 125285908, 98653799, 112007566, 217452140, 5555922, 45744348, 73503130, 161775644, 220445681, 117347905, 167087389, 192827476, 136018156, 131109619, 167837843, 182240958, 8391516, 229586495, 213735879, 97850511, 183893057, 194165031, 214936839, 224240891, 154115694, 138837282, 248682662, 216393363, 68549987, 232222394, 1476246, 151179556, 23831083, 186875312, 15363865, 148894419, 175412006, 162336783, 220767862, 257334, 2980324, 159935775, 57531261, 2110292, 132842143, 63114250, 213032620, 38717631, 248261742, 48707030, 206601718, 173305872, 167316559, 10332446, 123424096, 190370394, 139852163]
[239554898, 105465088, 218365829, 203396497, 217698719, 109346344, 97770307, 148322777, 40290812, 53317582, 37400546, 22010658, 175723653, 165222218, 73768585, 222361649, 122267290, 183229434, 110253602, 236404051, 84153860, 126893068, 26600584, 13761399, 219667882, 217646206, 241830177, 9876773, 529557, 31049115, 177676138, 69558821, 243714980, 122743854, 104370347, 60772675, 122493426, 211212441, 84340898, 171023574, 191988092, 6004240, 141975672, 182382331, 60169248, 48856296, 212556591, 125285908, 98653799, 112007566, 217452140, 5555922, 45744348, 73503130, 161775644, 220445681, 117347905, 167087389, 192827476, 136018156, 131109619, 167837843, 182240958, 8391516, 229586495, 213735879, 97850511, 183893057, 194165031, 214936839, 224240891, 154115694, 138837282, 248682662, 216393363, 68549987, 232222394, 1476246, 151179556, 23831083, 186875312, 15363865, 148894419, 175412006, 162336783, 220767862, 257334, 2980324, 159935775, 57531261, 2110292, 132842143, 175445337, 3218014, 59524486, 195873983, 37911221, 194547536, 52474665, 162771293, 219372875, 117377771, 185445156, 248875490]
[239554898, 105465088, 218365829, 203396497, 217698719, 109346344, 97770307, 148322777, 40290812, 53317582, 37400546, 22010658, 175723653, 165222218, 73768585, 222361649, 122267290, 183229434, 110253602, 236404051, 84153860, 126893068, 26600584, 13761399, 219667882, 217646206, 241830177, 9876773, 529557, 31049115, 177676138, 69558821, 243714980, 122743854, 104370347, 60772675, 122493426, 211212441, 84340898, 171023574, 191988092, 6004240, 141975672, 182382331, 60169248, 48856296, 212556591, 125285908, 98653799, 112007566, 217452140, 5555922, 45744348, 73503130, 161775644, 220445681, 117347905, 167087389, 192827476, 136018156, 131109619, 167837843, 182240958, 8391516, 229586495, 213735879, 97850511, 183893057, 194165031, 214936839, 224240891, 154115694, 138837282, 248682662, 216393363, 68549987, 232222394, 1476246, 151179556, 23831083, 67522189, 37046337, 30331306, 30809804, 25267365, 33628761, 120843493, 60323715, 141937992, 214517939, 159351707, 225092483, 171806910, 228378040, 237812772, 201916728, 165088190, 6361737, 66562892, 42927463, 221134397, 45989711, 121988794, 83817207]
[239554898, 105465088, 218365829, 203396497, 217698719, 109346344, 97770307, 148322777, 40290812, 53317582, 37400546, 22010658, 175723653, 165222218, 73768585, 222361649, 122267290, 183229434, 110253602, 236404051, 84153860, 126893068, 26600584, 13761399, 219667882, 217646206, 241830177, 9876773, 529557, 31049115, 177676138, 69558821, 243714980, 122743854, 104370347, 60772675, 122493426, 211212441, 84340898, 171023574, 191988092, 6004240, 141975672, 182382331, 60169248, 48856296, 212556591, 125285908, 98653799, 112007566, 217452140, 5555922, 45744348, 73503130, 161775644, 220445681, 117347905, 167087389, 192827476, 136018156, 131109619, 167837843, 182240958, 8391516, 229586495, 213735879, 97850511, 183893057, 194165031, 214936839, 224240891, 154115694, 138837282, 248682662, 216393363, 68549987, 232222394, 1476246, 151179556, 23831083, 67522189, 37046337, 30331306, 30809804, 180069300, 109853152, 142626223, 133024700, 117964535, 146059510, 57098611, 73333121, 129034375, 230521454, 40947847, 93560935, 99378537, 123875191, 84610236, 62593319, 125306993, 223790595, 17077669, 200322052]
[239554898, 105465088, 218365829, 203396497, 217698719, 109346344, 97770307, 148322777, 40290812, 53317582, 37400546, 22010658, 175723653, 165222218, 73768585, 222361649, 122267290, 183229434, 110253602, 236404051, 84153860, 126893068, 26600584, 13761399, 219667882, 217646206, 241830177, 9876773, 529557, 31049115, 177676138, 69558821, 243714980, 122743854, 104370347, 60772675, 122493426, 211212441, 84340898, 171023574, 191988092, 6004240, 141975672, 182382331, 60169248, 48856296, 212556591, 125285908, 98653799, 112007566, 217452140, 5555922, 45744348, 73503130, 161775644, 220445681, 117347905, 167087389, 192827476, 30322964, 129797693, 162069456, 20098438, 175458121, 154340491, 200438724, 50980885, 218284050, 35865695, 35960691, 173099041, 248672976, 217120534, 97773753, 5693530, 103311836, 7361823, 87771202, 105809505, 22382340, 39666005, 110445834, 30069573, 167718405, 148353367, 35952887, 18398126, 169275655, 162024357, 85768429, 4650715, 142079766, 44230406, 120965880, 142955905, 15278037, 233140956, 65620982, 193433769, 117716058, 76023508, 90652862, 205739542, 133461574]
[239554898, 105465088, 218365829, 203396497, 217698719, 109346344, 97770307, 148322777, 40290812, 53317582, 37400546, 22010658, 175723653, 165222218, 73768585, 222361649, 122267290, 183229434, 110253602, 236404051, 84153860, 126893068, 26600584, 13761399, 219667882, 217646206, 241830177, 9876773, 529557, 31049115, 177676138, 69558821, 243714980, 122743854, 104370347, 60772675, 122493426, 211212441, 84340898, 171023574, 191988092, 6004240, 141975672, 182382331, 60169248, 48856296, 212556591, 125285908, 98653799, 112007566, 217452140, 5555922, 45744348, 73503130, 161775644, 220445681, 117347905, 167087389, 192827476, 30322964, 129797693, 162069456, 20098438, 175458121, 154340491, 200438724, 50980885, 218284050, 35865695, 35960691, 173099041, 248672976, 217120534, 97773753, 5693530, 103311836, 7361823, 87771202, 105809505, 22382340, 39666005, 202644599, 8269985, 227419249, 183354607, 194933427, 13040324, 200577707, 182868465, 214988932, 217080839, 134840078, 122769596, 246142629, 68179485, 171653099, 110778708, 80714657, 39567580, 21126624, 191955173, 143103297, 237345634, 91614025]
[239554898, 105465088, 218365829, 203396497, 217698719, 109346344, 97770307, 148322777, 40290812, 53317582, 37400546, 22010658, 175723653, 165222218, 73768585, 222361649, 122267290, 183229434, 110253602, 236404051, 84153860, 126893068, 26600584, 13761399, 219667882, 217646206, 241830177, 9876773, 529557, 31049115, 177676138, 69558821, 243714980, 122743854, 104370347, 60772675, 122493426, 211212441, 84340898, 171023574, 191988092, 6004240, 141975672, 182382331, 60169248, 48856296, 212556591, 125285908, 98653799, 112007566, 217452140, 5555922, 45744348, 73503130, 161775644, 220445681, 117347905, 167087389, 192827476, 30322964, 129797693, 162069456, 20098438, 175458121, 154340491, 200438724, 50980885, 218284050, 35865695, 35960691, 173099041, 248672976, 217120534, 97773753, 5693530, 103311836, 7361823, 87771202, 105809505, 22382340, 39666005, 110445834, 30069573, 90714617, 230716197, 16119416, 184671964, 209467104, 146000494, 25141289, 40494108, 60501027, 155864249, 110164759, 152374169, 44314408, 30163918, 85564782, 49629385, 241340799, 8250221, 141720288, 25183466, 222746057]
[239554898, 105465088, 218365829, 203396497, 217698719, 109346344, 97770307, 148322777, 40290812, 53317582, 37400546, 22010658, 175723653, 165222218, 73768585, 222361649, 122267290, 183229434, 110253602, 236404051, 84153860, 126893068, 26600584, 13761399, 219667882, 217646206, 241830177, 9876773, 529557, 31049115, 177676138, 69558821, 243714980, 122743854, 104370347, 60772675, 122493426, 211212441, 84340898, 171023574, 191988092, 6004240, 141975672, 182382331, 60169248, 48856296, 212556591, 125285908, 98653799, 112007566, 217452140, 5555922, 45744348, 73503130, 161775644, 220445681, 117347905, 167087389, 192827476, 30322964, 129797693, 162069456, 20098438, 175458121, 154340491, 200438724, 50980885, 218284050, 35865695, 35960691, 173099041, 248672976, 217120534, 97773753, 5693530, 103311836, 7361823, 87771202, 105809505, 22382340, 39666005, 110445834, 30069573, 167718405, 148353367, 35952887, 18398126, 131689514, 87282603, 71592258, 19510767, 36981584, 169901166, 6993812, 97074571, 245927872, 37113438, 55892894, 64155205, 146301572, 188650861, 60395009, 160558581, 42027998]
[239554898, 105465088, 218365829, 203396497, 217698719, 109346344, 97770307, 148322777, 40290812, 53317582, 37400546, 22010658, 175723653, 165222218, 73768585, 222361649, 122267290, 183229434, 110253602, 236404051, 84153860, 126893068, 26600584, 13761399, 219667882, 217646206, 241830177, 9876773, 529557, 31049115, 177676138, 69558821, 243714980, 122743854, 104370347, 60772675, 122493426, 211212441, 84340898, 171023574, 191988092, 6004240, 141975672, 182382331, 60169248, 48856296, 212556591, 125285908, 98653799, 112007566, 217452140, 5555922, 45744348, 73503130, 161775644, 220445681, 117347905, 167087389, 192827476, 136018156, 131109619, 167837843, 182240958, 8391516, 229586495, 213735879, 97850511, 183893057, 194165031, 214936839, 224240891, 154115694, 138837282, 248682662, 216393363, 68549987, 232222394, 1476246, 151179556, 23831083, 67522189, 37046337, 30331306, 30809804, 180069300, 109853152, 142626223, 133024700, 117964535, 146059510, 57098611, 91433257, 27596929, 238513360, 108481286, 209948443, 107668528, 50913205, 172430707, 159813373, 68373453, 99854775, 215279587, 5955823]
[239554898, 105465088, 218365829, 203396497, 217698719, 109346344, 97770307, 148322777, 40290812, 53317582, 37400546, 22010658, 175723653, 165222218, 73768585, 222361649, 122267290, 183229434, 110253602, 236404051, 84153860, 126893068, 26600584, 13761399, 219667882, 217646206, 241830177, 9876773, 529557, 31049115, 177676138, 69558821, 243714980, 122743854, 104370347, 60772675, 122493426, 211212441, 84340898, 171023574, 191988092, 6004240, 141975672, 182382331, 60169248, 48856296, 212556591, 125285908, 98653799, 112007566, 217452140, 5555922, 45744348, 73503130, 161775644, 220445681, 117347905, 167087389, 192827476, 136018156, 131109619, 167837843, 182240958, 8391516, 229586495, 213735879, 97850511, 183893057, 194165031, 214936839, 224240891, 154115694, 138837282, 248682662, 216393363, 68549987, 232222394, 1476246, 151179556, 23831083, 67522189, 37046337, 143879866, 123729297, 235762465, 220063132, 92098001, 139677268, 111910638, 125174305, 1628967, 230259817, 41442578, 105270920, 69727422, 14126595, 74528828, 94040418, 105488848, 196737081, 242394982, 92140660, 38246342, 182601400]
[239554898, 105465088, 218365829, 203396497, 217698719, 109346344, 97770307, 148322777, 40290812, 53317582, 37400546, 22010658, 175723653, 165222218, 73768585, 222361649, 122267290, 183229434, 110253602, 236404051, 84153860, 126893068, 26600584, 13761399, 219667882, 217646206, 241830177, 9876773, 529557, 31049115, 177676138, 69558821, 243714980, 122743854, 104370347, 60772675, 122493426, 211212441, 84340898, 171023574, 191988092, 6004240, 141975672, 182382331, 60169248, 48856296, 212556591, 125285908, 98653799, 112007566, 217452140, 5555922, 45744348, 73503130, 161775644, 220445681, 117347905, 167087389, 192827476, 136018156, 131109619, 167837843, 182240958, 8391516, 229586495, 213735879, 97850511, 183893057, 194165031, 214936839, 224240891, 154115694, 138837282, 248682662, 216393363, 68549987, 232222394, 1476246, 151179556, 23831083, 67522189, 37046337, 30331306, 30809804, 180069300, 109853152, 142626223, 133024700, 213505916, 145828056, 36192707, 210076901, 18631466, 66249244, 106394530, 98937705, 62076670, 211747572, 159709517, 208333879, 171051465, 72195883, 135247256, 198716940]
[239554898, 105465088, 218365829, 203396497, 217698719, 109346344, 97770307, 148322777, 40290812, 53317582, 37400546, 22010658, 175723653, 165222218, 73768585, 222361649, 122267290, 183229434, 110253602, 236404051, 84153860, 126893068, 26600584, 13761399, 219667882, 217646206, 241830177, 9876773, 529557, 31049115, 177676138, 69558821, 243714980, 122743854, 104370347, 60772675, 122493426, 211212441, 84340898, 171023574, 191988092, 6004240, 141975672, 182382331, 60169248, 48856296, 212556591, 125285908, 98653799, 112007566, 217452140, 5555922, 45744348, 73503130, 161775644, 220445681, 117347905, 167087389, 192827476, 136018156, 131109619, 167837843, 182240958, 8391516, 229586495, 213735879, 97850511, 183893057, 194165031, 214936839, 224240891, 154115694, 138837282, 248682662, 216393363, 68549987, 232222394, 1476246, 151179556, 23831083, 186875312, 15363865, 148894419, 175412006, 162336783, 220767862, 257334, 2980324, 159935775, 57531261, 2110292, 132842143, 180764072, 146670478, 29426298, 138117769, 20096346, 48591039, 36017153, 124682740, 241321565, 218959610, 45642232, 152402483]
[239554898, 105465088, 218365829, 203396497, 217698719, 109346344, 97770307, 148322777, 40290812, 53317582, 37400546, 22010658, 175723653, 165222218, 73768585, 222361649, 122267290, 183229434, 110253602, 236404051, 84153860, 126893068, 26600584, 13761399, 219667882, 217646206, 241830177, 9876773, 529557, 31049115, 177676138, 69558821, 243714980, 122743854, 104370347, 60772675, 122493426, 211212441, 84340898, 171023574, 191988092, 6004240, 141975672, 182382331, 60169248, 48856296, 212556591, 125285908, 98653799, 112007566, 217452140, 5555922, 45744348, 73503130, 161775644, 220445681, 117347905, 167087389, 192827476, 136018156, 131109619, 167837843, 182240958, 8391516, 229586495, 213735879, 97850511, 183893057, 194165031, 214936839, 224240891, 154115694, 138837282, 248682662, 216393363, 68549987, 232222394, 1476246, 151179556, 23831083, 67522189, 37046337, 30331306, 30809804, 25267365, 33628761, 120843493, 60323715, 141937992, 214517939, 159351707, 225092483, 171806910, 180015946, 114838391, 74579433, 107756521, 69291096, 219891302, 84132165, 133892243, 30543193, 176295890, 189285743]
[239554898, 105465088, 218365829, 203396497, 217698719, 109346344, 97770307, 148322777, 40290812, 53317582, 37400546, 22010658, 175723653, 165222218, 73768585, 222361649, 122267290, 183229434, 110253602, 236404051, 84153860, 126893068, 26600584, 13761399, 219667882, 217646206, 241830177, 9876773, 529557, 31049115, 177676138, 69558821, 243714980, 122743854, 104370347, 60772675, 122493426, 211212441, 84340898, 171023574, 191988092, 6004240, 141975672, 182382331, 60169248, 48856296, 212556591, 125285908, 98653799, 112007566, 217452140, 5555922, 45744348, 73503130, 161775644, 220445681, 117347905, 167087389, 192827476, 16949894, 154797606, 31554297, 227448688, 27607733, 7853203, 140242752, 68768893, 164110998, 12898830, 247773033, 204652173, 205971979, 68424825, 83740896, 201654924, 169231707, 97514553, 121528382, 248758816, 163110820, 139726861, 193829157, 94638618, 50010934, 245101943, 152894996, 85098711, 84256216, 167307796, 39557324, 111587632, 72991358, 245961368, 10151453, 130418649, 63481080, 163004059, 83483146, 178398917, 115511553, 225840349, 152225457, 74400479, 177810106]
[239554898, 105465088, 218365829, 203396497, 217698719, 109346344, 97770307, 148322777, 40290812, 53317582, 37400546, 22010658, 175723653, 165222218, 73768585, 222361649, 122267290, 183229434, 110253602, 236404051, 84153860, 126893068, 26600584, 13761399, 219667882, 217646206, 241830177, 9876773, 529557, 31049115, 177676138, 69558821, 243714980, 122743854, 104370347, 60772675, 122493426, 211212441, 84340898, 171023574, 191988092, 6004240, 141975672, 182382331, 60169248, 48856296, 212556591, 125285908, 98653799, 112007566, 217452140, 5555922, 45744348, 73503130, 161775644, 220445681, 117347905, 167087389, 192827476, 136018156, 131109619, 167837843, 182240958, 8391516, 229586495, 213735879, 97850511, 183893057, 194165031, 214936839, 224240891, 154115694, 138837282, 248682662, 216393363, 68549987, 232222394, 1476246, 151179556, 23831083, 67522189, 37046337, 30331306, 30809804, 180069300, 109853152, 142626223, 133024700, 213505916, 145828056, 36192707, 210076901, 18631466, 215945163, 194354097, 118288656, 188694160, 140897018, 17439300, 136967465, 28837834, 83708803, 98441853, 137625413]
[239554898, 105465088, 218365829, 203396497, 217698719, 109346344, 97770307, 148322777, 40290812, 53317582, 37400546, 22010658, 175723653, 165222218, 73768585, 222361649, 122267290, 183229434, 110253602, 236404051, 84153860, 126893068, 26600584, 13761399, 219667882, 217646206, 241830177, 9876773, 529557, 31049115, 177676138, 69558821, 243714980, 122743854, 104370347, 60772675, 122493426, 211212441, 84340898, 171023574, 191988092, 6004240, 141975672, 182382331, 60169248, 48856296, 212556591, 125285908, 98653799, 112007566, 217452140, 5555922, 45744348, 73503130, 161775644, 220445681, 117347905, 167087389, 192827476, 136018156, 131109619, 167837843, 182240958, 8391516, 229586495, 213735879, 97850511, 183893057, 194165031, 214936839, 224240891, 154115694, 138837282, 248682662, 216393363, 68549987, 232222394, 1476246, 151179556, 23831083, 67522189, 37046337, 30331306, 30809804, 180069300, 109853152, 142626223, 133024700, 117964535, 146059510, 57098611, 91433257, 27596929, 238513360, 108481286, 209948443, 107668528, 50913205, 172430707, 159813373, 68373453, 99854775, 65987834, 79414080]
[239554898, 105465088, 218365829, 203396497, 217698719, 109346344, 97770307, 148322777, 40290812, 53317582, 37400546, 22010658, 175723653, 165222218, 73768585, 222361649, 122267290, 183229434, 110253602, 236404051, 84153860, 126893068, 26600584, 13761399, 219667882, 217646206, 241830177, 9876773, 529557, 31049115, 177676138, 69558821, 243714980, 122743854, 104370347, 60772675, 122493426, 211212441, 84340898, 171023574, 191988092, 6004240, 141975672, 182382331, 60169248, 48856296, 212556591, 125285908, 98653799, 112007566, 217452140, 5555922, 45744348, 73503130, 161775644, 220445681, 117347905, 167087389, 192827476, 136018156, 131109619, 167837843, 182240958, 8391516, 229586495, 213735879, 97850511, 183893057, 194165031, 214936839, 224240891, 154115694, 138837282, 248682662, 216393363, 68549987, 232222394, 1476246, 151179556, 23831083, 67522189, 37046337, 30331306, 30809804, 25267365, 33628761, 120843493, 60323715, 141937992, 214517939, 159351707, 225092483, 171806910, 180015946, 114838391, 74579433, 107756521, 69291096, 219891302, 84132165, 242640258, 59507725, 2579453, 16730741]
[239554898, 105465088, 218365829, 203396497, 217698719, 109346344, 97770307, 148322777, 40290812, 53317582, 37400546, 22010658, 175723653, 165222218, 73768585, 222361649, 122267290, 183229434, 110253602, 236404051, 84153860, 126893068, 26600584, 13761399, 219667882, 217646206, 241830177, 9876773, 529557, 31049115, 177676138, 69558821, 243714980, 122743854, 104370347, 60772675, 122493426, 211212441, 84340898, 171023574, 191988092, 6004240, 141975672, 182382331, 60169248, 48856296, 212556591, 125285908, 98653799, 112007566, 217452140, 5555922, 45744348, 73503130, 161775644, 220445681, 117347905, 167087389, 192827476, 136018156, 131109619, 167837843, 182240958, 8391516, 229586495, 213735879, 97850511, 183893057, 194165031, 214936839, 224240891, 154115694, 138837282, 248682662, 216393363, 68549987, 232222394, 1476246, 151179556, 23831083, 186875312, 15363865, 148894419, 235170124, 151625514, 164366755, 2503578, 32272102, 76783083, 87889318, 98014347, 69495547, 56656112, 208677322, 120888992, 105046440, 139421474, 96390936, 188747270, 8148833, 35467719, 158173697, 8904475, 72728159]
[239554898, 105465088, 218365829, 203396497, 217698719, 109346344, 97770307, 148322777, 40290812, 53317582, 37400546, 22010658, 175723653, 165222218, 73768585, 222361649, 122267290, 183229434, 110253602, 236404051, 84153860, 126893068, 26600584, 13761399, 219667882, 217646206, 241830177, 9876773, 529557, 31049115, 177676138, 69558821, 243714980, 122743854, 104370347, 60772675, 122493426, 211212441, 84340898, 171023574, 191988092, 6004240, 141975672, 182382331, 60169248, 48856296, 212556591, 125285908, 98653799, 112007566, 217452140, 5555922, 45744348, 73503130, 161775644, 220445681, 117347905, 167087389, 192827476, 136018156, 131109619, 167837843, 182240958, 8391516, 229586495, 213735879, 97850511, 183893057, 194165031, 214936839, 224240891, 154115694, 138837282, 248682662, 216393363, 68549987, 232222394, 1476246, 151179556, 23831083, 67522189, 37046337, 30331306, 30809804, 180069300, 109853152, 142626223, 133024700, 213505916, 145828056, 36192707, 210076901, 18631466, 52777234, 8271894, 104723084, 103227377, 83603035, 211470450, 165804622, 69401611, 40886341, 17472591, 103822780]
[239554898, 105465088, 218365829, 203396497, 217698719, 109346344, 97770307, 148322777, 40290812, 53317582, 37400546, 22010658, 175723653, 165222218, 73768585, 222361649, 122267290, 183229434, 110253602, 236404051, 84153860, 126893068, 26600584, 13761399, 219667882, 217646206, 241830177, 9876773, 529557, 31049115, 177676138, 69558821, 243714980, 122743854, 104370347, 60772675, 122493426, 211212441, 84340898, 171023574, 191988092, 6004240, 141975672, 182382331, 60169248, 48856296, 212556591, 125285908, 98653799, 112007566, 217452140, 5555922, 45744348, 73503130, 161775644, 220445681, 117347905, 167087389, 192827476, 30322964, 129797693, 162069456, 20098438, 175458121, 154340491, 200438724, 50980885, 218284050, 35865695, 35960691, 173099041, 248672976, 217120534, 97773753, 5693530, 103311836, 7361823, 87771202, 105809505, 22382340, 39666005, 110445834, 30069573, 90714617, 230716197, 16119416, 184671964, 209467104, 146000494, 25141289, 40494108, 60501027, 229459517, 130626408, 39917210, 93782235, 234983649, 103210948, 170327114, 186655078, 12750018, 226637007, 10906756, 16389173]
[239554898, 105465088, 218365829, 203396497, 217698719, 109346344, 97770307, 148322777, 40290812, 53317582, 37400546, 22010658, 175723653, 165222218, 73768585, 222361649, 122267290, 183229434, 110253602, 236404051, 84153860, 126893068, 26600584, 13761399, 219667882, 217646206, 241830177, 9876773, 529557, 31049115, 177676138, 69558821, 243714980, 122743854, 104370347, 60772675, 122493426, 211212441, 84340898, 171023574, 191988092, 6004240, 141975672, 182382331, 60169248, 48856296, 212556591, 125285908, 98653799, 112007566, 217452140, 5555922, 45744348, 73503130, 161775644, 220445681, 117347905, 167087389, 192827476, 16949894, 154797606, 31554297, 227448688, 27607733, 7853203, 140242752, 68768893, 164110998, 12898830, 247773033, 204652173, 205971979, 68424825, 83740896, 201654924, 169231707, 97514553, 121528382, 248758816, 163110820, 139726861, 193829157, 94638618, 50010934, 245101943, 152894996, 85098711, 84256216, 167307796, 39557324, 111587632, 72991358, 245961368, 10151453, 130418649, 63481080, 163004059, 83483146, 178398917, 115511553, 225840349, 152225457, 24036885, 152640324]
[239554898, 105465088, 218365829, 203396497, 217698719, 109346344, 97770307, 148322777, 40290812, 53317582, 37400546, 22010658, 175723653, 165222218, 73768585, 222361649, 122267290, 183229434, 110253602, 236404051, 84153860, 126893068, 26600584, 13761399, 219667882, 217646206, 241830177, 9876773, 529557, 31049115, 177676138, 69558821, 243714980, 122743854, 104370347, 60772675, 122493426, 211212441, 84340898, 171023574, 191988092, 6004240, 141975672, 182382331, 60169248, 48856296, 212556591, 125285908, 98653799, 112007566, 217452140, 5555922, 45744348, 73503130, 161775644, 220445681, 117347905, 167087389, 192827476, 136018156, 131109619, 167837843, 182240958, 8391516, 229586495, 213735879, 97850511, 183893057, 194165031, 214936839, 224240891, 154115694, 138837282, 248682662, 216393363, 68549987, 232222394, 1476246, 151179556, 23831083, 67522189, 37046337, 30331306, 30809804, 25267365, 33628761, 120843493, 60323715, 161552165, 221715995, 217892344, 19173152, 10149374, 172341237, 24087936, 86330242, 135916816, 12408827, 178037854, 169309724, 216127950, 7315334, 26234489, 10657128]
[239554898, 105465088, 218365829, 203396497, 217698719, 109346344, 97770307, 148322777, 40290812, 53317582, 37400546, 22010658, 175723653, 165222218, 73768585, 222361649, 122267290, 183229434, 110253602, 236404051, 84153860, 126893068, 26600584, 13761399, 219667882, 217646206, 241830177, 9876773, 529557, 31049115, 177676138, 69558821, 243714980, 122743854, 104370347, 60772675, 122493426, 211212441, 84340898, 171023574, 191988092, 6004240, 141975672, 182382331, 60169248, 48856296, 212556591, 125285908, 98653799, 112007566, 217452140, 5555922, 45744348, 73503130, 161775644, 220445681, 117347905, 167087389, 192827476, 136018156, 131109619, 167837843, 182240958, 8391516, 229586495, 213735879, 97850511, 183893057, 194165031, 214936839, 224240891, 154115694, 138837282, 248682662, 216393363, 68549987, 232222394, 1476246, 151179556, 23831083, 186875312, 15363865, 148894419, 175412006, 162336783, 220767862, 257334, 2980324, 159935775, 57531261, 2110292, 132842143, 180764072, 146670478, 29426298, 138117769, 20096346, 48591039, 36017153, 124682740, 88522563, 101444926, 26223422, 115232835]
[239554898, 105465088, 218365829, 203396497, 217698719, 109346344, 97770307, 148322777, 40290812, 53317582, 37400546, 22010658, 175723653, 165222218, 73768585, 222361649, 122267290, 183229434, 110253602, 236404051, 84153860, 126893068, 26600584, 13761399, 219667882, 217646206, 241830177, 9876773, 529557, 31049115, 177676138, 69558821, 243714980, 122743854, 104370347, 60772675, 122493426, 211212441, 84340898, 171023574, 191988092, 6004240, 141975672, 182382331, 60169248, 48856296, 212556591, 125285908, 98653799, 112007566, 217452140, 5555922, 45744348, 73503130, 161775644, 220445681, 117347905, 167087389, 192827476, 136018156, 131109619, 167837843, 182240958, 8391516, 229586495, 213735879, 97850511, 183893057, 194165031, 214936839, 224240891, 154115694, 138837282, 248682662, 216393363, 68549987, 232222394, 1476246, 151179556, 23831083, 186875312, 15363865, 148894419, 175412006, 162336783, 220767862, 257334, 2980324, 159935775, 57531261, 2110292, 132842143, 63114250, 213032620, 38717631, 248261742, 48707030, 155790887, 203784361, 79706266, 135786627, 111571244, 178495, 239429858]
[239554898, 105465088, 218365829, 203396497, 217698719, 109346344, 97770307, 148322777, 40290812, 53317582, 37400546, 22010658, 175723653, 165222218, 73768585, 222361649, 122267290, 183229434, 110253602, 236404051, 84153860, 126893068, 26600584, 13761399, 219667882, 217646206, 241830177, 9876773, 529557, 31049115, 177676138, 69558821, 243714980, 122743854, 104370347, 60772675, 122493426, 211212441, 84340898, 171023574, 191988092, 6004240, 141975672, 182382331, 60169248, 48856296, 212556591, 125285908, 98653799, 112007566, 217452140, 5555922, 45744348, 73503130, 161775644, 220445681, 117347905, 167087389, 192827476, 136018156, 131109619, 167837843, 182240958, 8391516, 229586495, 213735879, 97850511, 183893057, 194165031, 214936839, 224240891, 154115694, 138837282, 248682662, 216393363, 68549987, 232222394, 1476246, 151179556, 23831083, 67522189, 37046337, 30331306, 30809804, 25267365, 33628761, 120843493, 60323715, 161552165, 45948928, 156724531, 180735508, 5908663, 114031681, 141076187, 224981968, 91303488, 200060074, 234208343, 176467440, 22377840, 92350610, 39973867, 140116281]
[239554898, 105465088, 218365829, 203396497, 217698719, 109346344, 97770307, 148322777, 40290812, 53317582, 37400546, 22010658, 175723653, 165222218, 73768585, 222361649, 122267290, 183229434, 110253602, 236404051, 84153860, 126893068, 26600584, 13761399, 219667882, 217646206, 241830177, 9876773, 529557, 31049115, 177676138, 69558821, 243714980, 122743854, 104370347, 60772675, 122493426, 211212441, 84340898, 171023574, 191988092, 6004240, 141975672, 182382331, 60169248, 48856296, 212556591, 125285908, 98653799, 112007566, 217452140, 5555922, 45744348, 73503130, 161775644, 220445681, 117347905, 167087389, 192827476, 136018156, 131109619, 167837843, 182240958, 8391516, 229586495, 213735879, 97850511, 183893057, 194165031, 214936839, 224240891, 154115694, 138837282, 248682662, 216393363, 68549987, 232222394, 1476246, 151179556, 23831083, 67522189, 37046337, 30331306, 30809804, 25267365, 33628761, 120843493, 60323715, 141937992, 214517939, 159351707, 225092483, 171806910, 228378040, 223335645, 215148842, 139616328, 248670051, 181864879, 106115424, 73209317, 228698045, 230360127, 208405336]
[239554898, 105465088, 218365829, 203396497, 217698719, 109346344, 97770307, 148322777, 40290812, 53317582, 37400546, 22010658, 175723653, 165222218, 73768585, 222361649, 122267290, 183229434, 110253602, 236404051, 84153860, 126893068, 26600584, 13761399, 219667882, 217646206, 241830177, 9876773, 529557, 31049115, 177676138, 69558821, 243714980, 122743854, 104370347, 60772675, 122493426, 211212441, 84340898, 171023574, 191988092, 6004240, 141975672, 182382331, 60169248, 48856296, 212556591, 125285908, 98653799, 112007566, 217452140, 5555922, 45744348, 73503130, 161775644, 220445681, 117347905, 167087389, 192827476, 136018156, 131109619, 167837843, 182240958, 8391516, 229586495, 213735879, 97850511, 183893057, 194165031, 214936839, 224240891, 154115694, 138837282, 248682662, 216393363, 68549987, 232222394, 1476246, 151179556, 23831083, 186875312, 15363865, 148894419, 175412006, 162336783, 220767862, 257334, 2980324, 159935775, 57531261, 2110292, 132842143, 175445337, 208157644, 106313498, 58436595, 204201831, 112556371, 168238451, 108766420, 75799659, 201592852, 113821826, 81056206]
[239554898, 105465088, 218365829, 203396497, 217698719, 109346344, 97770307, 148322777, 40290812, 53317582, 37400546, 22010658, 175723653, 165222218, 73768585, 222361649, 122267290, 183229434, 110253602, 236404051, 84153860, 126893068, 26600584, 13761399, 219667882, 217646206, 241830177, 9876773, 529557, 31049115, 177676138, 69558821, 243714980, 122743854, 104370347, 60772675, 122493426, 211212441, 84340898, 171023574, 191988092, 6004240, 141975672, 182382331, 60169248, 48856296, 212556591, 125285908, 98653799, 112007566, 217452140, 5555922, 45744348, 73503130, 161775644, 220445681, 117347905, 167087389, 192827476, 136018156, 131109619, 167837843, 182240958, 8391516, 229586495, 213735879, 97850511, 183893057, 194165031, 214936839, 224240891, 154115694, 138837282, 248682662, 216393363, 68549987, 232222394, 1476246, 151179556, 23831083, 186875312, 15363865, 148894419, 175412006, 162336783, 220767862, 257334, 2980324, 159935775, 57531261, 2110292, 132842143, 175445337, 208157644, 106313498, 58436595, 204201831, 112556371, 168238451, 123078413, 10307061, 7022813, 67501010, 13934607]
[239554898, 105465088, 218365829, 203396497, 217698719, 109346344, 97770307, 148322777, 40290812, 53317582, 37400546, 22010658, 175723653, 165222218, 73768585, 222361649, 122267290, 183229434, 110253602, 236404051, 84153860, 126893068, 26600584, 13761399, 219667882, 217646206, 241830177, 9876773, 529557, 31049115, 177676138, 69558821, 243714980, 122743854, 104370347, 60772675, 122493426, 211212441, 84340898, 171023574, 191988092, 6004240, 141975672, 182382331, 60169248, 48856296, 212556591, 125285908, 98653799, 112007566, 217452140, 5555922, 45744348, 73503130, 161775644, 220445681, 117347905, 167087389, 192827476, 136018156, 131109619, 167837843, 182240958, 8391516, 229586495, 213735879, 97850511, 183893057, 194165031, 214936839, 224240891, 154115694, 138837282, 248682662, 216393363, 68549987, 232222394, 1476246, 151179556, 23831083, 67522189, 37046337, 30331306, 30809804, 180069300, 109853152, 142626223, 133024700, 213505916, 145828056, 36192707, 210076901, 18631466, 215945163, 194354097, 118288656, 112073061, 202801511, 26526868, 133327184, 155907150, 25201293, 202722799, 104393303]
[239554898, 105465088, 218365829, 203396497, 217698719, 109346344, 97770307, 148322777, 40290812, 53317582, 37400546, 22010658, 175723653, 165222218, 73768585, 222361649, 122267290, 183229434, 110253602, 236404051, 84153860, 126893068, 26600584, 13761399, 219667882, 217646206, 241830177, 9876773, 529557, 31049115, 177676138, 69558821, 243714980, 122743854, 104370347, 60772675, 122493426, 211212441, 84340898, 171023574, 191988092, 6004240, 141975672, 182382331, 60169248, 48856296, 212556591, 125285908, 98653799, 112007566, 217452140, 5555922, 45744348, 73503130, 161775644, 220445681, 117347905, 167087389, 192827476, 136018156, 131109619, 167837843, 182240958, 8391516, 229586495, 213735879, 97850511, 183893057, 194165031, 214936839, 224240891, 154115694, 138837282, 248682662, 216393363, 68549987, 232222394, 1476246, 151179556, 23831083, 67522189, 37046337, 30331306, 30809804, 180069300, 109853152, 142626223, 133024700, 117964535, 146059510, 57098611, 91433257, 27596929, 238513360, 108481286, 209948443, 107668528, 50913205, 172430707, 159813373, 212945820, 90709240, 185532130, 56092042]
[239554898, 105465088, 218365829, 203396497, 217698719, 109346344, 97770307, 148322777, 40290812, 53317582, 37400546, 22010658, 175723653, 165222218, 73768585, 222361649, 122267290, 183229434, 110253602, 236404051, 84153860, 126893068, 26600584, 13761399, 219667882, 217646206, 241830177, 9876773, 529557, 31049115, 177676138, 69558821, 243714980, 122743854, 104370347, 60772675, 122493426, 211212441, 84340898, 171023574, 191988092, 6004240, 141975672, 182382331, 60169248, 48856296, 212556591, 125285908, 98653799, 112007566, 217452140, 5555922, 45744348, 73503130, 161775644, 220445681, 117347905, 167087389, 192827476, 136018156, 131109619, 167837843, 182240958, 8391516, 229586495, 213735879, 97850511, 183893057, 194165031, 214936839, 224240891, 154115694, 138837282, 248682662, 216393363, 68549987, 232222394, 1476246, 151179556, 23831083, 67522189, 37046337, 30331306, 30809804, 180069300, 109853152, 142626223, 133024700, 117964535, 146059510, 57098611, 73333121, 129034375, 230521454, 40947847, 93560935, 99378537, 123875191, 84610236, 62593319, 125306993, 135674421, 134151077, 179157572]
[239554898, 105465088, 218365829, 203396497, 217698719, 109346344, 97770307, 148322777, 40290812, 53317582, 37400546, 22010658, 175723653, 165222218, 73768585, 222361649, 122267290, 183229434, 110253602, 236404051, 84153860, 126893068, 26600584, 13761399, 219667882, 217646206, 241830177, 9876773, 529557, 31049115, 177676138, 69558821, 243714980, 122743854, 104370347, 60772675, 122493426, 211212441, 84340898, 171023574, 191988092, 6004240, 141975672, 182382331, 60169248, 48856296, 212556591, 125285908, 98653799, 112007566, 217452140, 5555922, 45744348, 73503130, 161775644, 220445681, 117347905, 167087389, 192827476, 136018156, 131109619, 167837843, 182240958, 8391516, 229586495, 213735879, 97850511, 183893057, 194165031, 214936839, 224240891, 154115694, 138837282, 248682662, 216393363, 68549987, 232222394, 1476246, 151179556, 23831083, 186875312, 15363865, 148894419, 175412006, 162336783, 220767862, 257334, 140506494, 123970020, 16967665, 162188528, 9006925, 16419828, 9832030, 101231843, 81203148, 171136615, 33235061, 71181508, 8068895, 113034646, 183906228, 89360654, 185719413]
[239554898, 105465088, 218365829, 203396497, 217698719, 109346344, 97770307, 148322777, 40290812, 53317582, 37400546, 22010658, 175723653, 165222218, 73768585, 222361649, 122267290, 183229434, 110253602, 236404051, 84153860, 126893068, 26600584, 13761399, 219667882, 217646206, 241830177, 9876773, 529557, 31049115, 177676138, 69558821, 243714980, 122743854, 104370347, 60772675, 122493426, 211212441, 84340898, 171023574, 191988092, 6004240, 141975672, 182382331, 60169248, 48856296, 212556591, 125285908, 98653799, 112007566, 217452140, 5555922, 45744348, 73503130, 161775644, 220445681, 117347905, 167087389, 192827476, 136018156, 131109619, 167837843, 182240958, 8391516, 229586495, 213735879, 97850511, 183893057, 194165031, 214936839, 224240891, 154115694, 138837282, 248682662, 216393363, 68549987, 232222394, 1476246, 151179556, 23831083, 67522189, 37046337, 30331306, 30809804, 180069300, 32947905, 205930261, 16667085, 210298056, 203809029, 78308169, 16378318, 196407529, 15753659, 160485131, 237915332, 143881255, 157330827, 106500990, 50899079, 94311034, 223593333, 155608645, 150294961]
[239554898, 105465088, 218365829, 203396497, 217698719, 109346344, 97770307, 148322777, 40290812, 53317582, 37400546, 22010658, 175723653, 165222218, 73768585, 222361649, 122267290, 183229434, 110253602, 236404051, 84153860, 126893068, 26600584, 13761399, 219667882, 217646206, 241830177, 9876773, 529557, 31049115, 177676138, 69558821, 243714980, 122743854, 104370347, 60772675, 122493426, 211212441, 84340898, 171023574, 191988092, 6004240, 141975672, 182382331, 60169248, 48856296, 212556591, 125285908, 98653799, 112007566, 217452140, 5555922, 45744348, 73503130, 161775644, 220445681, 117347905, 167087389, 192827476, 136018156, 131109619, 167837843, 182240958, 8391516, 229586495, 213735879, 97850511, 183893057, 194165031, 214936839, 224240891, 154115694, 138837282, 248682662, 216393363, 68549987, 232222394, 1476246, 151179556, 23831083, 186875312, 15363865, 148894419, 175412006, 162336783, 220767862, 257334, 2980324, 159935775, 57531261, 2110292, 132842143, 175445337, 3218014, 59524486, 195873983, 134969456, 242249109, 186640499, 119914522, 166939565, 26923288, 191158695, 197395140]
[239554898, 105465088, 218365829, 203396497, 217698719, 109346344, 97770307, 148322777, 40290812, 53317582, 37400546, 22010658, 175723653, 165222218, 73768585, 222361649, 122267290, 183229434, 110253602, 236404051, 84153860, 126893068, 26600584, 13761399, 219667882, 217646206, 241830177, 9876773, 529557, 31049115, 177676138, 69558821, 243714980, 122743854, 104370347, 60772675, 122493426, 211212441, 84340898, 171023574, 191988092, 6004240, 141975672, 182382331, 60169248, 48856296, 212556591, 125285908, 98653799, 112007566, 217452140, 5555922, 45744348, 73503130, 161775644, 220445681, 117347905, 167087389, 192827476, 136018156, 131109619, 167837843, 182240958, 8391516, 229586495, 213735879, 97850511, 183893057, 194165031, 214936839, 224240891, 154115694, 138837282, 248682662, 216393363, 68549987, 232222394, 1476246, 151179556, 23831083, 186875312, 15363865, 148894419, 175412006, 162336783, 220767862, 257334, 2980324, 159935775, 57531261, 2110292, 132842143, 180764072, 146670478, 219318739, 176835431, 149437895, 124168872, 39918452, 207329894, 33750613, 167025032, 123013607, 31018841]
[239554898, 105465088, 218365829, 203396497, 217698719, 109346344, 97770307, 148322777, 40290812, 53317582, 37400546, 22010658, 175723653, 165222218, 73768585, 222361649, 122267290, 183229434, 110253602, 236404051, 84153860, 126893068, 26600584, 13761399, 219667882, 217646206, 241830177, 9876773, 529557, 31049115, 177676138, 69558821, 243714980, 122743854, 104370347, 60772675, 122493426, 211212441, 84340898, 171023574, 191988092, 6004240, 141975672, 182382331, 60169248, 48856296, 212556591, 125285908, 98653799, 112007566, 217452140, 5555922, 45744348, 73503130, 161775644, 220445681, 117347905, 167087389, 192827476, 136018156, 131109619, 167837843, 182240958, 8391516, 229586495, 213735879, 97850511, 183893057, 194165031, 214936839, 224240891, 154115694, 138837282, 248682662, 216393363, 68549987, 232222394, 1476246, 151179556, 23831083, 67522189, 37046337, 30331306, 30809804, 180069300, 109853152, 142626223, 133024700, 117964535, 146059510, 57098611, 91433257, 38568678, 195314443, 163790292, 127761125, 225106931, 29410280, 9309069, 8465642, 32214940, 168412101, 98027100, 27548044]
[239554898, 105465088, 218365829, 203396497, 217698719, 109346344, 97770307, 148322777, 40290812, 53317582, 37400546, 22010658, 175723653, 165222218, 73768585, 222361649, 122267290, 183229434, 110253602, 236404051, 84153860, 126893068, 26600584, 13761399, 219667882, 217646206, 241830177, 9876773, 529557, 31049115, 177676138, 69558821, 243714980, 122743854, 104370347, 60772675, 122493426, 211212441, 84340898, 171023574, 191988092, 6004240, 141975672, 182382331, 60169248, 48856296, 212556591, 125285908, 98653799, 112007566, 217452140, 5555922, 45744348, 73503130, 161775644, 220445681, 117347905, 167087389, 192827476, 136018156, 131109619, 167837843, 182240958, 8391516, 229586495, 213735879, 97850511, 183893057, 194165031, 214936839, 224240891, 154115694, 138837282, 248682662, 216393363, 68549987, 232222394, 1476246, 151179556, 23831083, 67522189, 37046337, 30331306, 30809804, 180069300, 109853152, 142626223, 133024700, 117964535, 146059510, 57098611, 91433257, 27596929, 238513360, 108481286, 209948443, 107668528, 50913205, 172430707, 159813373, 68373453, 99854775, 242468597, 226695658]
[239554898, 105465088, 218365829, 203396497, 217698719, 109346344, 97770307, 148322777, 40290812, 53317582, 37400546, 22010658, 175723653, 165222218, 73768585, 222361649, 122267290, 183229434, 110253602, 236404051, 84153860, 126893068, 26600584, 13761399, 219667882, 217646206, 241830177, 9876773, 529557, 31049115, 177676138, 69558821, 243714980, 122743854, 104370347, 60772675, 122493426, 211212441, 84340898, 171023574, 191988092, 6004240, 141975672, 182382331, 60169248, 48856296, 212556591, 125285908, 98653799, 112007566, 217452140, 5555922, 45744348, 73503130, 161775644, 220445681, 117347905, 167087389, 192827476, 30322964, 129797693, 162069456, 20098438, 175458121, 154340491, 200438724, 50980885, 218284050, 35865695, 35960691, 173099041, 248672976, 217120534, 97773753, 5693530, 103311836, 7361823, 87771202, 105809505, 22382340, 39666005, 110445834, 30069573, 90714617, 230716197, 16119416, 184671964, 209467104, 146000494, 25141289, 40494108, 60501027, 229459517, 130626408, 39917210, 93782235, 234983649, 103210948, 170327114, 186655078, 161185472, 151435319, 20054781, 194181267]
[239554898, 105465088, 218365829, 203396497, 217698719, 109346344, 97770307, 148322777, 40290812, 53317582, 37400546, 22010658, 175723653, 165222218, 73768585, 222361649, 122267290, 183229434, 110253602, 236404051, 84153860, 126893068, 26600584, 13761399, 219667882, 217646206, 241830177, 9876773, 529557, 31049115, 177676138, 69558821, 243714980, 122743854, 104370347, 60772675, 122493426, 211212441, 84340898, 171023574, 191988092, 6004240, 141975672, 182382331, 60169248, 48856296, 212556591, 125285908, 98653799, 112007566, 217452140, 5555922, 45744348, 73503130, 161775644, 220445681, 117347905, 167087389, 192827476, 136018156, 131109619, 167837843, 182240958, 8391516, 229586495, 213735879, 97850511, 183893057, 194165031, 214936839, 224240891, 154115694, 138837282, 248682662, 216393363, 68549987, 232222394, 1476246, 151179556, 23831083, 67522189, 37046337, 30331306, 30809804, 180069300, 109853152, 142626223, 133024700, 213505916, 145828056, 36192707, 210076901, 18631466, 66249244, 106394530, 98937705, 22280856, 163202874, 122481697, 47233503, 184906668, 72702792, 105630673, 52977429]
[239554898, 105465088, 218365829, 203396497, 217698719, 109346344, 97770307, 148322777, 40290812, 53317582, 37400546, 22010658, 175723653, 165222218, 73768585, 222361649, 122267290, 183229434, 110253602, 236404051, 84153860, 126893068, 26600584, 13761399, 219667882, 217646206, 241830177, 9876773, 529557, 31049115, 177676138, 69558821, 243714980, 122743854, 104370347, 60772675, 122493426, 211212441, 84340898, 171023574, 191988092, 6004240, 141975672, 182382331, 60169248, 48856296, 212556591, 125285908, 98653799, 112007566, 217452140, 5555922, 45744348, 73503130, 161775644, 220445681, 117347905, 167087389, 192827476, 136018156, 131109619, 167837843, 182240958, 8391516, 229586495, 213735879, 97850511, 183893057, 194165031, 214936839, 224240891, 154115694, 138837282, 248682662, 216393363, 68549987, 232222394, 1476246, 151179556, 23831083, 186875312, 15363865, 148894419, 175412006, 162336783, 220767862, 257334, 2980324, 159935775, 57531261, 2110292, 132842143, 63114250, 213032620, 38717631, 248261742, 48707030, 206601718, 173305872, 167316559, 10332446, 123424096, 205713353, 194523664]
[239554898, 105465088, 218365829, 203396497, 217698719, 109346344, 97770307, 148322777, 40290812, 53317582, 37400546, 22010658, 175723653, 165222218, 73768585, 222361649, 122267290, 183229434, 110253602, 236404051, 84153860, 126893068, 26600584, 13761399, 219667882, 217646206, 241830177, 9876773, 529557, 31049115, 177676138, 69558821, 243714980, 122743854, 104370347, 60772675, 122493426, 211212441, 84340898, 171023574, 191988092, 6004240, 141975672, 182382331, 60169248, 48856296, 212556591, 125285908, 98653799, 112007566, 217452140, 5555922, 45744348, 73503130, 161775644, 220445681, 117347905, 167087389, 192827476, 30322964, 129797693, 162069456, 20098438, 175458121, 154340491, 200438724, 50980885, 218284050, 41182885, 54506857, 78043547, 1605079, 36994883, 167476512, 84602607, 136635004, 82774592, 181994661, 94214124, 242953261, 177936239, 115570111, 26692013, 2990388, 120026433, 26376298, 118170346, 33166470, 202562618, 46228497, 77391020, 36586039, 72004815, 5868703, 17944968, 237299864, 195166319, 145257292, 50226053, 203079641, 129497923, 244868432, 43100642, 77387449]
[239554898, 105465088, 218365829, 203396497, 217698719, 109346344, 97770307, 148322777, 40290812, 53317582, 37400546, 22010658, 175723653, 165222218, 73768585, 222361649, 122267290, 183229434, 110253602, 236404051, 84153860, 126893068, 26600584, 13761399, 219667882, 217646206, 241830177, 9876773, 529557, 31049115, 177676138, 69558821, 243714980, 122743854, 104370347, 60772675, 122493426, 211212441, 84340898, 171023574, 191988092, 6004240, 141975672, 182382331, 60169248, 48856296, 212556591, 125285908, 98653799, 112007566, 217452140, 5555922, 45744348, 73503130, 161775644, 220445681, 117347905, 167087389, 192827476, 30322964, 129797693, 162069456, 20098438, 175458121, 154340491, 200438724, 50980885, 218284050, 41182885, 54506857, 78043547, 1605079, 36994883, 167476512, 84602607, 136635004, 82774592, 181994661, 94214124, 242953261, 177936239, 115570111, 26692013, 2990388, 120026433, 26376298, 118170346, 33166470, 202562618, 46228497, 77391020, 36586039, 72004815, 5868703, 17944968, 237299864, 79713110, 246736336, 128999162, 238933128, 9038248, 140566190, 94634800, 179163359]
[239554898, 105465088, 218365829, 203396497, 217698719, 109346344, 97770307, 148322777, 40290812, 53317582, 37400546, 22010658, 175723653, 165222218, 73768585, 222361649, 122267290, 183229434, 110253602, 236404051, 84153860, 126893068, 26600584, 13761399, 219667882, 217646206, 241830177, 9876773, 529557, 31049115, 177676138, 69558821, 243714980, 122743854, 104370347, 60772675, 122493426, 211212441, 84340898, 171023574, 191988092, 6004240, 141975672, 182382331, 60169248, 48856296, 212556591, 125285908, 98653799, 112007566, 217452140, 5555922, 45744348, 73503130, 161775644, 220445681, 117347905, 167087389, 192827476, 136018156, 131109619, 167837843, 182240958, 8391516, 229586495, 213735879, 97850511, 183893057, 194165031, 214936839, 224240891, 154115694, 138837282, 248682662, 216393363, 68549987, 232222394, 1476246, 151179556, 23831083, 67522189, 37046337, 30331306, 30809804, 180069300, 109853152, 142626223, 133024700, 117964535, 146059510, 57098611, 91433257, 38568678, 195314443, 163790292, 132089438, 135535892, 188196428, 230332710, 191028672, 38742728, 191213556, 134581700, 241408250]
[239554898, 105465088, 218365829, 203396497, 217698719, 109346344, 97770307, 148322777, 40290812, 53317582, 37400546, 22010658, 175723653, 165222218, 73768585, 222361649, 122267290, 183229434, 110253602, 236404051, 84153860, 126893068, 26600584, 13761399, 219667882, 217646206, 241830177, 9876773, 529557, 31049115, 177676138, 69558821, 243714980, 122743854, 104370347, 60772675, 122493426, 211212441, 84340898, 171023574, 191988092, 6004240, 141975672, 182382331, 60169248, 48856296, 212556591, 125285908, 98653799, 112007566, 217452140, 5555922, 45744348, 73503130, 161775644, 220445681, 117347905, 167087389, 192827476, 136018156, 131109619, 167837843, 182240958, 8391516, 229586495, 213735879, 97850511, 183893057, 194165031, 214936839, 224240891, 154115694, 138837282, 248682662, 216393363, 68549987, 232222394, 1476246, 151179556, 23831083, 186875312, 15363865, 148894419, 175412006, 162336783, 220767862, 257334, 2980324, 159935775, 57531261, 2110292, 132842143, 180764072, 146670478, 29426298, 138117769, 124771713, 173506613, 27461156, 95779946, 178256883, 191755852, 211499801, 31000590]
[239554898, 105465088, 218365829, 203396497, 217698719, 109346344, 97770307, 148322777, 40290812, 53317582, 37400546, 22010658, 175723653, 165222218, 73768585, 222361649, 122267290, 183229434, 110253602, 236404051, 84153860, 126893068, 26600584, 13761399, 219667882, 217646206, 241830177, 9876773, 529557, 31049115, 177676138, 69558821, 243714980, 122743854, 104370347, 60772675, 122493426, 211212441, 84340898, 171023574, 191988092, 6004240, 141975672, 182382331, 60169248, 48856296, 212556591, 125285908, 98653799, 112007566, 217452140, 5555922, 45744348, 73503130, 161775644, 220445681, 117347905, 167087389, 192827476, 16949894, 154797606, 31554297, 227448688, 27607733, 7853203, 140242752, 68768893, 164110998, 12898830, 247773033, 204652173, 205971979, 68424825, 160403798, 117872922, 90131011, 162593568, 230345226, 44376985, 76933, 101975899, 156083460, 117175685, 142997913, 127523190, 24591345, 117503723, 97783181, 232447133, 220089946, 187459639, 30472219, 112344281, 2226099, 236412168, 40502974, 17697905, 409669, 29944020, 163562593, 32459029, 203636324, 1718829, 35571730]
[239554898, 105465088, 218365829, 203396497, 217698719, 109346344, 97770307, 148322777, 40290812, 53317582, 37400546, 22010658, 175723653, 165222218, 73768585, 222361649, 122267290, 183229434, 110253602, 236404051, 84153860, 126893068, 26600584, 13761399, 219667882, 217646206, 241830177, 9876773, 529557, 31049115, 177676138, 69558821, 243714980, 122743854, 104370347, 60772675, 122493426, 211212441, 84340898, 171023574, 191988092, 6004240, 141975672, 182382331, 60169248, 48856296, 212556591, 125285908, 98653799, 112007566, 217452140, 5555922, 45744348, 73503130, 161775644, 220445681, 117347905, 167087389, 192827476, 136018156, 131109619, 167837843, 182240958, 8391516, 229586495, 213735879, 97850511, 183893057, 194165031, 214936839, 224240891, 154115694, 138837282, 248682662, 216393363, 68549987, 232222394, 1476246, 151179556, 23831083, 186875312, 15363865, 148894419, 175412006, 162336783, 220767862, 257334, 2980324, 159935775, 57531261, 2110292, 132842143, 63114250, 213032620, 38717631, 248261742, 48707030, 206601718, 173305872, 115244695, 100472355, 63661553, 111180549, 190071063]
[239554898, 105465088, 218365829, 203396497, 217698719, 109346344, 97770307, 148322777, 40290812, 53317582, 37400546, 22010658, 175723653, 165222218, 73768585, 222361649, 122267290, 183229434, 110253602, 236404051, 84153860, 126893068, 26600584, 13761399, 219667882, 217646206, 241830177, 9876773, 529557, 31049115, 177676138, 69558821, 243714980, 122743854, 104370347, 60772675, 122493426, 211212441, 84340898, 171023574, 191988092, 6004240, 141975672, 182382331, 60169248, 48856296, 212556591, 125285908, 98653799, 112007566, 217452140, 5555922, 45744348, 73503130, 161775644, 220445681, 117347905, 167087389, 192827476, 136018156, 131109619, 167837843, 182240958, 8391516, 229586495, 213735879, 97850511, 183893057, 194165031, 214936839, 224240891, 154115694, 138837282, 248682662, 216393363, 68549987, 232222394, 1476246, 151179556, 23831083, 67522189, 37046337, 30331306, 30809804, 180069300, 109853152, 142626223, 133024700, 213505916, 145828056, 36192707, 210076901, 18631466, 66249244, 106394530, 98937705, 62076670, 211747572, 159709517, 208333879, 171051465, 72195883, 135247256, 82726573]
[239554898, 105465088, 218365829, 203396497, 217698719, 109346344, 97770307, 148322777, 40290812, 53317582, 37400546, 22010658, 175723653, 165222218, 73768585, 222361649, 122267290, 183229434, 110253602, 236404051, 84153860, 126893068, 26600584, 13761399, 219667882, 217646206, 241830177, 9876773, 529557, 31049115, 177676138, 69558821, 243714980, 122743854, 104370347, 60772675, 122493426, 211212441, 84340898, 171023574, 191988092, 6004240, 141975672, 182382331, 60169248, 48856296, 212556591, 125285908, 98653799, 112007566, 217452140, 5555922, 45744348, 73503130, 161775644, 220445681, 117347905, 167087389, 192827476, 136018156, 131109619, 167837843, 182240958, 8391516, 229586495, 213735879, 97850511, 183893057, 194165031, 214936839, 224240891, 154115694, 138837282, 248682662, 216393363, 68549987, 232222394, 1476246, 151179556, 23831083, 186875312, 15363865, 148894419, 175412006, 162336783, 220767862, 257334, 2980324, 159935775, 57531261, 2110292, 132842143, 63114250, 213032620, 38717631, 248261742, 48707030, 206601718, 173305872, 115244695, 100472355, 63661553, 111180549, 226478920]
[239554898, 105465088, 218365829, 203396497, 217698719, 109346344, 97770307, 148322777, 40290812, 53317582, 37400546, 22010658, 175723653, 165222218, 73768585, 222361649, 122267290, 183229434, 110253602, 236404051, 84153860, 126893068, 26600584, 13761399, 219667882, 217646206, 241830177, 9876773, 529557, 31049115, 177676138, 69558821, 243714980, 122743854, 104370347, 60772675, 122493426, 211212441, 84340898, 171023574, 191988092, 6004240, 141975672, 182382331, 60169248, 48856296, 212556591, 125285908, 98653799, 112007566, 217452140, 5555922, 45744348, 73503130, 161775644, 220445681, 117347905, 167087389, 192827476, 136018156, 131109619, 167837843, 182240958, 8391516, 229586495, 213735879, 97850511, 183893057, 194165031, 214936839, 224240891, 154115694, 138837282, 248682662, 216393363, 68549987, 232222394, 1476246, 151179556, 23831083, 186875312, 15363865, 148894419, 175412006, 162336783, 220767862, 257334, 2980324, 159935775, 57531261, 2110292, 132842143, 180764072, 146670478, 29426298, 138117769, 124771713, 173506613, 27461156, 223431827, 151786580, 213489730, 88116253, 48445627]
[239554898, 105465088, 218365829, 203396497, 217698719, 109346344, 97770307, 148322777, 40290812, 53317582, 37400546, 22010658, 175723653, 165222218, 73768585, 222361649, 122267290, 183229434, 110253602, 236404051, 84153860, 126893068, 26600584, 13761399, 219667882, 217646206, 241830177, 9876773, 529557, 31049115, 177676138, 69558821, 243714980, 122743854, 104370347, 60772675, 122493426, 211212441, 84340898, 171023574, 191988092, 6004240, 141975672, 182382331, 60169248, 48856296, 212556591, 125285908, 98653799, 112007566, 217452140, 5555922, 45744348, 73503130, 161775644, 220445681, 117347905, 167087389, 192827476, 16949894, 154797606, 31554297, 227448688, 27607733, 7853203, 140242752, 68768893, 164110998, 12898830, 247773033, 204652173, 205971979, 68424825, 83740896, 201654924, 169231707, 97514553, 121528382, 248758816, 163110820, 139726861, 193829157, 94638618, 50010934, 245101943, 152894996, 85098711, 84256216, 167307796, 39557324, 111587632, 72991358, 245961368, 10151453, 242644118, 5256703, 6435378, 172339550, 239471145, 223480314, 6770036, 74317721, 149795842, 87974057]
[239554898, 105465088, 218365829, 203396497, 217698719, 109346344, 97770307, 148322777, 40290812, 53317582, 37400546, 22010658, 175723653, 165222218, 73768585, 222361649, 122267290, 183229434, 110253602, 236404051, 84153860, 126893068, 26600584, 13761399, 219667882, 217646206, 241830177, 9876773, 529557, 31049115, 177676138, 69558821, 243714980, 122743854, 104370347, 60772675, 122493426, 211212441, 84340898, 171023574, 191988092, 6004240, 141975672, 182382331, 60169248, 48856296, 212556591, 125285908, 98653799, 112007566, 217452140, 5555922, 45744348, 73503130, 161775644, 220445681, 117347905, 167087389, 192827476, 16949894, 154797606, 31554297, 227448688, 27607733, 7853203, 140242752, 68768893, 164110998, 12898830, 247773033, 204652173, 205971979, 68424825, 160403798, 117872922, 90131011, 162593568, 230345226, 44376985, 76933, 101975899, 156083460, 117175685, 142997913, 127523190, 24591345, 117503723, 97783181, 232447133, 230211305, 81743312, 234855458, 33391567, 129454213, 131653592, 149135724, 107409848, 87039528, 235261644, 206102431, 208421678, 182153917, 75882961, 141813359]
[239554898, 105465088, 218365829, 203396497, 217698719, 109346344, 97770307, 148322777, 40290812, 53317582, 37400546, 22010658, 175723653, 165222218, 73768585, 222361649, 122267290, 183229434, 110253602, 236404051, 84153860, 126893068, 26600584, 13761399, 219667882, 217646206, 241830177, 9876773, 529557, 31049115, 177676138, 69558821, 243714980, 122743854, 104370347, 60772675, 122493426, 211212441, 84340898, 171023574, 191988092, 6004240, 141975672, 182382331, 60169248, 48856296, 212556591, 125285908, 98653799, 112007566, 217452140, 5555922, 45744348, 73503130, 161775644, 220445681, 117347905, 167087389, 192827476, 30322964, 129797693, 162069456, 20098438, 175458121, 154340491, 200438724, 50980885, 218284050, 41182885, 54506857, 78043547, 1605079, 36994883, 167476512, 84602607, 136635004, 82774592, 181994661, 94214124, 242953261, 177936239, 115570111, 26692013, 2990388, 120026433, 26376298, 118170346, 33166470, 202562618, 46228497, 77391020, 36586039, 72004815, 5868703, 17944968, 237299864, 79713110, 246736336, 128999162, 238933128, 9038248, 160704172, 3523182, 144088114]
[239554898, 105465088, 218365829, 203396497, 217698719, 109346344, 97770307, 148322777, 40290812, 53317582, 37400546, 22010658, 175723653, 165222218, 73768585, 222361649, 122267290, 183229434, 110253602, 236404051, 84153860, 126893068, 26600584, 13761399, 219667882, 217646206, 241830177, 9876773, 529557, 31049115, 177676138, 69558821, 243714980, 122743854, 104370347, 60772675, 122493426, 211212441, 84340898, 171023574, 191988092, 6004240, 141975672, 182382331, 60169248, 48856296, 212556591, 125285908, 98653799, 112007566, 217452140, 5555922, 45744348, 73503130, 161775644, 220445681, 117347905, 167087389, 192827476, 136018156, 131109619, 167837843, 182240958, 8391516, 229586495, 213735879, 97850511, 183893057, 194165031, 214936839, 224240891, 154115694, 138837282, 248682662, 216393363, 68549987, 232222394, 1476246, 151179556, 23831083, 67522189, 37046337, 30331306, 30809804, 180069300, 109853152, 142626223, 133024700, 213505916, 123561113, 138092197, 82592552, 175310019, 103121523, 23245329, 29484858, 144073463, 104990896, 201160449, 150056184, 82203034, 164687435, 13657531, 7768606]
[239554898, 105465088, 218365829, 203396497, 217698719, 109346344, 97770307, 148322777, 40290812, 53317582, 37400546, 22010658, 175723653, 165222218, 73768585, 222361649, 122267290, 183229434, 110253602, 236404051, 84153860, 126893068, 26600584, 13761399, 219667882, 217646206, 241830177, 9876773, 529557, 31049115, 177676138, 69558821, 243714980, 122743854, 104370347, 60772675, 122493426, 211212441, 84340898, 171023574, 191988092, 6004240, 141975672, 182382331, 60169248, 48856296, 212556591, 125285908, 98653799, 112007566, 217452140, 5555922, 45744348, 73503130, 161775644, 220445681, 117347905, 167087389, 192827476, 136018156, 131109619, 167837843, 182240958, 8391516, 229586495, 213735879, 97850511, 183893057, 194165031, 214936839, 224240891, 154115694, 138837282, 248682662, 216393363, 68549987, 232222394, 1476246, 151179556, 23831083, 67522189, 37046337, 30331306, 30809804, 180069300, 109853152, 142626223, 133024700, 213505916, 145828056, 36192707, 210076901, 18631466, 52777234, 8271894, 17663428, 4536358, 92171121, 6760031, 173755756, 223934049, 221848427, 61567012, 37770340]
[239554898, 105465088, 218365829, 203396497, 217698719, 109346344, 97770307, 148322777, 40290812, 53317582, 37400546, 22010658, 175723653, 165222218, 73768585, 222361649, 122267290, 183229434, 110253602, 236404051, 84153860, 126893068, 26600584, 13761399, 219667882, 217646206, 241830177, 9876773, 529557, 31049115, 177676138, 69558821, 243714980, 122743854, 104370347, 60772675, 122493426, 211212441, 84340898, 171023574, 191988092, 6004240, 141975672, 182382331, 60169248, 48856296, 212556591, 125285908, 98653799, 112007566, 217452140, 5555922, 45744348, 73503130, 161775644, 220445681, 117347905, 167087389, 192827476, 136018156, 131109619, 167837843, 182240958, 8391516, 229586495, 213735879, 97850511, 183893057, 194165031, 214936839, 224240891, 154115694, 138837282, 248682662, 216393363, 68549987, 232222394, 1476246, 151179556, 23831083, 67522189, 37046337, 30331306, 30809804, 180069300, 109853152, 142626223, 133024700, 213505916, 123561113, 138092197, 82592552, 175310019, 42811066, 139804577, 248455574, 59851800, 126144327, 80230641, 99623262, 98418340, 25892849, 122137794, 30333769]
[239554898, 105465088, 218365829, 203396497, 217698719, 109346344, 97770307, 148322777, 40290812, 53317582, 37400546, 22010658, 175723653, 165222218, 73768585, 222361649, 122267290, 183229434, 110253602, 236404051, 84153860, 126893068, 26600584, 13761399, 219667882, 217646206, 241830177, 9876773, 529557, 31049115, 177676138, 69558821, 243714980, 122743854, 104370347, 60772675, 122493426, 211212441, 84340898, 171023574, 191988092, 6004240, 141975672, 182382331, 60169248, 48856296, 212556591, 125285908, 98653799, 112007566, 217452140, 5555922, 45744348, 73503130, 161775644, 220445681, 117347905, 167087389, 192827476, 136018156, 131109619, 167837843, 182240958, 8391516, 229586495, 213735879, 97850511, 183893057, 194165031, 214936839, 224240891, 154115694, 138837282, 248682662, 216393363, 68549987, 232222394, 1476246, 151179556, 23831083, 67522189, 37046337, 30331306, 30809804, 180069300, 109853152, 142626223, 133024700, 213505916, 123561113, 138092197, 82592552, 175310019, 103121523, 23245329, 29484858, 144073463, 104990896, 201160449, 150056184, 1384566, 193317298, 163006192, 160221051]
[239554898, 105465088, 218365829, 203396497, 217698719, 109346344, 97770307, 148322777, 40290812, 53317582, 37400546, 22010658, 175723653, 165222218, 73768585, 222361649, 122267290, 183229434, 110253602, 236404051, 84153860, 126893068, 26600584, 13761399, 219667882, 217646206, 241830177, 9876773, 529557, 31049115, 177676138, 69558821, 243714980, 122743854, 104370347, 60772675, 122493426, 211212441, 84340898, 171023574, 191988092, 6004240, 141975672, 182382331, 60169248, 48856296, 212556591, 125285908, 98653799, 112007566, 217452140, 5555922, 45744348, 73503130, 161775644, 220445681, 117347905, 167087389, 192827476, 136018156, 131109619, 167837843, 182240958, 8391516, 229586495, 213735879, 97850511, 183893057, 194165031, 214936839, 224240891, 154115694, 138837282, 248682662, 216393363, 68549987, 232222394, 1476246, 151179556, 186122913, 60417403, 105641232, 103260047, 84908356, 81305338, 160418988, 65263081, 194339786, 204506009, 248186273, 173008625, 182670290, 29112124, 180697443, 196876595, 198617797, 213934377, 158162705, 125534969, 51365267, 137098488, 164920780, 227919761, 106739158]
[239554898, 105465088, 218365829, 203396497, 217698719, 109346344, 97770307, 148322777, 40290812, 53317582, 37400546, 22010658, 175723653, 165222218, 73768585, 222361649, 122267290, 183229434, 110253602, 236404051, 84153860, 126893068, 26600584, 13761399, 219667882, 217646206, 241830177, 9876773, 529557, 31049115, 177676138, 69558821, 243714980, 122743854, 104370347, 60772675, 122493426, 211212441, 84340898, 171023574, 191988092, 6004240, 141975672, 182382331, 60169248, 48856296, 212556591, 125285908, 98653799, 112007566, 217452140, 5555922, 45744348, 73503130, 161775644, 220445681, 117347905, 167087389, 192827476, 136018156, 131109619, 167837843, 182240958, 8391516, 229586495, 213735879, 97850511, 183893057, 194165031, 214936839, 224240891, 154115694, 138837282, 248682662, 216393363, 68549987, 232222394, 1476246, 151179556, 23831083, 186875312, 15363865, 148894419, 175412006, 162336783, 220767862, 257334, 2980324, 159935775, 57531261, 2110292, 132842143, 175445337, 3218014, 59524486, 195873983, 87095342, 27555519, 183267660, 178103546, 204836228, 238649719, 179137493, 182403552]
[239554898, 105465088, 218365829, 203396497, 217698719, 109346344, 97770307, 148322777, 40290812, 53317582, 37400546, 22010658, 175723653, 165222218, 73768585, 222361649, 122267290, 183229434, 110253602, 236404051, 84153860, 126893068, 26600584, 13761399, 219667882, 217646206, 241830177, 9876773, 529557, 31049115, 177676138, 69558821, 243714980, 122743854, 104370347, 60772675, 122493426, 211212441, 84340898, 171023574, 191988092, 6004240, 141975672, 182382331, 60169248, 48856296, 212556591, 125285908, 98653799, 112007566, 217452140, 5555922, 45744348, 73503130, 161775644, 220445681, 117347905, 167087389, 192827476, 136018156, 131109619, 167837843, 182240958, 8391516, 229586495, 213735879, 97850511, 183893057, 194165031, 214936839, 224240891, 154115694, 138837282, 248682662, 216393363, 68549987, 232222394, 1476246, 151179556, 23831083, 186875312, 15363865, 148894419, 175412006, 162336783, 220767862, 257334, 2980324, 159935775, 57531261, 2110292, 132842143, 175445337, 3218014, 59524486, 195873983, 87095342, 27555519, 128469637, 90992766, 109502627, 248870457, 92813000, 86553978]
[239554898, 105465088, 218365829, 203396497, 217698719, 109346344, 97770307, 148322777, 40290812, 53317582, 37400546, 22010658, 175723653, 165222218, 73768585, 222361649, 122267290, 183229434, 110253602, 236404051, 84153860, 126893068, 26600584, 13761399, 219667882, 217646206, 241830177, 9876773, 529557, 31049115, 177676138, 69558821, 243714980, 122743854, 104370347, 60772675, 122493426, 211212441, 84340898, 171023574, 191988092, 6004240, 141975672, 182382331, 60169248, 48856296, 212556591, 125285908, 98653799, 112007566, 217452140, 5555922, 45744348, 73503130, 161775644, 220445681, 117347905, 167087389, 192827476, 136018156, 131109619, 167837843, 182240958, 8391516, 229586495, 213735879, 97850511, 183893057, 194165031, 214936839, 224240891, 154115694, 138837282, 248682662, 216393363, 68549987, 232222394, 1476246, 151179556, 23831083, 186875312, 15363865, 148894419, 175412006, 162336783, 220767862, 257334, 2980324, 159935775, 57531261, 2110292, 132842143, 63114250, 213032620, 38717631, 248261742, 186829643, 117770311, 128697965, 224230569, 39930676, 234007680, 80372864, 168763392]
[239554898, 105465088, 218365829, 203396497, 217698719, 109346344, 97770307, 148322777, 40290812, 53317582, 37400546, 22010658, 175723653, 165222218, 73768585, 222361649, 122267290, 183229434, 110253602, 236404051, 84153860, 126893068, 26600584, 13761399, 219667882, 217646206, 241830177, 9876773, 529557, 31049115, 177676138, 69558821, 243714980, 122743854, 104370347, 60772675, 122493426, 211212441, 84340898, 171023574, 191988092, 6004240, 141975672, 182382331, 60169248, 48856296, 212556591, 125285908, 98653799, 112007566, 217452140, 5555922, 45744348, 73503130, 161775644, 220445681, 117347905, 167087389, 192827476, 136018156, 131109619, 167837843, 182240958, 8391516, 229586495, 213735879, 97850511, 183893057, 194165031, 214936839, 224240891, 154115694, 138837282, 248682662, 216393363, 68549987, 232222394, 1476246, 151179556, 23831083, 186875312, 15363865, 148894419, 175412006, 162336783, 220767862, 257334, 2980324, 159935775, 57531261, 2110292, 132842143, 175445337, 3218014, 59524486, 195873983, 87095342, 27555519, 183267660, 178103546, 204836228, 238649719, 179137493, 14262509]
[239554898, 105465088, 218365829, 203396497, 217698719, 109346344, 97770307, 148322777, 40290812, 53317582, 37400546, 22010658, 175723653, 165222218, 73768585, 222361649, 122267290, 183229434, 110253602, 236404051, 84153860, 126893068, 26600584, 13761399, 219667882, 217646206, 241830177, 9876773, 529557, 31049115, 177676138, 69558821, 243714980, 122743854, 104370347, 60772675, 122493426, 211212441, 84340898, 171023574, 191988092, 6004240, 141975672, 182382331, 60169248, 48856296, 212556591, 125285908, 98653799, 112007566, 217452140, 5555922, 45744348, 73503130, 161775644, 220445681, 117347905, 167087389, 192827476, 136018156, 131109619, 167837843, 182240958, 8391516, 229586495, 213735879, 97850511, 183893057, 194165031, 214936839, 224240891, 154115694, 138837282, 248682662, 216393363, 68549987, 232222394, 1476246, 151179556, 23831083, 186875312, 15363865, 148894419, 175412006, 162336783, 220767862, 257334, 2980324, 159935775, 57531261, 2110292, 132842143, 175445337, 3218014, 59524486, 195873983, 134969456, 23498438, 132350848, 43234262, 89600896, 73538671, 16439424, 54988129]
[239554898, 105465088, 218365829, 203396497, 217698719, 109346344, 97770307, 148322777, 40290812, 53317582, 37400546, 22010658, 175723653, 165222218, 73768585, 222361649, 122267290, 183229434, 110253602, 236404051, 84153860, 126893068, 26600584, 13761399, 219667882, 217646206, 241830177, 9876773, 529557, 31049115, 177676138, 69558821, 243714980, 122743854, 104370347, 60772675, 122493426, 211212441, 84340898, 171023574, 191988092, 6004240, 141975672, 182382331, 60169248, 48856296, 212556591, 125285908, 98653799, 112007566, 217452140, 5555922, 45744348, 73503130, 161775644, 220445681, 117347905, 167087389, 192827476, 136018156, 131109619, 167837843, 182240958, 8391516, 229586495, 213735879, 97850511, 183893057, 194165031, 214936839, 224240891, 154115694, 138837282, 248682662, 216393363, 68549987, 232222394, 1476246, 151179556, 23831083, 186875312, 15363865, 148894419, 175412006, 162336783, 220767862, 257334, 2980324, 159935775, 57531261, 2110292, 132842143, 63114250, 213032620, 38717631, 248261742, 48707030, 206601718, 173305872, 167316559, 10332446, 245066038, 568441, 172288287]
[239554898, 105465088, 218365829, 203396497, 217698719, 109346344, 97770307, 148322777, 40290812, 53317582, 37400546, 22010658, 175723653, 165222218, 73768585, 222361649, 122267290, 183229434, 110253602, 236404051, 84153860, 126893068, 26600584, 13761399, 219667882, 217646206, 241830177, 9876773, 529557, 31049115, 177676138, 69558821, 243714980, 122743854, 104370347, 60772675, 122493426, 211212441, 84340898, 171023574, 191988092, 6004240, 141975672, 182382331, 60169248, 48856296, 212556591, 125285908, 98653799, 112007566, 217452140, 5555922, 45744348, 73503130, 161775644, 220445681, 117347905, 167087389, 192827476, 136018156, 131109619, 167837843, 182240958, 8391516, 229586495, 213735879, 97850511, 183893057, 194165031, 214936839, 224240891, 154115694, 138837282, 248682662, 216393363, 68549987, 232222394, 1476246, 151179556, 23831083, 67522189, 37046337, 30331306, 30809804, 180069300, 109853152, 142626223, 133024700, 117964535, 146059510, 57098611, 73333121, 165472275, 247574085, 38256730, 108458298, 17314258, 63296127, 167988758, 76210387, 74917558, 6814584, 22241941, 135708778]
[239554898, 105465088, 218365829, 203396497, 217698719, 109346344, 97770307, 148322777, 40290812, 53317582, 37400546, 22010658, 175723653, 165222218, 73768585, 222361649, 122267290, 183229434, 110253602, 236404051, 84153860, 126893068, 26600584, 13761399, 219667882, 217646206, 241830177, 9876773, 529557, 31049115, 177676138, 69558821, 243714980, 122743854, 104370347, 60772675, 122493426, 211212441, 84340898, 171023574, 191988092, 6004240, 141975672, 182382331, 60169248, 48856296, 212556591, 125285908, 98653799, 112007566, 217452140, 5555922, 45744348, 73503130, 161775644, 220445681, 117347905, 167087389, 192827476, 30322964, 129797693, 162069456, 20098438, 175458121, 154340491, 200438724, 50980885, 218284050, 35865695, 35960691, 173099041, 248672976, 217120534, 97773753, 5693530, 103311836, 7361823, 87771202, 105809505, 22382340, 39666005, 110445834, 30069573, 233154354, 61206607, 100300322, 78885327, 227733215, 41562605, 118115241, 7826418, 87998904, 17387700, 133758056, 78606632, 246885150, 57813029, 95235287, 212472818, 313799, 18154680, 130454377, 150150738, 117569926]
[239554898, 105465088, 218365829, 203396497, 217698719, 109346344, 97770307, 148322777, 40290812, 53317582, 37400546, 22010658, 175723653, 165222218, 73768585, 222361649, 122267290, 183229434, 110253602, 236404051, 84153860, 126893068, 26600584, 13761399, 219667882, 217646206, 241830177, 9876773, 529557, 31049115, 177676138, 69558821, 243714980, 122743854, 104370347, 60772675, 122493426, 211212441, 84340898, 171023574, 191988092, 6004240, 141975672, 182382331, 60169248, 48856296, 212556591, 125285908, 98653799, 112007566, 217452140, 5555922, 45744348, 73503130, 161775644, 220445681, 117347905, 167087389, 192827476, 136018156, 131109619, 167837843, 182240958, 8391516, 229586495, 213735879, 97850511, 183893057, 194165031, 214936839, 224240891, 154115694, 138837282, 248682662, 216393363, 68549987, 232222394, 1476246, 151179556, 23831083, 67522189, 37046337, 30331306, 30809804, 25267365, 33628761, 120843493, 60323715, 141937992, 214517939, 159351707, 225092483, 171806910, 228378040, 237812772, 201916728, 165088190, 186778219, 14214200, 210875311, 56560810, 17438649, 143022157, 99570036]
[239554898, 105465088, 218365829, 203396497, 217698719, 109346344, 97770307, 148322777, 40290812, 53317582, 37400546, 22010658, 175723653, 165222218, 73768585, 222361649, 122267290, 183229434, 110253602, 236404051, 84153860, 126893068, 26600584, 13761399, 219667882, 217646206, 241830177, 9876773, 529557, 31049115, 177676138, 69558821, 243714980, 122743854, 104370347, 60772675, 122493426, 211212441, 84340898, 171023574, 191988092, 6004240, 141975672, 182382331, 60169248, 48856296, 212556591, 125285908, 98653799, 112007566, 217452140, 5555922, 45744348, 73503130, 161775644, 220445681, 117347905, 167087389, 192827476, 30322964, 129797693, 162069456, 20098438, 175458121, 154340491, 200438724, 50980885, 218284050, 35865695, 35960691, 173099041, 248672976, 217120534, 97773753, 5693530, 103311836, 7361823, 87771202, 105809505, 22382340, 39666005, 110445834, 30069573, 90714617, 230716197, 16119416, 184671964, 209467104, 146000494, 25141289, 40494108, 60501027, 229459517, 130626408, 39917210, 93782235, 234983649, 103210948, 170327114, 186655078, 161185472, 208799980, 109465209, 48476462]
[239554898, 105465088, 218365829, 203396497, 217698719, 109346344, 97770307, 148322777, 40290812, 53317582, 37400546, 22010658, 175723653, 165222218, 73768585, 222361649, 122267290, 183229434, 110253602, 236404051, 84153860, 126893068, 26600584, 13761399, 219667882, 217646206, 241830177, 9876773, 529557, 31049115, 177676138, 69558821, 243714980, 122743854, 104370347, 60772675, 122493426, 211212441, 84340898, 171023574, 191988092, 6004240, 141975672, 182382331, 60169248, 48856296, 212556591, 125285908, 98653799, 112007566, 217452140, 5555922, 45744348, 73503130, 161775644, 220445681, 117347905, 167087389, 192827476, 30322964, 129797693, 162069456, 20098438, 175458121, 154340491, 200438724, 50980885, 218284050, 35865695, 35960691, 173099041, 248672976, 217120534, 97773753, 5693530, 103311836, 7361823, 87771202, 105809505, 22382340, 39666005, 110445834, 30069573, 90714617, 230716197, 16119416, 184671964, 209467104, 146000494, 25141289, 40494108, 60501027, 229459517, 130626408, 39917210, 93782235, 234983649, 103210948, 170327114, 186655078, 161185472, 151435319, 20054781, 122676704]
[239554898, 105465088, 218365829, 203396497, 217698719, 109346344, 97770307, 148322777, 40290812, 53317582, 37400546, 22010658, 175723653, 165222218, 73768585, 222361649, 122267290, 183229434, 110253602, 236404051, 84153860, 126893068, 26600584, 13761399, 219667882, 217646206, 241830177, 9876773, 529557, 31049115, 177676138, 69558821, 243714980, 122743854, 104370347, 60772675, 122493426, 211212441, 84340898, 171023574, 191988092, 6004240, 141975672, 182382331, 60169248, 48856296, 212556591, 125285908, 98653799, 112007566, 217452140, 5555922, 45744348, 73503130, 161775644, 220445681, 117347905, 167087389, 192827476, 136018156, 131109619, 167837843, 182240958, 8391516, 229586495, 213735879, 97850511, 183893057, 194165031, 214936839, 224240891, 154115694, 138837282, 248682662, 216393363, 68549987, 232222394, 1476246, 151179556, 23831083, 67522189, 37046337, 30331306, 30809804, 180069300, 109853152, 142626223, 133024700, 213505916, 145828056, 36192707, 210076901, 18631466, 66249244, 106394530, 98937705, 62076670, 236207879, 167435298, 148324952, 222617075, 185461076, 31915937, 83682272]
[239554898, 105465088, 218365829, 203396497, 217698719, 109346344, 97770307, 148322777, 40290812, 53317582, 37400546, 22010658, 175723653, 165222218, 73768585, 222361649, 122267290, 183229434, 110253602, 236404051, 84153860, 126893068, 26600584, 13761399, 219667882, 217646206, 241830177, 9876773, 529557, 31049115, 177676138, 69558821, 243714980, 122743854, 104370347, 60772675, 122493426, 211212441, 84340898, 171023574, 191988092, 6004240, 141975672, 182382331, 60169248, 48856296, 212556591, 125285908, 98653799, 112007566, 217452140, 5555922, 45744348, 73503130, 161775644, 220445681, 117347905, 167087389, 192827476, 136018156, 131109619, 167837843, 182240958, 8391516, 229586495, 213735879, 97850511, 183893057, 194165031, 214936839, 224240891, 154115694, 138837282, 248682662, 216393363, 68549987, 232222394, 1476246, 151179556, 186122913, 60417403, 105641232, 103260047, 84908356, 81305338, 160418988, 65263081, 194339786, 204506009, 248186273, 173008625, 182670290, 29112124, 7406428, 28666481, 106002348, 140172784, 140573007, 131330324, 106371034, 233771060, 210797048, 167005197, 50672554]
[239554898, 105465088, 218365829, 203396497, 217698719, 109346344, 97770307, 148322777, 40290812, 53317582, 37400546, 22010658, 175723653, 165222218, 73768585, 222361649, 122267290, 183229434, 110253602, 236404051, 84153860, 126893068, 26600584, 13761399, 219667882, 217646206, 241830177, 9876773, 529557, 31049115, 177676138, 69558821, 243714980, 122743854, 104370347, 60772675, 122493426, 211212441, 84340898, 171023574, 191988092, 6004240, 141975672, 182382331, 60169248, 48856296, 212556591, 125285908, 98653799, 112007566, 217452140, 5555922, 45744348, 73503130, 161775644, 220445681, 117347905, 167087389, 192827476, 136018156, 131109619, 167837843, 182240958, 8391516, 229586495, 213735879, 97850511, 183893057, 194165031, 214936839, 224240891, 154115694, 138837282, 248682662, 216393363, 68549987, 232222394, 1476246, 151179556, 23831083, 67522189, 37046337, 30331306, 30809804, 180069300, 109853152, 142626223, 133024700, 213505916, 145828056, 36192707, 210076901, 18631466, 52777234, 8271894, 17663428, 4536358, 92171121, 6760031, 173755756, 87812423, 204359454, 14318650, 44067610]
[239554898, 105465088, 218365829, 203396497, 217698719, 109346344, 97770307, 148322777, 40290812, 53317582, 37400546, 22010658, 175723653, 165222218, 73768585, 222361649, 122267290, 183229434, 110253602, 236404051, 84153860, 126893068, 26600584, 13761399, 219667882, 217646206, 241830177, 9876773, 529557, 31049115, 177676138, 69558821, 243714980, 122743854, 104370347, 60772675, 122493426, 211212441, 84340898, 171023574, 191988092, 6004240, 141975672, 182382331, 60169248, 48856296, 212556591, 125285908, 98653799, 112007566, 217452140, 5555922, 45744348, 73503130, 161775644, 220445681, 117347905, 167087389, 192827476, 136018156, 131109619, 167837843, 182240958, 8391516, 229586495, 213735879, 97850511, 183893057, 194165031, 214936839, 224240891, 154115694, 138837282, 248682662, 216393363, 68549987, 232222394, 1476246, 151179556, 23831083, 67522189, 37046337, 30331306, 30809804, 180069300, 32947905, 92433975, 10504298, 97570684, 135634069, 114736754, 147457113, 214821645, 75775793, 182573625, 1764363, 137827166, 173177104, 150704780, 81738871, 97331398, 217854214, 106241529, 237825957]
[239554898, 105465088, 218365829, 203396497, 217698719, 109346344, 97770307, 148322777, 40290812, 53317582, 37400546, 22010658, 175723653, 165222218, 73768585, 222361649, 122267290, 183229434, 110253602, 236404051, 84153860, 126893068, 26600584, 13761399, 219667882, 217646206, 241830177, 9876773, 529557, 31049115, 177676138, 69558821, 243714980, 122743854, 104370347, 60772675, 122493426, 211212441, 84340898, 171023574, 191988092, 6004240, 141975672, 182382331, 60169248, 48856296, 212556591, 125285908, 98653799, 112007566, 217452140, 5555922, 45744348, 73503130, 161775644, 220445681, 117347905, 167087389, 192827476, 136018156, 131109619, 167837843, 182240958, 8391516, 229586495, 213735879, 97850511, 183893057, 194165031, 214936839, 224240891, 154115694, 138837282, 248682662, 216393363, 68549987, 232222394, 1476246, 151179556, 23831083, 186875312, 15363865, 148894419, 175412006, 162336783, 220767862, 257334, 2980324, 159935775, 57531261, 2110292, 132842143, 180764072, 146670478, 29426298, 138117769, 124771713, 173506613, 48598773, 70102142, 17721308, 186144087, 135838346, 182223601]
[239554898, 105465088, 218365829, 203396497, 217698719, 109346344, 97770307, 148322777, 40290812, 53317582, 37400546, 22010658, 175723653, 165222218, 73768585, 222361649, 122267290, 183229434, 110253602, 236404051, 84153860, 126893068, 26600584, 13761399, 219667882, 217646206, 241830177, 9876773, 529557, 31049115, 177676138, 69558821, 243714980, 122743854, 104370347, 60772675, 122493426, 211212441, 84340898, 171023574, 191988092, 6004240, 141975672, 182382331, 60169248, 48856296, 212556591, 125285908, 98653799, 112007566, 217452140, 5555922, 45744348, 73503130, 161775644, 220445681, 117347905, 167087389, 192827476, 136018156, 131109619, 167837843, 182240958, 8391516, 229586495, 213735879, 97850511, 183893057, 194165031, 214936839, 224240891, 154115694, 138837282, 248682662, 216393363, 68549987, 232222394, 1476246, 151179556, 23831083, 186875312, 15363865, 148894419, 175412006, 162336783, 220767862, 257334, 2980324, 159935775, 57531261, 2110292, 132842143, 63114250, 213032620, 38717631, 248261742, 186829643, 117770311, 128697965, 224230569, 187147321, 175949116, 238097491, 20427892]
[239554898, 105465088, 218365829, 203396497, 217698719, 109346344, 97770307, 148322777, 40290812, 53317582, 37400546, 22010658, 175723653, 165222218, 73768585, 222361649, 122267290, 183229434, 110253602, 236404051, 84153860, 126893068, 26600584, 13761399, 219667882, 217646206, 241830177, 9876773, 529557, 31049115, 177676138, 69558821, 243714980, 122743854, 104370347, 60772675, 122493426, 211212441, 84340898, 171023574, 191988092, 6004240, 141975672, 182382331, 60169248, 48856296, 212556591, 125285908, 98653799, 112007566, 217452140, 5555922, 45744348, 73503130, 161775644, 220445681, 117347905, 167087389, 192827476, 136018156, 131109619, 167837843, 182240958, 8391516, 229586495, 213735879, 97850511, 183893057, 194165031, 214936839, 224240891, 154115694, 138837282, 248682662, 216393363, 68549987, 232222394, 1476246, 151179556, 23831083, 67522189, 37046337, 30331306, 30809804, 25267365, 236085028, 54752257, 31154509, 112833706, 2456493, 157810119, 226487189, 199590539, 468094, 2905358, 155156672, 66275301, 222911222, 210775047, 73540757, 139493571, 121347311, 121533695, 112855884]
[239554898, 105465088, 218365829, 203396497, 217698719, 109346344, 97770307, 148322777, 40290812, 53317582, 37400546, 22010658, 175723653, 165222218, 73768585, 222361649, 122267290, 183229434, 110253602, 236404051, 84153860, 126893068, 26600584, 13761399, 219667882, 217646206, 241830177, 9876773, 529557, 31049115, 177676138, 69558821, 243714980, 122743854, 104370347, 60772675, 122493426, 211212441, 84340898, 171023574, 191988092, 6004240, 141975672, 182382331, 60169248, 48856296, 212556591, 125285908, 98653799, 112007566, 217452140, 5555922, 45744348, 73503130, 161775644, 220445681, 117347905, 167087389, 192827476, 136018156, 131109619, 167837843, 182240958, 8391516, 229586495, 213735879, 97850511, 183893057, 194165031, 214936839, 224240891, 154115694, 138837282, 248682662, 216393363, 68549987, 232222394, 1476246, 151179556, 23831083, 67522189, 37046337, 30331306, 30809804, 25267365, 236085028, 54752257, 31154509, 170373936, 115589660, 230184458, 119012113, 71118401, 215362869, 237947311, 101248218, 152389165, 226880477, 74889673, 236823585, 17551354, 109622823, 209131122, 186876235]
[239554898, 105465088, 218365829, 203396497, 217698719, 109346344, 97770307, 148322777, 40290812, 53317582, 37400546, 22010658, 175723653, 165222218, 73768585, 222361649, 122267290, 183229434, 110253602, 236404051, 84153860, 126893068, 26600584, 13761399, 219667882, 217646206, 241830177, 9876773, 529557, 31049115, 177676138, 69558821, 243714980, 122743854, 104370347, 60772675, 122493426, 211212441, 84340898, 171023574, 191988092, 6004240, 141975672, 182382331, 60169248, 48856296, 212556591, 125285908, 98653799, 112007566, 217452140, 5555922, 45744348, 73503130, 161775644, 220445681, 117347905, 167087389, 192827476, 136018156, 131109619, 167837843, 182240958, 8391516, 229586495, 213735879, 97850511, 183893057, 194165031, 214936839, 224240891, 154115694, 138837282, 248682662, 216393363, 68549987, 232222394, 1476246, 151179556, 23831083, 186875312, 15363865, 148894419, 175412006, 162336783, 220767862, 257334, 140506494, 123970020, 16967665, 162188528, 9006925, 16419828, 9832030, 101231843, 242806185, 184700778, 158169750, 114951210, 49150035, 116670938, 193746968, 31709694, 157505553]
[239554898, 105465088, 218365829, 203396497, 217698719, 109346344, 97770307, 148322777, 40290812, 53317582, 37400546, 22010658, 175723653, 165222218, 73768585, 222361649, 122267290, 183229434, 110253602, 236404051, 84153860, 126893068, 26600584, 13761399, 219667882, 217646206, 241830177, 9876773, 529557, 31049115, 177676138, 69558821, 243714980, 122743854, 104370347, 60772675, 122493426, 211212441, 84340898, 171023574, 191988092, 6004240, 141975672, 182382331, 60169248, 48856296, 212556591, 125285908, 98653799, 112007566, 217452140, 5555922, 45744348, 73503130, 161775644, 220445681, 117347905, 167087389, 192827476, 136018156, 131109619, 167837843, 182240958, 8391516, 229586495, 213735879, 97850511, 183893057, 194165031, 214936839, 224240891, 154115694, 138837282, 248682662, 216393363, 68549987, 232222394, 1476246, 151179556, 23831083, 67522189, 37046337, 30331306, 30809804, 25267365, 33628761, 120843493, 60323715, 141937992, 214517939, 159351707, 225092483, 171806910, 228378040, 223335645, 215148842, 139616328, 248670051, 181864879, 106115424, 73209317, 228698045, 162733898, 105576202]
[239554898, 105465088, 218365829, 203396497, 217698719, 109346344, 97770307, 148322777, 40290812, 53317582, 37400546, 22010658, 175723653, 165222218, 73768585, 222361649, 122267290, 183229434, 110253602, 236404051, 84153860, 126893068, 26600584, 13761399, 219667882, 217646206, 241830177, 9876773, 529557, 31049115, 177676138, 69558821, 243714980, 122743854, 104370347, 60772675, 122493426, 211212441, 84340898, 171023574, 191988092, 6004240, 141975672, 182382331, 60169248, 48856296, 212556591, 125285908, 98653799, 112007566, 217452140, 5555922, 45744348, 73503130, 161775644, 220445681, 117347905, 167087389, 192827476, 136018156, 131109619, 167837843, 182240958, 8391516, 229586495, 213735879, 97850511, 183893057, 194165031, 214936839, 224240891, 154115694, 138837282, 248682662, 216393363, 68549987, 232222394, 1476246, 151179556, 23831083, 186875312, 15363865, 148894419, 175412006, 162336783, 220767862, 257334, 2980324, 159935775, 57531261, 2110292, 132842143, 175445337, 3218014, 59524486, 195873983, 87095342, 27555519, 128469637, 90992766, 140601150, 212537235, 183593015, 148106522]
[239554898, 105465088, 218365829, 203396497, 217698719, 109346344, 97770307, 148322777, 40290812, 53317582, 37400546, 22010658, 175723653, 165222218, 73768585, 222361649, 122267290, 183229434, 110253602, 236404051, 84153860, 126893068, 26600584, 13761399, 219667882, 217646206, 241830177, 9876773, 529557, 31049115, 177676138, 69558821, 243714980, 122743854, 104370347, 60772675, 122493426, 211212441, 84340898, 171023574, 191988092, 6004240, 141975672, 182382331, 60169248, 48856296, 212556591, 125285908, 98653799, 112007566, 217452140, 5555922, 45744348, 73503130, 161775644, 220445681, 117347905, 167087389, 192827476, 136018156, 131109619, 167837843, 182240958, 8391516, 229586495, 213735879, 97850511, 183893057, 194165031, 214936839, 224240891, 154115694, 138837282, 248682662, 216393363, 68549987, 232222394, 1476246, 151179556, 23831083, 67522189, 37046337, 30331306, 30809804, 180069300, 109853152, 142626223, 133024700, 213505916, 145828056, 36192707, 210076901, 18631466, 215945163, 194354097, 146649287, 3758129, 237707380, 28284948, 193679035, 92618366, 84998177, 146465945, 186154901]
[239554898, 105465088, 218365829, 203396497, 217698719, 109346344, 97770307, 148322777, 40290812, 53317582, 37400546, 22010658, 175723653, 165222218, 73768585, 222361649, 122267290, 183229434, 110253602, 236404051, 84153860, 126893068, 26600584, 13761399, 219667882, 217646206, 241830177, 9876773, 529557, 31049115, 177676138, 69558821, 243714980, 122743854, 104370347, 60772675, 122493426, 211212441, 84340898, 171023574, 191988092, 6004240, 141975672, 182382331, 60169248, 48856296, 212556591, 125285908, 98653799, 112007566, 217452140, 5555922, 45744348, 73503130, 161775644, 220445681, 117347905, 167087389, 192827476, 136018156, 131109619, 167837843, 182240958, 8391516, 229586495, 213735879, 97850511, 183893057, 194165031, 214936839, 224240891, 154115694, 138837282, 248682662, 216393363, 68549987, 232222394, 1476246, 151179556, 23831083, 67522189, 37046337, 30331306, 30809804, 25267365, 33628761, 120843493, 60323715, 141937992, 214517939, 159351707, 225092483, 171806910, 14044454, 242868175, 51611021, 103323002, 82673646, 209696386, 64140981, 23457858, 91558921, 174756357, 234012416]
[239554898, 105465088, 218365829, 203396497, 217698719, 109346344, 97770307, 148322777, 40290812, 53317582, 37400546, 22010658, 175723653, 165222218, 73768585, 222361649, 122267290, 183229434, 110253602, 236404051, 84153860, 126893068, 26600584, 13761399, 219667882, 217646206, 241830177, 9876773, 529557, 31049115, 177676138, 69558821, 243714980, 122743854, 104370347, 60772675, 122493426, 211212441, 84340898, 171023574, 191988092, 6004240, 141975672, 182382331, 60169248, 48856296, 212556591, 125285908, 98653799, 112007566, 217452140, 5555922, 45744348, 73503130, 161775644, 220445681, 117347905, 167087389, 192827476, 30322964, 129797693, 162069456, 20098438, 175458121, 154340491, 200438724, 50980885, 218284050, 41182885, 54506857, 78043547, 1605079, 36994883, 167476512, 84602607, 136635004, 82774592, 181994661, 94214124, 242953261, 177936239, 115570111, 26692013, 2990388, 120026433, 26376298, 118170346, 33166470, 202562618, 46228497, 77391020, 36586039, 72004815, 5868703, 17944968, 237299864, 79713110, 246736336, 128999162, 238933128, 9038248, 160704172, 42924434, 229990570]
[239554898, 105465088, 218365829, 203396497, 217698719, 109346344, 97770307, 148322777, 40290812, 53317582, 37400546, 22010658, 175723653, 165222218, 73768585, 222361649, 122267290, 183229434, 110253602, 236404051, 84153860, 126893068, 26600584, 13761399, 219667882, 217646206, 241830177, 9876773, 529557, 31049115, 177676138, 69558821, 243714980, 122743854, 104370347, 60772675, 122493426, 211212441, 84340898, 171023574, 191988092, 6004240, 141975672, 182382331, 60169248, 48856296, 212556591, 125285908, 98653799, 112007566, 217452140, 5555922, 45744348, 73503130, 161775644, 220445681, 117347905, 167087389, 192827476, 136018156, 131109619, 167837843, 182240958, 8391516, 229586495, 213735879, 97850511, 183893057, 194165031, 214936839, 224240891, 154115694, 138837282, 248682662, 216393363, 68549987, 232222394, 1476246, 151179556, 23831083, 67522189, 37046337, 30331306, 30809804, 25267365, 236085028, 54752257, 31154509, 112833706, 2456493, 157810119, 226487189, 246327151, 107864561, 54224376, 208770211, 220726170, 111704643, 52509029, 4370448, 234418943, 94646089, 194550576, 63888894]
[239554898, 105465088, 218365829, 203396497, 217698719, 109346344, 97770307, 148322777, 40290812, 53317582, 37400546, 22010658, 175723653, 165222218, 73768585, 222361649, 122267290, 183229434, 110253602, 236404051, 84153860, 126893068, 26600584, 13761399, 219667882, 217646206, 241830177, 9876773, 529557, 31049115, 177676138, 69558821, 243714980, 122743854, 104370347, 60772675, 122493426, 211212441, 84340898, 171023574, 191988092, 6004240, 141975672, 182382331, 60169248, 48856296, 212556591, 125285908, 98653799, 112007566, 217452140, 5555922, 45744348, 73503130, 161775644, 220445681, 117347905, 167087389, 192827476, 136018156, 131109619, 167837843, 182240958, 8391516, 229586495, 213735879, 97850511, 183893057, 194165031, 214936839, 224240891, 154115694, 138837282, 248682662, 216393363, 68549987, 232222394, 1476246, 151179556, 23831083, 186875312, 15363865, 148894419, 175412006, 162336783, 220767862, 257334, 2980324, 159935775, 57531261, 2110292, 132842143, 180764072, 146670478, 29426298, 138117769, 124771713, 173506613, 27461156, 223431827, 151786580, 213489730, 234119021, 201507670]
[239554898, 105465088, 218365829, 203396497, 217698719, 109346344, 97770307, 148322777, 40290812, 53317582, 37400546, 22010658, 175723653, 165222218, 73768585, 222361649, 122267290, 183229434, 110253602, 236404051, 84153860, 126893068, 26600584, 13761399, 219667882, 217646206, 241830177, 9876773, 529557, 31049115, 177676138, 69558821, 243714980, 122743854, 104370347, 60772675, 122493426, 211212441, 84340898, 171023574, 191988092, 6004240, 141975672, 182382331, 60169248, 48856296, 212556591, 125285908, 98653799, 112007566, 217452140, 5555922, 45744348, 73503130, 161775644, 220445681, 117347905, 167087389, 192827476, 136018156, 131109619, 167837843, 182240958, 8391516, 229586495, 213735879, 97850511, 183893057, 194165031, 214936839, 224240891, 154115694, 138837282, 248682662, 216393363, 68549987, 232222394, 1476246, 151179556, 23831083, 186875312, 15363865, 148894419, 175412006, 162336783, 220767862, 257334, 2980324, 159935775, 57531261, 2110292, 132842143, 63114250, 213032620, 38717631, 248261742, 186829643, 117770311, 128697965, 224230569, 187147321, 175949116, 171847163, 81200599]
[239554898, 105465088, 218365829, 203396497, 217698719, 109346344, 97770307, 148322777, 40290812, 53317582, 37400546, 22010658, 175723653, 165222218, 73768585, 222361649, 122267290, 183229434, 110253602, 236404051, 84153860, 126893068, 26600584, 13761399, 219667882, 217646206, 241830177, 9876773, 529557, 31049115, 177676138, 69558821, 243714980, 122743854, 104370347, 60772675, 122493426, 211212441, 84340898, 171023574, 191988092, 6004240, 141975672, 182382331, 60169248, 48856296, 212556591, 125285908, 98653799, 112007566, 217452140, 5555922, 45744348, 73503130, 161775644, 220445681, 117347905, 167087389, 192827476, 136018156, 131109619, 167837843, 182240958, 8391516, 229586495, 213735879, 97850511, 183893057, 194165031, 214936839, 224240891, 154115694, 138837282, 248682662, 216393363, 68549987, 232222394, 1476246, 151179556, 23831083, 67522189, 37046337, 30331306, 30809804, 180069300, 109853152, 142626223, 133024700, 213505916, 145828056, 36192707, 210076901, 18631466, 52777234, 8271894, 104723084, 103227377, 83603035, 211470450, 93876837, 58707326, 128100495, 88282029, 152572410]
[239554898, 105465088, 218365829, 203396497, 217698719, 109346344, 97770307, 148322777, 40290812, 53317582, 37400546, 22010658, 175723653, 165222218, 73768585, 222361649, 122267290, 183229434, 110253602, 236404051, 84153860, 126893068, 26600584, 13761399, 219667882, 217646206, 241830177, 9876773, 529557, 31049115, 177676138, 69558821, 243714980, 122743854, 104370347, 60772675, 122493426, 211212441, 84340898, 171023574, 191988092, 6004240, 141975672, 182382331, 60169248, 48856296, 212556591, 125285908, 98653799, 112007566, 217452140, 5555922, 45744348, 73503130, 161775644, 220445681, 117347905, 167087389, 192827476, 136018156, 131109619, 167837843, 182240958, 8391516, 229586495, 213735879, 97850511, 183893057, 194165031, 214936839, 224240891, 154115694, 138837282, 248682662, 216393363, 68549987, 232222394, 1476246, 151179556, 23831083, 186875312, 15363865, 148894419, 175412006, 162336783, 220767862, 257334, 140506494, 123970020, 16967665, 162188528, 9006925, 16419828, 9832030, 101231843, 242806185, 29781802, 200735027, 59894364, 135745293, 167535140, 118993457, 150393938, 187042630]
[239554898, 105465088, 218365829, 203396497, 217698719, 109346344, 97770307, 148322777, 40290812, 53317582, 37400546, 22010658, 175723653, 165222218, 73768585, 222361649, 122267290, 183229434, 110253602, 236404051, 84153860, 126893068, 26600584, 13761399, 219667882, 217646206, 241830177, 9876773, 529557, 31049115, 177676138, 69558821, 243714980, 122743854, 104370347, 60772675, 122493426, 211212441, 84340898, 171023574, 191988092, 6004240, 141975672, 182382331, 60169248, 48856296, 212556591, 125285908, 98653799, 112007566, 217452140, 5555922, 45744348, 73503130, 161775644, 220445681, 117347905, 167087389, 192827476, 136018156, 131109619, 167837843, 182240958, 8391516, 229586495, 213735879, 97850511, 183893057, 194165031, 214936839, 224240891, 154115694, 138837282, 248682662, 216393363, 68549987, 232222394, 1476246, 151179556, 23831083, 67522189, 37046337, 30331306, 30809804, 180069300, 109853152, 142626223, 133024700, 213505916, 145828056, 36192707, 210076901, 18631466, 52777234, 8271894, 17663428, 4536358, 92171121, 6760031, 201625043, 42071590, 26503695, 81665740, 139077773]
[239554898, 105465088, 218365829, 203396497, 217698719, 109346344, 97770307, 148322777, 40290812, 53317582, 37400546, 22010658, 175723653, 165222218, 73768585, 222361649, 122267290, 183229434, 110253602, 236404051, 84153860, 126893068, 26600584, 13761399, 219667882, 217646206, 241830177, 9876773, 529557, 31049115, 177676138, 69558821, 243714980, 122743854, 104370347, 60772675, 122493426, 211212441, 84340898, 171023574, 191988092, 6004240, 141975672, 182382331, 60169248, 48856296, 212556591, 125285908, 98653799, 112007566, 217452140, 5555922, 45744348, 73503130, 161775644, 220445681, 117347905, 167087389, 192827476, 136018156, 131109619, 167837843, 182240958, 8391516, 229586495, 213735879, 97850511, 183893057, 194165031, 214936839, 224240891, 154115694, 138837282, 248682662, 216393363, 68549987, 232222394, 1476246, 151179556, 23831083, 186875312, 15363865, 148894419, 175412006, 162336783, 220767862, 257334, 140506494, 123970020, 16967665, 83723662, 11943399, 171221150, 19320553, 143875605, 182785584, 203336787, 206664492, 242549690, 34849924, 204734417, 192809519, 99136203, 74712753]
[239554898, 105465088, 218365829, 203396497, 217698719, 109346344, 97770307, 148322777, 40290812, 53317582, 37400546, 22010658, 175723653, 165222218, 73768585, 222361649, 122267290, 183229434, 110253602, 236404051, 84153860, 126893068, 26600584, 13761399, 219667882, 217646206, 241830177, 9876773, 529557, 31049115, 177676138, 69558821, 243714980, 122743854, 104370347, 60772675, 122493426, 211212441, 84340898, 171023574, 191988092, 6004240, 141975672, 182382331, 60169248, 48856296, 212556591, 125285908, 98653799, 112007566, 217452140, 5555922, 45744348, 73503130, 161775644, 220445681, 117347905, 167087389, 192827476, 136018156, 131109619, 167837843, 182240958, 8391516, 229586495, 213735879, 97850511, 183893057, 194165031, 214936839, 224240891, 154115694, 138837282, 248682662, 216393363, 68549987, 232222394, 1476246, 151179556, 23831083, 186875312, 15363865, 148894419, 175412006, 162336783, 220767862, 257334, 140506494, 123970020, 16967665, 162188528, 9006925, 16419828, 9832030, 101231843, 242806185, 184700778, 178941896, 229122355, 186011294, 238674224, 100111295, 160524423, 176230098]
[239554898, 105465088, 218365829, 203396497, 217698719, 109346344, 97770307, 148322777, 40290812, 53317582, 37400546, 22010658, 175723653, 165222218, 73768585, 222361649, 122267290, 183229434, 110253602, 236404051, 84153860, 126893068, 26600584, 13761399, 219667882, 217646206, 241830177, 9876773, 529557, 31049115, 177676138, 69558821, 243714980, 122743854, 104370347, 60772675, 122493426, 211212441, 84340898, 171023574, 191988092, 6004240, 141975672, 182382331, 60169248, 48856296, 212556591, 125285908, 98653799, 112007566, 217452140, 5555922, 45744348, 73503130, 161775644, 220445681, 117347905, 167087389, 192827476, 136018156, 131109619, 167837843, 182240958, 8391516, 229586495, 213735879, 97850511, 183893057, 194165031, 214936839, 224240891, 154115694, 138837282, 248682662, 216393363, 68549987, 232222394, 1476246, 151179556, 23831083, 67522189, 37046337, 30331306, 30809804, 180069300, 109853152, 142626223, 133024700, 213505916, 145828056, 36192707, 210076901, 18631466, 52777234, 8271894, 17663428, 4536358, 92171121, 6760031, 173755756, 87812423, 25401967, 36413332, 9953148]
[239554898, 105465088, 218365829, 203396497, 217698719, 109346344, 97770307, 148322777, 40290812, 53317582, 37400546, 22010658, 175723653, 165222218, 73768585, 222361649, 122267290, 183229434, 110253602, 236404051, 84153860, 126893068, 26600584, 13761399, 219667882, 217646206, 241830177, 9876773, 529557, 31049115, 177676138, 69558821, 243714980, 122743854, 104370347, 60772675, 122493426, 211212441, 84340898, 171023574, 191988092, 6004240, 141975672, 182382331, 60169248, 48856296, 212556591, 125285908, 98653799, 112007566, 217452140, 5555922, 45744348, 73503130, 161775644, 220445681, 117347905, 167087389, 192827476, 136018156, 131109619, 167837843, 182240958, 8391516, 229586495, 213735879, 97850511, 183893057, 194165031, 214936839, 224240891, 154115694, 138837282, 248682662, 216393363, 68549987, 232222394, 1476246, 151179556, 23831083, 186875312, 15363865, 148894419, 175412006, 162336783, 220767862, 257334, 140506494, 123970020, 16967665, 162188528, 9006925, 16419828, 9832030, 101231843, 242806185, 184700778, 178941896, 229122355, 186011294, 238674224, 100111295, 160524423, 190124070]
[239554898, 105465088, 218365829, 203396497, 217698719, 109346344, 97770307, 148322777, 40290812, 53317582, 37400546, 22010658, 175723653, 165222218, 73768585, 222361649, 122267290, 183229434, 110253602, 236404051, 84153860, 126893068, 26600584, 13761399, 219667882, 217646206, 241830177, 9876773, 529557, 31049115, 177676138, 69558821, 243714980, 122743854, 104370347, 60772675, 122493426, 211212441, 84340898, 171023574, 191988092, 6004240, 141975672, 182382331, 60169248, 48856296, 212556591, 125285908, 98653799, 112007566, 217452140, 5555922, 45744348, 73503130, 161775644, 220445681, 117347905, 167087389, 192827476, 136018156, 131109619, 167837843, 182240958, 8391516, 229586495, 213735879, 97850511, 183893057, 194165031, 214936839, 224240891, 154115694, 138837282, 248682662, 216393363, 68549987, 232222394, 1476246, 151179556, 23831083, 67522189, 37046337, 30331306, 30809804, 25267365, 236085028, 54752257, 31154509, 112833706, 2456493, 157810119, 226487189, 246327151, 107864561, 54224376, 208770211, 220726170, 111704643, 93948395, 239805839, 188662385, 100744196, 164588416, 240393089]
[239554898, 105465088, 218365829, 203396497, 217698719, 109346344, 97770307, 148322777, 40290812, 53317582, 37400546, 22010658, 175723653, 165222218, 73768585, 222361649, 122267290, 183229434, 110253602, 236404051, 84153860, 126893068, 26600584, 13761399, 219667882, 217646206, 241830177, 9876773, 529557, 31049115, 177676138, 69558821, 243714980, 122743854, 104370347, 60772675, 122493426, 211212441, 84340898, 171023574, 191988092, 6004240, 141975672, 182382331, 60169248, 48856296, 212556591, 125285908, 98653799, 112007566, 217452140, 5555922, 45744348, 73503130, 161775644, 220445681, 117347905, 167087389, 192827476, 136018156, 131109619, 167837843, 182240958, 8391516, 229586495, 213735879, 97850511, 183893057, 194165031, 214936839, 224240891, 154115694, 138837282, 248682662, 216393363, 68549987, 232222394, 1476246, 151179556, 23831083, 67522189, 37046337, 30331306, 30809804, 180069300, 109853152, 142626223, 133024700, 213505916, 145828056, 36192707, 210076901, 18631466, 52777234, 8271894, 104723084, 171119738, 54278901, 3398118, 157825432, 112958782, 158596020, 158229106, 205651585]
[239554898, 105465088, 218365829, 203396497, 217698719, 109346344, 97770307, 148322777, 40290812, 53317582, 37400546, 22010658, 175723653, 165222218, 73768585, 222361649, 122267290, 183229434, 110253602, 236404051, 84153860, 126893068, 26600584, 13761399, 219667882, 217646206, 241830177, 9876773, 529557, 31049115, 177676138, 69558821, 243714980, 122743854, 104370347, 60772675, 122493426, 211212441, 84340898, 171023574, 191988092, 6004240, 141975672, 182382331, 60169248, 48856296, 212556591, 125285908, 98653799, 112007566, 217452140, 5555922, 45744348, 73503130, 161775644, 220445681, 117347905, 167087389, 192827476, 136018156, 131109619, 167837843, 182240958, 8391516, 229586495, 213735879, 97850511, 183893057, 194165031, 214936839, 224240891, 154115694, 138837282, 248682662, 216393363, 68549987, 232222394, 1476246, 151179556, 23831083, 67522189, 37046337, 30331306, 30809804, 180069300, 109853152, 142626223, 133024700, 117964535, 146059510, 57098611, 91433257, 27596929, 238513360, 108481286, 209948443, 56184597, 4053209, 89549718, 7700963, 172560252, 60053166, 155247335, 237387314]
[239554898, 105465088, 218365829, 203396497, 217698719, 109346344, 97770307, 148322777, 40290812, 53317582, 37400546, 22010658, 175723653, 165222218, 73768585, 222361649, 122267290, 183229434, 110253602, 236404051, 84153860, 126893068, 26600584, 13761399, 219667882, 217646206, 241830177, 9876773, 529557, 31049115, 177676138, 69558821, 243714980, 122743854, 104370347, 60772675, 122493426, 211212441, 84340898, 171023574, 191988092, 6004240, 141975672, 182382331, 60169248, 48856296, 212556591, 125285908, 98653799, 112007566, 217452140, 5555922, 45744348, 73503130, 161775644, 220445681, 117347905, 167087389, 192827476, 136018156, 131109619, 167837843, 182240958, 8391516, 229586495, 213735879, 97850511, 183893057, 194165031, 214936839, 224240891, 154115694, 138837282, 248682662, 216393363, 68549987, 232222394, 1476246, 151179556, 23831083, 67522189, 37046337, 30331306, 30809804, 25267365, 33628761, 120843493, 60323715, 141937992, 214517939, 159351707, 225092483, 171806910, 228378040, 237812772, 201916728, 165088190, 120809138, 213070510, 89359926, 175922600, 60520486, 12869043, 77750506]
[239554898, 105465088, 218365829, 203396497, 217698719, 109346344, 97770307, 148322777, 40290812, 53317582, 37400546, 22010658, 175723653, 165222218, 73768585, 222361649, 122267290, 183229434, 110253602, 236404051, 84153860, 126893068, 26600584, 13761399, 219667882, 217646206, 241830177, 9876773, 529557, 31049115, 177676138, 69558821, 243714980, 122743854, 104370347, 60772675, 122493426, 211212441, 84340898, 171023574, 191988092, 6004240, 141975672, 182382331, 60169248, 48856296, 212556591, 125285908, 98653799, 112007566, 217452140, 5555922, 45744348, 73503130, 161775644, 220445681, 117347905, 167087389, 192827476, 136018156, 131109619, 167837843, 182240958, 8391516, 229586495, 213735879, 97850511, 183893057, 194165031, 214936839, 224240891, 154115694, 138837282, 248682662, 216393363, 68549987, 232222394, 1476246, 151179556, 23831083, 186875312, 15363865, 148894419, 175412006, 162336783, 220767862, 257334, 143166041, 24692386, 98064457, 86943863, 188097428, 130804698, 214226392, 65375030, 240064347, 110050142, 141194250, 230085431, 242552439, 56115484, 129589269, 58531180, 29272143]
[239554898, 105465088, 218365829, 203396497, 217698719, 109346344, 97770307, 148322777, 40290812, 53317582, 37400546, 22010658, 175723653, 165222218, 73768585, 222361649, 122267290, 183229434, 110253602, 236404051, 84153860, 126893068, 26600584, 13761399, 219667882, 217646206, 241830177, 9876773, 529557, 31049115, 177676138, 69558821, 243714980, 122743854, 104370347, 60772675, 122493426, 211212441, 84340898, 171023574, 191988092, 6004240, 141975672, 182382331, 60169248, 48856296, 212556591, 125285908, 98653799, 112007566, 217452140, 5555922, 45744348, 73503130, 161775644, 220445681, 117347905, 167087389, 192827476, 136018156, 131109619, 167837843, 182240958, 8391516, 229586495, 213735879, 97850511, 183893057, 194165031, 214936839, 224240891, 154115694, 138837282, 248682662, 216393363, 68549987, 232222394, 1476246, 151179556, 23831083, 67522189, 37046337, 30331306, 30809804, 180069300, 109853152, 142626223, 133024700, 117964535, 146059510, 57098611, 91433257, 38568678, 195314443, 163790292, 132089438, 135535892, 188196428, 230332710, 139406056, 169058221, 61524776, 141990308, 237293832]
[239554898, 105465088, 218365829, 203396497, 217698719, 109346344, 97770307, 148322777, 40290812, 53317582, 37400546, 22010658, 175723653, 165222218, 73768585, 222361649, 122267290, 183229434, 110253602, 236404051, 84153860, 126893068, 26600584, 13761399, 219667882, 217646206, 241830177, 9876773, 529557, 31049115, 177676138, 69558821, 243714980, 122743854, 104370347, 60772675, 122493426, 211212441, 84340898, 171023574, 191988092, 6004240, 141975672, 182382331, 60169248, 48856296, 212556591, 125285908, 98653799, 112007566, 217452140, 5555922, 45744348, 73503130, 161775644, 220445681, 117347905, 167087389, 192827476, 136018156, 131109619, 167837843, 182240958, 8391516, 229586495, 213735879, 97850511, 183893057, 194165031, 214936839, 224240891, 154115694, 138837282, 248682662, 216393363, 68549987, 232222394, 1476246, 151179556, 23831083, 67522189, 37046337, 30331306, 30809804, 180069300, 109853152, 142626223, 133024700, 213505916, 145828056, 36192707, 210076901, 18631466, 215945163, 194354097, 118288656, 188694160, 185752404, 68221932, 111971146, 137991681, 86400261, 28547446, 92376408]
[239554898, 105465088, 218365829, 203396497, 217698719, 109346344, 97770307, 148322777, 40290812, 53317582, 37400546, 22010658, 175723653, 165222218, 73768585, 222361649, 122267290, 183229434, 110253602, 236404051, 84153860, 126893068, 26600584, 13761399, 219667882, 217646206, 241830177, 9876773, 529557, 31049115, 177676138, 69558821, 243714980, 122743854, 104370347, 60772675, 122493426, 211212441, 84340898, 171023574, 191988092, 6004240, 141975672, 182382331, 60169248, 48856296, 212556591, 125285908, 98653799, 112007566, 217452140, 5555922, 45744348, 73503130, 161775644, 220445681, 117347905, 167087389, 192827476, 136018156, 131109619, 167837843, 182240958, 8391516, 229586495, 213735879, 97850511, 183893057, 194165031, 214936839, 224240891, 154115694, 138837282, 248682662, 216393363, 68549987, 232222394, 1476246, 151179556, 23831083, 186875312, 15363865, 148894419, 175412006, 162336783, 220767862, 257334, 2980324, 159935775, 57531261, 2110292, 132842143, 63114250, 213032620, 38717631, 248261742, 48707030, 206601718, 173305872, 115244695, 100472355, 63661553, 111180549, 173393823]
[239554898, 105465088, 218365829, 203396497, 217698719, 109346344, 97770307, 148322777, 40290812, 53317582, 37400546, 22010658, 175723653, 165222218, 73768585, 222361649, 122267290, 183229434, 110253602, 236404051, 84153860, 126893068, 26600584, 13761399, 219667882, 217646206, 241830177, 9876773, 529557, 31049115, 177676138, 69558821, 243714980, 122743854, 104370347, 60772675, 122493426, 211212441, 84340898, 171023574, 191988092, 6004240, 141975672, 182382331, 60169248, 48856296, 212556591, 125285908, 98653799, 112007566, 217452140, 5555922, 45744348, 73503130, 161775644, 220445681, 117347905, 167087389, 192827476, 30322964, 129797693, 162069456, 20098438, 175458121, 154340491, 200438724, 50980885, 218284050, 35865695, 35960691, 173099041, 248672976, 217120534, 97773753, 5693530, 103311836, 7361823, 87771202, 105809505, 22382340, 39666005, 110445834, 30069573, 90714617, 230716197, 16119416, 184671964, 209467104, 146000494, 25141289, 40494108, 60501027, 155864249, 110164759, 152374169, 44314408, 30163918, 85564782, 49629385, 241340799, 56180208, 96023130, 208643089, 170111730]
[239554898, 105465088, 218365829, 203396497, 217698719, 109346344, 97770307, 148322777, 40290812, 53317582, 37400546, 22010658, 175723653, 165222218, 73768585, 222361649, 122267290, 183229434, 110253602, 236404051, 84153860, 126893068, 26600584, 13761399, 219667882, 217646206, 241830177, 9876773, 529557, 31049115, 177676138, 69558821, 243714980, 122743854, 104370347, 60772675, 122493426, 211212441, 84340898, 171023574, 191988092, 6004240, 141975672, 182382331, 60169248, 48856296, 212556591, 125285908, 98653799, 112007566, 217452140, 5555922, 45744348, 73503130, 161775644, 220445681, 117347905, 167087389, 192827476, 136018156, 131109619, 167837843, 182240958, 8391516, 229586495, 213735879, 97850511, 183893057, 194165031, 214936839, 224240891, 154115694, 138837282, 248682662, 216393363, 68549987, 232222394, 1476246, 151179556, 23831083, 186875312, 15363865, 148894419, 175412006, 162336783, 220767862, 257334, 2980324, 159935775, 57531261, 2110292, 132842143, 180764072, 146670478, 29426298, 138117769, 20096346, 48591039, 36017153, 124682740, 241321565, 218959610, 10667156, 8014519]
[239554898, 105465088, 218365829, 203396497, 217698719, 109346344, 97770307, 148322777, 40290812, 53317582, 37400546, 22010658, 175723653, 165222218, 73768585, 222361649, 122267290, 183229434, 110253602, 236404051, 84153860, 126893068, 26600584, 13761399, 219667882, 217646206, 241830177, 9876773, 529557, 31049115, 177676138, 69558821, 243714980, 122743854, 104370347, 60772675, 122493426, 211212441, 84340898, 171023574, 191988092, 6004240, 141975672, 182382331, 60169248, 48856296, 212556591, 125285908, 98653799, 112007566, 217452140, 5555922, 45744348, 73503130, 161775644, 220445681, 117347905, 167087389, 192827476, 136018156, 131109619, 167837843, 182240958, 8391516, 229586495, 213735879, 97850511, 183893057, 194165031, 214936839, 224240891, 154115694, 138837282, 248682662, 216393363, 68549987, 232222394, 1476246, 151179556, 23831083, 67522189, 37046337, 30331306, 30809804, 25267365, 33628761, 120843493, 60323715, 141937992, 214517939, 159351707, 225092483, 171806910, 186160347, 87037788, 105909858, 135293949, 170144175, 55036851, 110524894, 66328498, 70197015, 241511878, 217606422]
[239554898, 105465088, 218365829, 203396497, 217698719, 109346344, 97770307, 148322777, 40290812, 53317582, 37400546, 22010658, 175723653, 165222218, 73768585, 222361649, 122267290, 183229434, 110253602, 236404051, 84153860, 126893068, 26600584, 13761399, 219667882, 217646206, 241830177, 9876773, 529557, 31049115, 177676138, 69558821, 243714980, 122743854, 104370347, 60772675, 122493426, 211212441, 84340898, 171023574, 191988092, 6004240, 141975672, 182382331, 60169248, 48856296, 212556591, 125285908, 98653799, 112007566, 217452140, 5555922, 45744348, 73503130, 161775644, 220445681, 117347905, 167087389, 192827476, 136018156, 131109619, 167837843, 182240958, 8391516, 229586495, 213735879, 97850511, 183893057, 194165031, 214936839, 224240891, 154115694, 138837282, 248682662, 216393363, 68549987, 232222394, 1476246, 151179556, 23831083, 67522189, 37046337, 143879866, 123729297, 235762465, 220063132, 92098001, 139677268, 100353505, 130245573, 160206283, 134489364, 140612711, 49354014, 223252961, 71560665, 128536351, 187425481, 222759505, 127906753, 21168834, 67748614, 24626739, 139472052]
[239554898, 105465088, 218365829, 203396497, 217698719, 109346344, 97770307, 148322777, 40290812, 53317582, 37400546, 22010658, 175723653, 165222218, 73768585, 222361649, 122267290, 183229434, 110253602, 236404051, 84153860, 126893068, 26600584, 13761399, 219667882, 217646206, 241830177, 9876773, 529557, 31049115, 177676138, 69558821, 243714980, 122743854, 104370347, 60772675, 122493426, 211212441, 84340898, 171023574, 191988092, 6004240, 141975672, 182382331, 60169248, 48856296, 212556591, 125285908, 98653799, 112007566, 217452140, 5555922, 45744348, 73503130, 161775644, 220445681, 117347905, 167087389, 192827476, 136018156, 131109619, 167837843, 182240958, 8391516, 229586495, 213735879, 97850511, 183893057, 194165031, 214936839, 224240891, 154115694, 138837282, 248682662, 216393363, 68549987, 232222394, 1476246, 151179556, 23831083, 67522189, 37046337, 30331306, 30809804, 180069300, 109853152, 142626223, 133024700, 213505916, 123561113, 138092197, 82592552, 175310019, 103121523, 23245329, 29484858, 144073463, 104990896, 201160449, 150056184, 1384566, 57162367, 220378975, 14875083]
[239554898, 105465088, 218365829, 203396497, 217698719, 109346344, 97770307, 148322777, 40290812, 53317582, 37400546, 22010658, 175723653, 165222218, 73768585, 222361649, 122267290, 183229434, 110253602, 236404051, 84153860, 126893068, 26600584, 13761399, 219667882, 217646206, 241830177, 9876773, 529557, 31049115, 177676138, 69558821, 243714980, 122743854, 104370347, 60772675, 122493426, 211212441, 84340898, 171023574, 191988092, 6004240, 141975672, 182382331, 60169248, 48856296, 212556591, 125285908, 98653799, 112007566, 217452140, 5555922, 45744348, 73503130, 161775644, 220445681, 117347905, 167087389, 192827476, 136018156, 131109619, 167837843, 182240958, 8391516, 229586495, 213735879, 97850511, 183893057, 194165031, 214936839, 224240891, 154115694, 138837282, 248682662, 216393363, 68549987, 232222394, 1476246, 151179556, 23831083, 67522189, 37046337, 30331306, 30809804, 180069300, 32947905, 205930261, 16667085, 210298056, 203809029, 78308169, 16378318, 196407529, 15753659, 160485131, 237915332, 143881255, 157330827, 106500990, 50899079, 140933821, 184301346, 211020014, 212348668]
[239554898, 105465088, 218365829, 203396497, 217698719, 109346344, 97770307, 148322777, 40290812, 53317582, 37400546, 22010658, 175723653, 165222218, 73768585, 222361649, 122267290, 183229434, 110253602, 236404051, 84153860, 126893068, 26600584, 13761399, 219667882, 217646206, 241830177, 9876773, 529557, 31049115, 177676138, 69558821, 243714980, 122743854, 104370347, 60772675, 122493426, 211212441, 84340898, 171023574, 191988092, 6004240, 141975672, 182382331, 60169248, 48856296, 212556591, 125285908, 98653799, 112007566, 217452140, 5555922, 45744348, 73503130, 161775644, 220445681, 117347905, 167087389, 192827476, 136018156, 131109619, 167837843, 182240958, 8391516, 229586495, 213735879, 97850511, 183893057, 194165031, 214936839, 224240891, 154115694, 138837282, 248682662, 216393363, 68549987, 232222394, 1476246, 151179556, 23831083, 67522189, 37046337, 30331306, 30809804, 180069300, 109853152, 142626223, 133024700, 117964535, 146059510, 57098611, 73333121, 165472275, 247574085, 38256730, 108458298, 17314258, 63296127, 167988758, 141713045, 29631926, 165844852, 189149285, 13586478]
[239554898, 105465088, 218365829, 203396497, 217698719, 109346344, 97770307, 148322777, 40290812, 53317582, 37400546, 22010658, 175723653, 165222218, 73768585, 222361649, 122267290, 183229434, 110253602, 236404051, 84153860, 126893068, 26600584, 13761399, 219667882, 217646206, 241830177, 9876773, 529557, 31049115, 177676138, 69558821, 243714980, 122743854, 104370347, 60772675, 122493426, 211212441, 84340898, 171023574, 191988092, 6004240, 141975672, 182382331, 60169248, 48856296, 212556591, 125285908, 98653799, 112007566, 217452140, 5555922, 45744348, 73503130, 161775644, 220445681, 117347905, 167087389, 192827476, 136018156, 131109619, 167837843, 182240958, 8391516, 229586495, 213735879, 97850511, 183893057, 194165031, 214936839, 224240891, 154115694, 138837282, 248682662, 216393363, 68549987, 232222394, 1476246, 151179556, 23831083, 67522189, 37046337, 30331306, 30809804, 25267365, 33628761, 120843493, 60323715, 141937992, 214517939, 159351707, 225092483, 171806910, 228378040, 237812772, 201916728, 165088190, 6361737, 66562892, 42927463, 221134397, 45989711, 121988794, 218947190]
[239554898, 105465088, 218365829, 203396497, 217698719, 109346344, 97770307, 148322777, 40290812, 53317582, 37400546, 22010658, 175723653, 165222218, 73768585, 222361649, 122267290, 183229434, 110253602, 236404051, 84153860, 126893068, 26600584, 13761399, 219667882, 217646206, 241830177, 9876773, 529557, 31049115, 177676138, 69558821, 243714980, 122743854, 104370347, 60772675, 122493426, 211212441, 84340898, 171023574, 191988092, 6004240, 141975672, 182382331, 60169248, 48856296, 212556591, 125285908, 98653799, 112007566, 217452140, 5555922, 45744348, 73503130, 161775644, 220445681, 117347905, 167087389, 192827476, 136018156, 131109619, 167837843, 182240958, 8391516, 229586495, 213735879, 97850511, 183893057, 194165031, 214936839, 224240891, 154115694, 138837282, 248682662, 216393363, 68549987, 232222394, 1476246, 151179556, 23831083, 67522189, 37046337, 30331306, 30809804, 180069300, 109853152, 142626223, 133024700, 117964535, 146059510, 57098611, 91433257, 38568678, 195314443, 169850861, 240024758, 246457470, 180796297, 209936281, 85774478, 29048667, 218813833, 157972783, 138202521]
[239554898, 105465088, 218365829, 203396497, 217698719, 109346344, 97770307, 148322777, 40290812, 53317582, 37400546, 22010658, 175723653, 165222218, 73768585, 222361649, 122267290, 183229434, 110253602, 236404051, 84153860, 126893068, 26600584, 13761399, 219667882, 217646206, 241830177, 9876773, 529557, 31049115, 177676138, 69558821, 243714980, 122743854, 104370347, 60772675, 122493426, 211212441, 84340898, 171023574, 191988092, 6004240, 141975672, 182382331, 60169248, 48856296, 212556591, 125285908, 98653799, 112007566, 217452140, 5555922, 45744348, 73503130, 161775644, 220445681, 117347905, 167087389, 192827476, 136018156, 131109619, 167837843, 182240958, 8391516, 229586495, 213735879, 97850511, 183893057, 194165031, 214936839, 224240891, 154115694, 138837282, 248682662, 216393363, 68549987, 232222394, 1476246, 151179556, 23831083, 186875312, 15363865, 148894419, 175412006, 162336783, 220767862, 257334, 2980324, 159935775, 57531261, 2110292, 132842143, 175445337, 201022537, 235968690, 132348050, 57709436, 99097020, 57255372, 32505495, 238602531, 48515095, 118340595, 160154137]
[239554898, 105465088, 218365829, 203396497, 217698719, 109346344, 97770307, 148322777, 40290812, 53317582, 37400546, 22010658, 175723653, 165222218, 73768585, 222361649, 122267290, 183229434, 110253602, 236404051, 84153860, 126893068, 26600584, 13761399, 219667882, 217646206, 241830177, 9876773, 529557, 31049115, 177676138, 69558821, 243714980, 122743854, 104370347, 60772675, 122493426, 211212441, 84340898, 171023574, 191988092, 6004240, 141975672, 182382331, 60169248, 48856296, 212556591, 125285908, 98653799, 112007566, 217452140, 5555922, 45744348, 73503130, 161775644, 220445681, 117347905, 167087389, 192827476, 136018156, 131109619, 167837843, 182240958, 8391516, 229586495, 213735879, 97850511, 183893057, 194165031, 214936839, 224240891, 154115694, 138837282, 248682662, 216393363, 68549987, 232222394, 1476246, 151179556, 23831083, 67522189, 37046337, 30331306, 30809804, 180069300, 109853152, 142626223, 133024700, 213505916, 145828056, 36192707, 210076901, 18631466, 66249244, 106394530, 98937705, 62076670, 236207879, 200810389, 117472547, 148400284, 131850934, 45577992, 138788197]
[239554898, 105465088, 218365829, 203396497, 217698719, 109346344, 97770307, 148322777, 40290812, 53317582, 37400546, 22010658, 175723653, 165222218, 73768585, 222361649, 122267290, 183229434, 110253602, 236404051, 84153860, 126893068, 26600584, 13761399, 219667882, 217646206, 241830177, 9876773, 529557, 31049115, 177676138, 69558821, 243714980, 122743854, 104370347, 60772675, 122493426, 211212441, 84340898, 171023574, 191988092, 6004240, 141975672, 182382331, 60169248, 48856296, 212556591, 125285908, 98653799, 112007566, 217452140, 5555922, 45744348, 73503130, 161775644, 220445681, 117347905, 167087389, 192827476, 136018156, 131109619, 167837843, 182240958, 8391516, 229586495, 213735879, 97850511, 183893057, 194165031, 214936839, 224240891, 154115694, 138837282, 248682662, 216393363, 68549987, 232222394, 1476246, 151179556, 23831083, 67522189, 37046337, 30331306, 30809804, 25267365, 33628761, 120843493, 60323715, 161552165, 45948928, 156724531, 189656957, 96043887, 210101002, 72206643, 198507616, 71170187, 176629760, 124530405, 172294663, 230235502, 222837276, 180028103, 62536919]
[239554898, 105465088, 218365829, 203396497, 217698719, 109346344, 97770307, 148322777, 40290812, 53317582, 37400546, 22010658, 175723653, 165222218, 73768585, 222361649, 122267290, 183229434, 110253602, 236404051, 84153860, 126893068, 26600584, 13761399, 219667882, 217646206, 241830177, 9876773, 529557, 31049115, 177676138, 69558821, 243714980, 122743854, 104370347, 60772675, 122493426, 211212441, 84340898, 171023574, 191988092, 6004240, 141975672, 182382331, 60169248, 48856296, 212556591, 125285908, 98653799, 112007566, 217452140, 5555922, 45744348, 73503130, 161775644, 220445681, 117347905, 167087389, 192827476, 136018156, 131109619, 167837843, 182240958, 8391516, 229586495, 213735879, 97850511, 183893057, 194165031, 214936839, 224240891, 154115694, 138837282, 248682662, 216393363, 68549987, 232222394, 1476246, 151179556, 23831083, 67522189, 37046337, 30331306, 30809804, 180069300, 109853152, 142626223, 133024700, 213505916, 145828056, 36192707, 210076901, 18631466, 52777234, 8271894, 104723084, 171119738, 54278901, 212843278, 13705256, 141395705, 65645729, 184137486, 209876506]
[239554898, 105465088, 218365829, 203396497, 217698719, 109346344, 97770307, 148322777, 40290812, 53317582, 37400546, 22010658, 175723653, 165222218, 73768585, 222361649, 122267290, 183229434, 110253602, 236404051, 84153860, 126893068, 26600584, 13761399, 219667882, 217646206, 241830177, 9876773, 529557, 31049115, 177676138, 69558821, 243714980, 122743854, 104370347, 60772675, 122493426, 211212441, 84340898, 171023574, 191988092, 6004240, 141975672, 182382331, 60169248, 48856296, 212556591, 125285908, 98653799, 112007566, 217452140, 5555922, 45744348, 73503130, 161775644, 220445681, 117347905, 167087389, 192827476, 136018156, 131109619, 167837843, 182240958, 8391516, 229586495, 213735879, 97850511, 183893057, 194165031, 214936839, 224240891, 154115694, 138837282, 248682662, 216393363, 68549987, 232222394, 1476246, 151179556, 23831083, 67522189, 37046337, 30331306, 30809804, 25267365, 236085028, 54752257, 31154509, 112833706, 2456493, 157810119, 226487189, 199590539, 468094, 2905358, 155156672, 66275301, 222911222, 212962531, 59953807, 138744679, 12486486, 149409500, 143413376]
[239554898, 105465088, 218365829, 203396497, 217698719, 109346344, 97770307, 148322777, 40290812, 53317582, 37400546, 22010658, 175723653, 165222218, 73768585, 222361649, 122267290, 183229434, 110253602, 236404051, 84153860, 126893068, 26600584, 13761399, 219667882, 217646206, 241830177, 9876773, 529557, 31049115, 177676138, 69558821, 243714980, 122743854, 104370347, 60772675, 122493426, 211212441, 84340898, 171023574, 191988092, 6004240, 141975672, 182382331, 60169248, 48856296, 212556591, 125285908, 98653799, 112007566, 217452140, 5555922, 45744348, 73503130, 161775644, 220445681, 117347905, 167087389, 192827476, 136018156, 131109619, 167837843, 182240958, 8391516, 229586495, 213735879, 97850511, 183893057, 194165031, 214936839, 224240891, 154115694, 138837282, 248682662, 216393363, 68549987, 232222394, 1476246, 151179556, 23831083, 67522189, 37046337, 30331306, 30809804, 180069300, 109853152, 142626223, 133024700, 213505916, 145828056, 36192707, 210076901, 18631466, 66249244, 106394530, 98937705, 62076670, 236207879, 200810389, 117472547, 148400284, 131850934, 60352256, 170519746]
[239554898, 105465088, 218365829, 203396497, 217698719, 109346344, 97770307, 148322777, 40290812, 53317582, 37400546, 22010658, 175723653, 165222218, 73768585, 222361649, 122267290, 183229434, 110253602, 236404051, 84153860, 126893068, 26600584, 13761399, 219667882, 217646206, 241830177, 9876773, 529557, 31049115, 177676138, 69558821, 243714980, 122743854, 104370347, 60772675, 122493426, 211212441, 84340898, 171023574, 191988092, 6004240, 141975672, 182382331, 60169248, 48856296, 212556591, 125285908, 98653799, 112007566, 217452140, 5555922, 45744348, 73503130, 161775644, 220445681, 117347905, 167087389, 192827476, 136018156, 131109619, 167837843, 182240958, 8391516, 229586495, 213735879, 97850511, 183893057, 194165031, 214936839, 224240891, 154115694, 138837282, 248682662, 216393363, 68549987, 232222394, 1476246, 151179556, 23831083, 67522189, 37046337, 30331306, 30809804, 180069300, 109853152, 142626223, 133024700, 117964535, 146059510, 57098611, 91433257, 38568678, 195314443, 163790292, 127761125, 225106931, 29410280, 9309069, 8465642, 32214940, 168412101, 95677348, 134263313]
[239554898, 105465088, 218365829, 203396497, 217698719, 109346344, 97770307, 148322777, 40290812, 53317582, 37400546, 22010658, 175723653, 165222218, 73768585, 222361649, 122267290, 183229434, 110253602, 236404051, 84153860, 126893068, 26600584, 13761399, 219667882, 217646206, 241830177, 9876773, 529557, 31049115, 177676138, 69558821, 243714980, 122743854, 104370347, 60772675, 122493426, 211212441, 84340898, 171023574, 191988092, 6004240, 141975672, 182382331, 60169248, 48856296, 212556591, 125285908, 98653799, 112007566, 217452140, 5555922, 45744348, 73503130, 161775644, 220445681, 117347905, 167087389, 192827476, 136018156, 131109619, 167837843, 182240958, 8391516, 229586495, 213735879, 97850511, 183893057, 194165031, 214936839, 224240891, 154115694, 138837282, 248682662, 216393363, 68549987, 232222394, 1476246, 151179556, 23831083, 67522189, 37046337, 30331306, 30809804, 180069300, 109853152, 142626223, 133024700, 213505916, 145828056, 36192707, 210076901, 18631466, 215945163, 194354097, 118288656, 112073061, 202801511, 204383395, 55603611, 115796047, 142654663, 51966491, 55096629]
[239554898, 105465088, 218365829, 203396497, 217698719, 109346344, 97770307, 148322777, 40290812, 53317582, 37400546, 22010658, 175723653, 165222218, 73768585, 222361649, 122267290, 183229434, 110253602, 236404051, 84153860, 126893068, 26600584, 13761399, 219667882, 217646206, 241830177, 9876773, 529557, 31049115, 177676138, 69558821, 243714980, 122743854, 104370347, 60772675, 122493426, 211212441, 84340898, 171023574, 191988092, 6004240, 141975672, 182382331, 60169248, 48856296, 212556591, 125285908, 98653799, 112007566, 217452140, 5555922, 45744348, 73503130, 161775644, 220445681, 117347905, 167087389, 192827476, 136018156, 131109619, 167837843, 182240958, 8391516, 229586495, 213735879, 97850511, 183893057, 194165031, 214936839, 224240891, 154115694, 138837282, 248682662, 216393363, 68549987, 232222394, 1476246, 151179556, 23831083, 67522189, 37046337, 30331306, 30809804, 180069300, 109853152, 142626223, 133024700, 117964535, 146059510, 57098611, 91433257, 27596929, 238513360, 108481286, 209948443, 85239108, 132667688, 85000668, 218751899, 117862195, 213227027, 101058542, 137923500]
[239554898, 105465088, 218365829, 203396497, 217698719, 109346344, 97770307, 148322777, 40290812, 53317582, 37400546, 22010658, 175723653, 165222218, 73768585, 222361649, 122267290, 183229434, 110253602, 236404051, 84153860, 126893068, 26600584, 13761399, 219667882, 217646206, 241830177, 9876773, 529557, 31049115, 177676138, 69558821, 243714980, 122743854, 104370347, 60772675, 122493426, 211212441, 84340898, 171023574, 191988092, 6004240, 141975672, 182382331, 60169248, 48856296, 212556591, 125285908, 98653799, 112007566, 217452140, 5555922, 45744348, 73503130, 161775644, 220445681, 117347905, 167087389, 192827476, 136018156, 131109619, 167837843, 182240958, 8391516, 229586495, 213735879, 97850511, 183893057, 194165031, 214936839, 224240891, 154115694, 138837282, 248682662, 216393363, 68549987, 232222394, 1476246, 151179556, 23831083, 67522189, 37046337, 143879866, 123729297, 235762465, 220063132, 92098001, 139677268, 100353505, 130245573, 160206283, 134489364, 140612711, 49354014, 223252961, 71560665, 128536351, 187425481, 127820885, 49206390, 163524568, 180586336, 10602251, 90871265]
[239554898, 105465088, 218365829, 203396497, 217698719, 109346344, 97770307, 148322777, 40290812, 53317582, 37400546, 22010658, 175723653, 165222218, 73768585, 222361649, 122267290, 183229434, 110253602, 236404051, 84153860, 126893068, 26600584, 13761399, 219667882, 217646206, 241830177, 9876773, 529557, 31049115, 177676138, 69558821, 243714980, 122743854, 104370347, 60772675, 122493426, 211212441, 84340898, 171023574, 191988092, 6004240, 141975672, 182382331, 60169248, 48856296, 212556591, 125285908, 98653799, 112007566, 217452140, 5555922, 45744348, 73503130, 161775644, 220445681, 117347905, 167087389, 192827476, 136018156, 131109619, 167837843, 182240958, 8391516, 229586495, 213735879, 97850511, 183893057, 194165031, 214936839, 224240891, 154115694, 138837282, 248682662, 216393363, 68549987, 232222394, 1476246, 151179556, 186122913, 60417403, 105641232, 103260047, 84908356, 81305338, 160418988, 65263081, 194339786, 204506009, 248186273, 173008625, 182670290, 29112124, 7406428, 28666481, 106002348, 140172784, 140573007, 131330324, 247502157, 166180177, 169790050, 68933261, 144283724]
[239554898, 105465088, 218365829, 203396497, 217698719, 109346344, 97770307, 148322777, 40290812, 53317582, 37400546, 22010658, 175723653, 165222218, 73768585, 222361649, 122267290, 183229434, 110253602, 236404051, 84153860, 126893068, 26600584, 13761399, 219667882, 217646206, 241830177, 9876773, 529557, 31049115, 177676138, 69558821, 243714980, 122743854, 104370347, 60772675, 122493426, 211212441, 84340898, 171023574, 191988092, 6004240, 141975672, 182382331, 60169248, 48856296, 212556591, 125285908, 98653799, 112007566, 217452140, 5555922, 45744348, 73503130, 161775644, 220445681, 117347905, 167087389, 192827476, 136018156, 131109619, 167837843, 182240958, 8391516, 229586495, 213735879, 97850511, 183893057, 194165031, 214936839, 224240891, 154115694, 138837282, 248682662, 216393363, 68549987, 232222394, 1476246, 151179556, 23831083, 67522189, 37046337, 30331306, 30809804, 25267365, 236085028, 54752257, 31154509, 112833706, 2456493, 157810119, 226487189, 199590539, 468094, 2905358, 155156672, 66275301, 26495847, 132787066, 148377493, 95511916, 139537594, 144177422, 79126458]
[239554898, 105465088, 218365829, 203396497, 217698719, 109346344, 97770307, 148322777, 40290812, 53317582, 37400546, 22010658, 175723653, 165222218, 73768585, 222361649, 122267290, 183229434, 110253602, 236404051, 84153860, 126893068, 26600584, 13761399, 219667882, 217646206, 241830177, 9876773, 529557, 31049115, 177676138, 69558821, 243714980, 122743854, 104370347, 60772675, 122493426, 211212441, 84340898, 171023574, 191988092, 6004240, 141975672, 182382331, 60169248, 48856296, 212556591, 125285908, 98653799, 112007566, 217452140, 5555922, 45744348, 73503130, 161775644, 220445681, 117347905, 167087389, 192827476, 136018156, 131109619, 167837843, 182240958, 8391516, 229586495, 213735879, 97850511, 183893057, 194165031, 214936839, 224240891, 154115694, 138837282, 248682662, 216393363, 68549987, 232222394, 1476246, 151179556, 23831083, 67522189, 37046337, 30331306, 30809804, 25267365, 33628761, 120843493, 60323715, 161552165, 45948928, 156724531, 189656957, 96043887, 210101002, 72206643, 198507616, 71170187, 176629760, 202485127, 34984140, 117923073, 228983757, 4370668, 7711241]
[239554898, 105465088, 218365829, 203396497, 217698719, 109346344, 97770307, 148322777, 40290812, 53317582, 37400546, 22010658, 175723653, 165222218, 73768585, 222361649, 122267290, 183229434, 110253602, 236404051, 84153860, 126893068, 26600584, 13761399, 219667882, 217646206, 241830177, 9876773, 529557, 31049115, 177676138, 69558821, 243714980, 122743854, 104370347, 60772675, 122493426, 211212441, 84340898, 171023574, 191988092, 6004240, 141975672, 182382331, 60169248, 48856296, 212556591, 125285908, 98653799, 112007566, 217452140, 5555922, 45744348, 73503130, 161775644, 220445681, 117347905, 167087389, 192827476, 136018156, 131109619, 167837843, 182240958, 8391516, 229586495, 213735879, 97850511, 183893057, 194165031, 214936839, 224240891, 154115694, 138837282, 248682662, 216393363, 68549987, 232222394, 1476246, 151179556, 23831083, 67522189, 37046337, 30331306, 30809804, 180069300, 109853152, 142626223, 133024700, 117964535, 146059510, 67770928, 76232463, 91833605, 16700928, 59136554, 139914429, 81923906, 197917029, 155429114, 216481984, 217728792, 224668059, 234251755, 174503118]
[239554898, 105465088, 218365829, 203396497, 217698719, 109346344, 97770307, 148322777, 40290812, 53317582, 37400546, 22010658, 175723653, 165222218, 73768585, 222361649, 122267290, 183229434, 110253602, 236404051, 84153860, 126893068, 26600584, 13761399, 219667882, 217646206, 241830177, 9876773, 529557, 31049115, 177676138, 69558821, 243714980, 122743854, 104370347, 60772675, 122493426, 211212441, 84340898, 171023574, 191988092, 6004240, 141975672, 182382331, 60169248, 48856296, 212556591, 125285908, 98653799, 112007566, 217452140, 5555922, 45744348, 73503130, 161775644, 220445681, 117347905, 167087389, 192827476, 136018156, 131109619, 167837843, 182240958, 8391516, 229586495, 213735879, 97850511, 183893057, 194165031, 214936839, 224240891, 154115694, 138837282, 248682662, 216393363, 68549987, 232222394, 1476246, 151179556, 23831083, 186875312, 15363865, 148894419, 175412006, 162336783, 220767862, 257334, 2980324, 159935775, 57531261, 2110292, 132842143, 175445337, 3218014, 59524486, 195873983, 134969456, 242249109, 90696871, 48815472, 68908784, 193360551, 104746513, 92919898]
[239554898, 105465088, 218365829, 203396497, 217698719, 109346344, 97770307, 148322777, 40290812, 53317582, 37400546, 22010658, 175723653, 165222218, 73768585, 222361649, 122267290, 183229434, 110253602, 236404051, 84153860, 126893068, 26600584, 13761399, 219667882, 217646206, 241830177, 9876773, 529557, 31049115, 177676138, 69558821, 243714980, 122743854, 104370347, 60772675, 122493426, 211212441, 84340898, 171023574, 191988092, 6004240, 141975672, 182382331, 60169248, 48856296, 212556591, 125285908, 98653799, 112007566, 217452140, 5555922, 45744348, 73503130, 161775644, 220445681, 117347905, 167087389, 192827476, 136018156, 131109619, 167837843, 182240958, 8391516, 229586495, 213735879, 97850511, 183893057, 194165031, 214936839, 224240891, 154115694, 138837282, 248682662, 216393363, 68549987, 232222394, 1476246, 151179556, 23831083, 67522189, 37046337, 30331306, 30809804, 25267365, 236085028, 54752257, 31154509, 112833706, 2456493, 157810119, 226487189, 246327151, 107864561, 54224376, 208770211, 220726170, 111704643, 52509029, 4370448, 234418943, 68859846, 164791478, 99939524]
[239554898, 105465088, 218365829, 203396497, 217698719, 109346344, 97770307, 148322777, 40290812, 53317582, 37400546, 22010658, 175723653, 165222218, 73768585, 222361649, 122267290, 183229434, 110253602, 236404051, 84153860, 126893068, 26600584, 13761399, 219667882, 217646206, 241830177, 9876773, 529557, 31049115, 177676138, 69558821, 243714980, 122743854, 104370347, 60772675, 122493426, 211212441, 84340898, 171023574, 191988092, 6004240, 141975672, 182382331, 60169248, 48856296, 212556591, 125285908, 98653799, 112007566, 217452140, 5555922, 45744348, 73503130, 161775644, 220445681, 117347905, 167087389, 192827476, 136018156, 131109619, 167837843, 182240958, 8391516, 229586495, 213735879, 97850511, 183893057, 194165031, 214936839, 224240891, 154115694, 138837282, 248682662, 216393363, 68549987, 232222394, 1476246, 151179556, 23831083, 67522189, 37046337, 30331306, 30809804, 25267365, 33628761, 120843493, 60323715, 141937992, 214517939, 159351707, 225092483, 171806910, 228378040, 237812772, 195871251, 232599126, 115928926, 25880720, 233547739, 64376752, 172186062, 197306164, 186170058]
[239554898, 105465088, 218365829, 203396497, 217698719, 109346344, 97770307, 148322777, 40290812, 53317582, 37400546, 22010658, 175723653, 165222218, 73768585, 222361649, 122267290, 183229434, 110253602, 236404051, 84153860, 126893068, 26600584, 13761399, 219667882, 217646206, 241830177, 9876773, 529557, 31049115, 177676138, 69558821, 243714980, 122743854, 104370347, 60772675, 122493426, 211212441, 84340898, 171023574, 191988092, 6004240, 141975672, 182382331, 60169248, 48856296, 212556591, 125285908, 98653799, 112007566, 217452140, 5555922, 45744348, 73503130, 161775644, 220445681, 117347905, 167087389, 192827476, 136018156, 131109619, 167837843, 182240958, 8391516, 229586495, 213735879, 97850511, 183893057, 194165031, 214936839, 224240891, 154115694, 138837282, 248682662, 216393363, 68549987, 232222394, 1476246, 151179556, 23831083, 67522189, 37046337, 30331306, 30809804, 180069300, 109853152, 142626223, 133024700, 117964535, 146059510, 57098611, 73333121, 165472275, 247574085, 38256730, 108458298, 17314258, 63296127, 167988758, 162288853, 246130133, 122067943, 97669679, 211278371]
[239554898, 105465088, 218365829, 203396497, 217698719, 109346344, 97770307, 148322777, 40290812, 53317582, 37400546, 22010658, 175723653, 165222218, 73768585, 222361649, 122267290, 183229434, 110253602, 236404051, 84153860, 126893068, 26600584, 13761399, 219667882, 217646206, 241830177, 9876773, 529557, 31049115, 177676138, 69558821, 243714980, 122743854, 104370347, 60772675, 122493426, 211212441, 84340898, 171023574, 191988092, 6004240, 141975672, 182382331, 60169248, 48856296, 212556591, 125285908, 98653799, 112007566, 217452140, 5555922, 45744348, 73503130, 161775644, 220445681, 117347905, 167087389, 192827476, 136018156, 131109619, 167837843, 182240958, 8391516, 229586495, 213735879, 97850511, 183893057, 194165031, 214936839, 224240891, 154115694, 138837282, 248682662, 216393363, 68549987, 232222394, 1476246, 151179556, 23831083, 67522189, 37046337, 30331306, 30809804, 180069300, 109853152, 142626223, 133024700, 117964535, 146059510, 57098611, 91433257, 27596929, 238513360, 108481286, 209948443, 85239108, 132667688, 140155475, 49479876, 83094152, 180645462, 241707420, 194555472]
[239554898, 105465088, 218365829, 203396497, 217698719, 109346344, 97770307, 148322777, 40290812, 53317582, 37400546, 22010658, 175723653, 165222218, 73768585, 222361649, 122267290, 183229434, 110253602, 236404051, 84153860, 126893068, 26600584, 13761399, 219667882, 217646206, 241830177, 9876773, 529557, 31049115, 177676138, 69558821, 243714980, 122743854, 104370347, 60772675, 122493426, 211212441, 84340898, 171023574, 191988092, 6004240, 141975672, 182382331, 60169248, 48856296, 212556591, 125285908, 98653799, 112007566, 217452140, 5555922, 45744348, 73503130, 161775644, 220445681, 117347905, 167087389, 192827476, 136018156, 131109619, 167837843, 182240958, 8391516, 229586495, 213735879, 97850511, 183893057, 194165031, 214936839, 224240891, 154115694, 138837282, 248682662, 216393363, 68549987, 232222394, 1476246, 151179556, 23831083, 67522189, 37046337, 30331306, 30809804, 180069300, 109853152, 142626223, 133024700, 213505916, 145828056, 36192707, 210076901, 18631466, 215945163, 194354097, 118288656, 112073061, 202801511, 26526868, 133327184, 155907150, 25201293, 62861125, 93422682]
[239554898, 105465088, 218365829, 203396497, 217698719, 109346344, 97770307, 148322777, 40290812, 53317582, 37400546, 22010658, 175723653, 165222218, 73768585, 222361649, 122267290, 183229434, 110253602, 236404051, 84153860, 126893068, 26600584, 13761399, 219667882, 217646206, 241830177, 9876773, 529557, 31049115, 177676138, 69558821, 243714980, 122743854, 104370347, 60772675, 122493426, 211212441, 84340898, 171023574, 191988092, 6004240, 141975672, 182382331, 60169248, 48856296, 212556591, 125285908, 98653799, 112007566, 217452140, 5555922, 45744348, 73503130, 161775644, 220445681, 117347905, 167087389, 192827476, 136018156, 131109619, 167837843, 182240958, 8391516, 229586495, 213735879, 97850511, 183893057, 194165031, 214936839, 224240891, 154115694, 138837282, 248682662, 216393363, 68549987, 232222394, 1476246, 151179556, 23831083, 186875312, 15363865, 148894419, 175412006, 162336783, 220767862, 257334, 2980324, 159935775, 57531261, 2110292, 132842143, 63114250, 213032620, 38717631, 248261742, 186829643, 117770311, 128697965, 215701640, 226880460, 240059908, 12510450, 16469162]
[239554898, 105465088, 218365829, 203396497, 217698719, 109346344, 97770307, 148322777, 40290812, 53317582, 37400546, 22010658, 175723653, 165222218, 73768585, 222361649, 122267290, 183229434, 110253602, 236404051, 84153860, 126893068, 26600584, 13761399, 219667882, 217646206, 241830177, 9876773, 529557, 31049115, 177676138, 69558821, 243714980, 122743854, 104370347, 60772675, 122493426, 211212441, 84340898, 171023574, 191988092, 6004240, 141975672, 182382331, 60169248, 48856296, 212556591, 125285908, 98653799, 112007566, 217452140, 5555922, 45744348, 73503130, 161775644, 220445681, 117347905, 167087389, 192827476, 136018156, 131109619, 167837843, 182240958, 8391516, 229586495, 213735879, 97850511, 183893057, 194165031, 214936839, 224240891, 154115694, 138837282, 248682662, 216393363, 68549987, 232222394, 1476246, 151179556, 23831083, 67522189, 37046337, 30331306, 30809804, 180069300, 109853152, 142626223, 133024700, 117964535, 146059510, 57098611, 91433257, 27596929, 238513360, 108481286, 209948443, 56184597, 4053209, 89549718, 7700963, 172560252, 95108655, 28455309, 158664066]
[239554898, 105465088, 218365829, 203396497, 217698719, 109346344, 97770307, 148322777, 40290812, 53317582, 37400546, 22010658, 175723653, 165222218, 73768585, 222361649, 122267290, 183229434, 110253602, 236404051, 84153860, 126893068, 26600584, 13761399, 219667882, 217646206, 241830177, 9876773, 529557, 31049115, 177676138, 69558821, 243714980, 122743854, 104370347, 60772675, 122493426, 211212441, 84340898, 171023574, 191988092, 6004240, 141975672, 182382331, 60169248, 48856296, 212556591, 125285908, 98653799, 112007566, 217452140, 5555922, 45744348, 73503130, 161775644, 220445681, 117347905, 167087389, 192827476, 136018156, 131109619, 167837843, 182240958, 8391516, 229586495, 213735879, 97850511, 183893057, 194165031, 214936839, 224240891, 154115694, 138837282, 248682662, 216393363, 68549987, 232222394, 1476246, 151179556, 23831083, 67522189, 37046337, 30331306, 30809804, 25267365, 33628761, 120843493, 60323715, 161552165, 45948928, 156724531, 189656957, 96043887, 210101002, 72206643, 198507616, 71170187, 176629760, 202485127, 34984140, 117923073, 228983757, 119622866, 242151546]
[239554898, 105465088, 218365829, 203396497, 217698719, 109346344, 97770307, 148322777, 40290812, 53317582, 37400546, 22010658, 175723653, 165222218, 73768585, 222361649, 122267290, 183229434, 110253602, 236404051, 84153860, 126893068, 26600584, 13761399, 219667882, 217646206, 241830177, 9876773, 529557, 31049115, 177676138, 69558821, 243714980, 122743854, 104370347, 60772675, 122493426, 211212441, 84340898, 171023574, 191988092, 6004240, 141975672, 182382331, 60169248, 48856296, 212556591, 125285908, 98653799, 112007566, 217452140, 5555922, 45744348, 73503130, 161775644, 220445681, 117347905, 167087389, 192827476, 136018156, 131109619, 167837843, 182240958, 8391516, 229586495, 213735879, 97850511, 183893057, 194165031, 214936839, 224240891, 154115694, 138837282, 248682662, 216393363, 68549987, 232222394, 1476246, 151179556, 23831083, 67522189, 37046337, 30331306, 30809804, 180069300, 109853152, 142626223, 133024700, 213505916, 145828056, 36192707, 210076901, 18631466, 52777234, 8271894, 104723084, 103227377, 83603035, 211470450, 93876837, 58707326, 28911259, 116673352, 9400576]
[239554898, 105465088, 218365829, 203396497, 217698719, 109346344, 97770307, 148322777, 40290812, 53317582, 37400546, 22010658, 175723653, 165222218, 73768585, 222361649, 122267290, 183229434, 110253602, 236404051, 84153860, 126893068, 26600584, 13761399, 219667882, 217646206, 241830177, 9876773, 529557, 31049115, 177676138, 69558821, 243714980, 122743854, 104370347, 60772675, 122493426, 211212441, 84340898, 171023574, 191988092, 6004240, 141975672, 182382331, 60169248, 48856296, 212556591, 125285908, 98653799, 112007566, 217452140, 5555922, 45744348, 73503130, 161775644, 220445681, 117347905, 167087389, 192827476, 136018156, 131109619, 167837843, 182240958, 8391516, 229586495, 213735879, 97850511, 183893057, 194165031, 214936839, 224240891, 154115694, 138837282, 248682662, 216393363, 68549987, 232222394, 1476246, 151179556, 186122913, 60417403, 105641232, 103260047, 84908356, 81305338, 160418988, 65263081, 194339786, 204506009, 248186273, 173008625, 182670290, 29112124, 180697443, 196876595, 198617797, 217337664, 200490864, 151435112, 75147227, 222281628, 147457727, 245641243, 226916915]
[239554898, 105465088, 218365829, 203396497, 217698719, 109346344, 97770307, 148322777, 40290812, 53317582, 37400546, 22010658, 175723653, 165222218, 73768585, 222361649, 122267290, 183229434, 110253602, 236404051, 84153860, 126893068, 26600584, 13761399, 219667882, 217646206, 241830177, 9876773, 529557, 31049115, 177676138, 69558821, 243714980, 122743854, 104370347, 60772675, 122493426, 211212441, 84340898, 171023574, 191988092, 6004240, 141975672, 182382331, 60169248, 48856296, 212556591, 125285908, 98653799, 112007566, 217452140, 5555922, 45744348, 73503130, 161775644, 220445681, 117347905, 167087389, 192827476, 136018156, 131109619, 167837843, 182240958, 8391516, 229586495, 213735879, 97850511, 183893057, 194165031, 214936839, 224240891, 154115694, 138837282, 248682662, 216393363, 68549987, 232222394, 1476246, 151179556, 23831083, 186875312, 15363865, 148894419, 175412006, 162336783, 220767862, 257334, 2980324, 159935775, 57531261, 2110292, 132842143, 180764072, 146670478, 29426298, 138117769, 124771713, 173506613, 27461156, 223431827, 213195752, 114269855, 170364315, 75736848]
[239554898, 105465088, 218365829, 203396497, 217698719, 109346344, 97770307, 148322777, 40290812, 53317582, 37400546, 22010658, 175723653, 165222218, 73768585, 222361649, 122267290, 183229434, 110253602, 236404051, 84153860, 126893068, 26600584, 13761399, 219667882, 217646206, 241830177, 9876773, 529557, 31049115, 177676138, 69558821, 243714980, 122743854, 104370347, 60772675, 122493426, 211212441, 84340898, 171023574, 191988092, 6004240, 141975672, 182382331, 60169248, 48856296, 212556591, 125285908, 98653799, 112007566, 217452140, 5555922, 45744348, 73503130, 161775644, 220445681, 117347905, 167087389, 192827476, 136018156, 131109619, 167837843, 182240958, 8391516, 229586495, 213735879, 97850511, 183893057, 194165031, 214936839, 224240891, 154115694, 138837282, 248682662, 216393363, 68549987, 232222394, 1476246, 151179556, 23831083, 186875312, 15363865, 148894419, 175412006, 162336783, 220767862, 257334, 2980324, 159935775, 57531261, 2110292, 132842143, 175445337, 3218014, 59524486, 195873983, 134969456, 23498438, 132350848, 43234262, 89600896, 73538671, 16439424, 109797273]
[239554898, 105465088, 218365829, 203396497, 217698719, 109346344, 97770307, 148322777, 40290812, 53317582, 37400546, 22010658, 175723653, 165222218, 73768585, 222361649, 122267290, 183229434, 110253602, 236404051, 84153860, 126893068, 26600584, 13761399, 219667882, 217646206, 241830177, 9876773, 529557, 31049115, 177676138, 69558821, 243714980, 122743854, 104370347, 60772675, 122493426, 211212441, 84340898, 171023574, 191988092, 6004240, 141975672, 182382331, 60169248, 48856296, 212556591, 125285908, 98653799, 112007566, 217452140, 5555922, 45744348, 73503130, 161775644, 220445681, 117347905, 167087389, 192827476, 136018156, 131109619, 167837843, 182240958, 8391516, 229586495, 213735879, 97850511, 183893057, 194165031, 214936839, 224240891, 154115694, 138837282, 248682662, 216393363, 68549987, 232222394, 1476246, 151179556, 23831083, 67522189, 37046337, 30331306, 30809804, 180069300, 109853152, 142626223, 133024700, 213505916, 145828056, 36192707, 210076901, 18631466, 52777234, 8271894, 104723084, 171119738, 54278901, 212843278, 211592638, 189366371, 111889555, 236494611, 44519890]
[239554898, 105465088, 218365829, 203396497, 217698719, 109346344, 97770307, 148322777, 40290812, 53317582, 37400546, 22010658, 175723653, 165222218, 73768585, 222361649, 122267290, 183229434, 110253602, 236404051, 84153860, 126893068, 26600584, 13761399, 219667882, 217646206, 241830177, 9876773, 529557, 31049115, 177676138, 69558821, 243714980, 122743854, 104370347, 60772675, 122493426, 211212441, 84340898, 171023574, 191988092, 6004240, 141975672, 182382331, 60169248, 48856296, 212556591, 125285908, 98653799, 112007566, 217452140, 5555922, 45744348, 73503130, 161775644, 220445681, 117347905, 167087389, 192827476, 136018156, 131109619, 167837843, 182240958, 8391516, 229586495, 213735879, 97850511, 183893057, 194165031, 214936839, 224240891, 154115694, 138837282, 248682662, 216393363, 68549987, 232222394, 1476246, 151179556, 23831083, 186875312, 15363865, 148894419, 235170124, 151625514, 85970942, 197269257, 56981299, 125621014, 73203161, 14762083, 123527406, 189868651, 238999946, 128491558, 49062058, 181149222, 4814286, 70349429, 17899699, 109362641, 248964318, 132524714, 77894228]
[239554898, 105465088, 218365829, 203396497, 217698719, 109346344, 97770307, 148322777, 40290812, 53317582, 37400546, 22010658, 175723653, 165222218, 73768585, 222361649, 122267290, 183229434, 110253602, 236404051, 84153860, 126893068, 26600584, 13761399, 219667882, 217646206, 241830177, 9876773, 529557, 31049115, 177676138, 69558821, 243714980, 122743854, 104370347, 60772675, 122493426, 211212441, 84340898, 171023574, 191988092, 6004240, 141975672, 182382331, 60169248, 48856296, 212556591, 125285908, 98653799, 112007566, 217452140, 5555922, 45744348, 73503130, 161775644, 220445681, 117347905, 167087389, 192827476, 30322964, 129797693, 162069456, 20098438, 175458121, 154340491, 200438724, 50980885, 218284050, 35865695, 35960691, 173099041, 248672976, 217120534, 97773753, 5693530, 103311836, 7361823, 87771202, 105809505, 22382340, 39666005, 202644599, 8269985, 227419249, 183354607, 194933427, 13040324, 200577707, 182868465, 214988932, 217080839, 134840078, 122769596, 246142629, 68179485, 171653099, 397352, 133878064, 84040777, 207257794, 221267447, 182167827, 86946458, 200969350]
[239554898, 105465088, 218365829, 203396497, 217698719, 109346344, 97770307, 148322777, 40290812, 53317582, 37400546, 22010658, 175723653, 165222218, 73768585, 222361649, 122267290, 183229434, 110253602, 236404051, 84153860, 126893068, 26600584, 13761399, 219667882, 217646206, 241830177, 9876773, 529557, 31049115, 177676138, 69558821, 243714980, 122743854, 104370347, 60772675, 122493426, 211212441, 84340898, 171023574, 191988092, 6004240, 141975672, 182382331, 60169248, 48856296, 212556591, 125285908, 98653799, 112007566, 217452140, 5555922, 45744348, 73503130, 161775644, 220445681, 117347905, 167087389, 192827476, 136018156, 131109619, 167837843, 182240958, 8391516, 229586495, 213735879, 97850511, 183893057, 194165031, 214936839, 224240891, 154115694, 138837282, 248682662, 216393363, 68549987, 232222394, 1476246, 151179556, 23831083, 67522189, 37046337, 30331306, 30809804, 180069300, 32947905, 205930261, 16667085, 210298056, 203809029, 78308169, 16378318, 196407529, 15753659, 160485131, 237915332, 143881255, 157330827, 245128293, 164423166, 22313093, 127571248, 209105816, 242430783]
[239554898, 105465088, 218365829, 203396497, 217698719, 109346344, 97770307, 148322777, 40290812, 53317582, 37400546, 22010658, 175723653, 165222218, 73768585, 222361649, 122267290, 183229434, 110253602, 236404051, 84153860, 126893068, 26600584, 13761399, 219667882, 217646206, 241830177, 9876773, 529557, 31049115, 177676138, 69558821, 243714980, 122743854, 104370347, 60772675, 122493426, 211212441, 84340898, 171023574, 191988092, 6004240, 141975672, 182382331, 60169248, 48856296, 212556591, 125285908, 98653799, 112007566, 217452140, 5555922, 45744348, 73503130, 161775644, 220445681, 117347905, 167087389, 192827476, 136018156, 131109619, 167837843, 182240958, 8391516, 229586495, 213735879, 97850511, 183893057, 194165031, 214936839, 224240891, 154115694, 138837282, 248682662, 216393363, 68549987, 232222394, 1476246, 151179556, 23831083, 67522189, 37046337, 30331306, 30809804, 180069300, 109853152, 142626223, 133024700, 117964535, 146059510, 57098611, 91433257, 38568678, 195314443, 163790292, 127761125, 225106931, 29410280, 9309069, 8465642, 125139852, 193458575, 21357385, 190246121]
[239554898, 105465088, 218365829, 203396497, 217698719, 109346344, 97770307, 148322777, 40290812, 53317582, 37400546, 22010658, 175723653, 165222218, 73768585, 222361649, 122267290, 183229434, 110253602, 236404051, 84153860, 126893068, 26600584, 13761399, 219667882, 217646206, 241830177, 9876773, 529557, 31049115, 177676138, 69558821, 243714980, 122743854, 104370347, 60772675, 122493426, 211212441, 84340898, 171023574, 191988092, 6004240, 141975672, 182382331, 60169248, 48856296, 212556591, 125285908, 98653799, 112007566, 217452140, 5555922, 45744348, 73503130, 161775644, 220445681, 117347905, 167087389, 192827476, 16949894, 154797606, 31554297, 227448688, 27607733, 7853203, 140242752, 68768893, 164110998, 12898830, 247773033, 204652173, 205971979, 68424825, 160403798, 117872922, 90131011, 162593568, 230345226, 44376985, 76933, 101975899, 156083460, 117175685, 142997913, 127523190, 24591345, 117503723, 97783181, 232447133, 220089946, 187459639, 30472219, 112344281, 2226099, 236412168, 40502974, 17697905, 409669, 29944020, 210192841, 88894054, 62515781, 88328982, 142979929]
[239554898, 105465088, 218365829, 203396497, 217698719, 109346344, 97770307, 148322777, 40290812, 53317582, 37400546, 22010658, 175723653, 165222218, 73768585, 222361649, 122267290, 183229434, 110253602, 236404051, 84153860, 126893068, 26600584, 13761399, 219667882, 217646206, 241830177, 9876773, 529557, 31049115, 177676138, 69558821, 243714980, 122743854, 104370347, 60772675, 122493426, 211212441, 84340898, 171023574, 191988092, 6004240, 141975672, 182382331, 60169248, 48856296, 212556591, 125285908, 98653799, 112007566, 217452140, 5555922, 45744348, 73503130, 161775644, 220445681, 117347905, 167087389, 192827476, 136018156, 131109619, 167837843, 182240958, 8391516, 229586495, 213735879, 97850511, 183893057, 194165031, 214936839, 224240891, 154115694, 138837282, 248682662, 216393363, 68549987, 232222394, 1476246, 151179556, 23831083, 67522189, 37046337, 30331306, 30809804, 25267365, 33628761, 120843493, 60323715, 141937992, 214517939, 159351707, 225092483, 171806910, 228378040, 237812772, 201916728, 165088190, 6361737, 66562892, 42927463, 221134397, 45989711, 182277067, 126345898]
[239554898, 105465088, 218365829, 203396497, 217698719, 109346344, 97770307, 148322777, 40290812, 53317582, 37400546, 22010658, 175723653, 165222218, 73768585, 222361649, 122267290, 183229434, 110253602, 236404051, 84153860, 126893068, 26600584, 13761399, 219667882, 217646206, 241830177, 9876773, 529557, 31049115, 177676138, 69558821, 243714980, 122743854, 104370347, 60772675, 122493426, 211212441, 84340898, 171023574, 191988092, 6004240, 141975672, 182382331, 60169248, 48856296, 212556591, 125285908, 98653799, 112007566, 217452140, 5555922, 45744348, 73503130, 161775644, 220445681, 117347905, 167087389, 192827476, 136018156, 131109619, 167837843, 182240958, 8391516, 229586495, 213735879, 97850511, 183893057, 194165031, 214936839, 224240891, 154115694, 138837282, 248682662, 216393363, 68549987, 232222394, 1476246, 151179556, 23831083, 67522189, 37046337, 30331306, 30809804, 180069300, 109853152, 142626223, 133024700, 213505916, 123561113, 138092197, 82592552, 175310019, 103121523, 23245329, 29484858, 144073463, 104990896, 201160449, 150056184, 82203034, 75208154, 122795044, 219228762]
[239554898, 105465088, 218365829, 203396497, 217698719, 109346344, 97770307, 148322777, 40290812, 53317582, 37400546, 22010658, 175723653, 165222218, 73768585, 222361649, 122267290, 183229434, 110253602, 236404051, 84153860, 126893068, 26600584, 13761399, 219667882, 217646206, 241830177, 9876773, 529557, 31049115, 177676138, 69558821, 243714980, 122743854, 104370347, 60772675, 122493426, 211212441, 84340898, 171023574, 191988092, 6004240, 141975672, 182382331, 60169248, 48856296, 212556591, 125285908, 98653799, 112007566, 217452140, 5555922, 45744348, 73503130, 161775644, 220445681, 117347905, 167087389, 192827476, 136018156, 131109619, 167837843, 182240958, 8391516, 229586495, 213735879, 97850511, 183893057, 194165031, 214936839, 224240891, 154115694, 138837282, 248682662, 216393363, 68549987, 232222394, 1476246, 151179556, 23831083, 67522189, 37046337, 30331306, 30809804, 180069300, 109853152, 142626223, 133024700, 213505916, 123561113, 138092197, 82592552, 175310019, 103121523, 23245329, 29484858, 144073463, 104990896, 201160449, 150056184, 1083072, 70741010, 160864209, 60998573]
[239554898, 105465088, 218365829, 203396497, 217698719, 109346344, 97770307, 148322777, 40290812, 53317582, 37400546, 22010658, 175723653, 165222218, 73768585, 222361649, 122267290, 183229434, 110253602, 236404051, 84153860, 126893068, 26600584, 13761399, 219667882, 217646206, 241830177, 9876773, 529557, 31049115, 177676138, 69558821, 243714980, 122743854, 104370347, 60772675, 122493426, 211212441, 84340898, 171023574, 191988092, 6004240, 141975672, 182382331, 60169248, 48856296, 212556591, 125285908, 98653799, 112007566, 217452140, 5555922, 45744348, 73503130, 161775644, 220445681, 117347905, 167087389, 192827476, 136018156, 131109619, 167837843, 182240958, 8391516, 229586495, 213735879, 97850511, 183893057, 194165031, 214936839, 224240891, 154115694, 138837282, 248682662, 216393363, 68549987, 232222394, 1476246, 151179556, 186122913, 60417403, 105641232, 103260047, 84908356, 81305338, 160418988, 65263081, 194339786, 204506009, 248186273, 173008625, 182670290, 29112124, 7406428, 28666481, 106002348, 140172784, 140573007, 131330324, 106371034, 233771060, 26773241, 77761461, 188969515]
[239554898, 105465088, 218365829, 203396497, 217698719, 109346344, 97770307, 148322777, 40290812, 53317582, 37400546, 22010658, 175723653, 165222218, 73768585, 222361649, 122267290, 183229434, 110253602, 236404051, 84153860, 126893068, 26600584, 13761399, 219667882, 217646206, 241830177, 9876773, 529557, 31049115, 177676138, 69558821, 243714980, 122743854, 104370347, 60772675, 122493426, 211212441, 84340898, 171023574, 191988092, 6004240, 141975672, 182382331, 60169248, 48856296, 212556591, 125285908, 98653799, 112007566, 217452140, 5555922, 45744348, 73503130, 161775644, 220445681, 117347905, 167087389, 192827476, 30322964, 129797693, 162069456, 20098438, 175458121, 154340491, 200438724, 50980885, 218284050, 35865695, 35960691, 173099041, 248672976, 217120534, 97773753, 5693530, 103311836, 7361823, 87771202, 105809505, 22382340, 39666005, 110445834, 30069573, 90714617, 230716197, 16119416, 184671964, 209467104, 146000494, 25141289, 40494108, 60501027, 229459517, 130626408, 39917210, 93782235, 234983649, 103210948, 170327114, 186655078, 161185472, 208799980, 109465209, 200587050]
[239554898, 105465088, 218365829, 203396497, 217698719, 109346344, 97770307, 148322777, 40290812, 53317582, 37400546, 22010658, 175723653, 165222218, 73768585, 222361649, 122267290, 183229434, 110253602, 236404051, 84153860, 126893068, 26600584, 13761399, 219667882, 217646206, 241830177, 9876773, 529557, 31049115, 177676138, 69558821, 243714980, 122743854, 104370347, 60772675, 122493426, 211212441, 84340898, 171023574, 191988092, 6004240, 141975672, 182382331, 60169248, 48856296, 212556591, 125285908, 98653799, 112007566, 217452140, 5555922, 45744348, 73503130, 161775644, 220445681, 117347905, 167087389, 192827476, 136018156, 131109619, 167837843, 182240958, 8391516, 229586495, 213735879, 97850511, 183893057, 194165031, 214936839, 224240891, 154115694, 138837282, 248682662, 216393363, 68549987, 232222394, 1476246, 151179556, 23831083, 67522189, 37046337, 30331306, 30809804, 180069300, 109853152, 142626223, 133024700, 117964535, 146059510, 57098611, 73333121, 129034375, 230521454, 40947847, 93560935, 99378537, 123875191, 84610236, 62593319, 125306993, 223790595, 17077669, 109379054]
[239554898, 105465088, 218365829, 203396497, 217698719, 109346344, 97770307, 148322777, 40290812, 53317582, 37400546, 22010658, 175723653, 165222218, 73768585, 222361649, 122267290, 183229434, 110253602, 236404051, 84153860, 126893068, 26600584, 13761399, 219667882, 217646206, 241830177, 9876773, 529557, 31049115, 177676138, 69558821, 243714980, 122743854, 104370347, 60772675, 122493426, 211212441, 84340898, 171023574, 191988092, 6004240, 141975672, 182382331, 60169248, 48856296, 212556591, 125285908, 98653799, 112007566, 217452140, 5555922, 45744348, 73503130, 161775644, 220445681, 117347905, 167087389, 192827476, 136018156, 131109619, 167837843, 182240958, 8391516, 229586495, 213735879, 97850511, 183893057, 194165031, 214936839, 224240891, 154115694, 138837282, 248682662, 216393363, 68549987, 232222394, 1476246, 151179556, 23831083, 67522189, 37046337, 30331306, 30809804, 180069300, 109853152, 142626223, 133024700, 117964535, 146059510, 57098611, 91433257, 38568678, 195314443, 163790292, 127761125, 225106931, 29410280, 43751155, 15093768, 156355356, 3484158, 162198704, 244523207]
[239554898, 105465088, 218365829, 203396497, 217698719, 109346344, 97770307, 148322777, 40290812, 53317582, 37400546, 22010658, 175723653, 165222218, 73768585, 222361649, 122267290, 183229434, 110253602, 236404051, 84153860, 126893068, 26600584, 13761399, 219667882, 217646206, 241830177, 9876773, 529557, 31049115, 177676138, 69558821, 243714980, 122743854, 104370347, 60772675, 122493426, 211212441, 84340898, 171023574, 191988092, 6004240, 141975672, 182382331, 60169248, 48856296, 212556591, 125285908, 98653799, 112007566, 217452140, 5555922, 45744348, 73503130, 161775644, 220445681, 117347905, 167087389, 192827476, 30322964, 129797693, 162069456, 20098438, 175458121, 154340491, 200438724, 50980885, 218284050, 35865695, 35960691, 173099041, 248672976, 217120534, 97773753, 5693530, 103311836, 7361823, 87771202, 105809505, 22382340, 39666005, 110445834, 30069573, 167718405, 148353367, 35952887, 18398126, 169275655, 162024357, 85768429, 4650715, 142079766, 44230406, 120965880, 142955905, 15278037, 233140956, 65620982, 193433769, 117716058, 45275221, 63182808, 207193454, 158657274]
[239554898, 105465088, 218365829, 203396497, 217698719, 109346344, 97770307, 148322777, 40290812, 53317582, 37400546, 22010658, 175723653, 165222218, 73768585, 222361649, 122267290, 183229434, 110253602, 236404051, 84153860, 126893068, 26600584, 13761399, 219667882, 217646206, 241830177, 9876773, 529557, 31049115, 177676138, 69558821, 243714980, 122743854, 104370347, 60772675, 122493426, 211212441, 84340898, 171023574, 191988092, 6004240, 141975672, 182382331, 60169248, 48856296, 212556591, 125285908, 98653799, 112007566, 217452140, 5555922, 45744348, 73503130, 161775644, 220445681, 117347905, 167087389, 192827476, 136018156, 131109619, 167837843, 182240958, 8391516, 229586495, 213735879, 97850511, 183893057, 194165031, 214936839, 224240891, 154115694, 138837282, 248682662, 216393363, 68549987, 232222394, 1476246, 151179556, 23831083, 67522189, 37046337, 30331306, 30809804, 25267365, 236085028, 54752257, 31154509, 112833706, 2456493, 157810119, 226487189, 199590539, 468094, 2905358, 155156672, 66275301, 222911222, 210775047, 73540757, 139493571, 92345622, 131801528, 168619527]
[239554898, 105465088, 218365829, 203396497, 217698719, 109346344, 97770307, 148322777, 40290812, 53317582, 37400546, 22010658, 175723653, 165222218, 73768585, 222361649, 122267290, 183229434, 110253602, 236404051, 84153860, 126893068, 26600584, 13761399, 219667882, 217646206, 241830177, 9876773, 529557, 31049115, 177676138, 69558821, 243714980, 122743854, 104370347, 60772675, 122493426, 211212441, 84340898, 171023574, 191988092, 6004240, 141975672, 182382331, 60169248, 48856296, 212556591, 125285908, 98653799, 112007566, 217452140, 5555922, 45744348, 73503130, 161775644, 220445681, 117347905, 167087389, 192827476, 136018156, 131109619, 167837843, 182240958, 8391516, 229586495, 213735879, 97850511, 183893057, 194165031, 214936839, 224240891, 154115694, 138837282, 248682662, 216393363, 68549987, 232222394, 1476246, 151179556, 186122913, 60417403, 105641232, 190775436, 143189145, 221130403, 148234696, 183385785, 183998415, 47046740, 21194845, 59847986, 21667095, 100209701, 93229514, 150612330, 92200454, 232911461, 37717503, 70928776, 135766010, 185841485, 123037016, 248175378, 62778621]
[239554898, 105465088, 218365829, 203396497, 217698719, 109346344, 97770307, 148322777, 40290812, 53317582, 37400546, 22010658, 175723653, 165222218, 73768585, 222361649, 122267290, 183229434, 110253602, 236404051, 84153860, 126893068, 26600584, 13761399, 219667882, 217646206, 241830177, 9876773, 529557, 31049115, 177676138, 69558821, 243714980, 122743854, 104370347, 60772675, 122493426, 211212441, 84340898, 171023574, 191988092, 6004240, 141975672, 182382331, 60169248, 48856296, 212556591, 125285908, 98653799, 112007566, 217452140, 5555922, 45744348, 73503130, 161775644, 220445681, 117347905, 167087389, 192827476, 136018156, 131109619, 167837843, 182240958, 8391516, 229586495, 213735879, 97850511, 183893057, 194165031, 214936839, 224240891, 154115694, 138837282, 248682662, 216393363, 68549987, 232222394, 1476246, 151179556, 23831083, 67522189, 37046337, 30331306, 30809804, 25267365, 33628761, 120843493, 60323715, 141937992, 214517939, 159351707, 225092483, 171806910, 228378040, 223335645, 215148842, 139616328, 248670051, 181864879, 137522783, 47329969, 141855452, 137593296, 197351758]
[239554898, 105465088, 218365829, 203396497, 217698719, 109346344, 97770307, 148322777, 40290812, 53317582, 37400546, 22010658, 175723653, 165222218, 73768585, 222361649, 122267290, 183229434, 110253602, 236404051, 84153860, 126893068, 26600584, 13761399, 219667882, 217646206, 241830177, 9876773, 529557, 31049115, 177676138, 69558821, 243714980, 122743854, 104370347, 60772675, 122493426, 211212441, 84340898, 171023574, 191988092, 6004240, 141975672, 182382331, 60169248, 48856296, 212556591, 125285908, 98653799, 112007566, 217452140, 5555922, 45744348, 73503130, 161775644, 220445681, 117347905, 167087389, 192827476, 136018156, 131109619, 167837843, 182240958, 8391516, 229586495, 213735879, 97850511, 183893057, 194165031, 214936839, 224240891, 154115694, 138837282, 248682662, 216393363, 68549987, 232222394, 1476246, 151179556, 23831083, 67522189, 37046337, 30331306, 30809804, 25267365, 33628761, 120843493, 60323715, 141937992, 214517939, 159351707, 225092483, 171806910, 228378040, 237812772, 195871251, 232599126, 115928926, 25880720, 233547739, 114783857, 183056786, 70513913, 6288707]
[239554898, 105465088, 218365829, 203396497, 217698719, 109346344, 97770307, 148322777, 40290812, 53317582, 37400546, 22010658, 175723653, 165222218, 73768585, 222361649, 122267290, 183229434, 110253602, 236404051, 84153860, 126893068, 26600584, 13761399, 219667882, 217646206, 241830177, 9876773, 529557, 31049115, 177676138, 69558821, 243714980, 122743854, 104370347, 60772675, 122493426, 211212441, 84340898, 171023574, 191988092, 6004240, 141975672, 182382331, 60169248, 48856296, 212556591, 125285908, 98653799, 112007566, 217452140, 5555922, 45744348, 73503130, 161775644, 220445681, 117347905, 167087389, 192827476, 136018156, 131109619, 167837843, 182240958, 8391516, 229586495, 213735879, 97850511, 183893057, 194165031, 214936839, 224240891, 154115694, 138837282, 248682662, 216393363, 68549987, 232222394, 1476246, 151179556, 23831083, 186875312, 15363865, 148894419, 175412006, 162336783, 220767862, 257334, 2980324, 159935775, 57531261, 2110292, 132842143, 63114250, 213032620, 38717631, 248261742, 48707030, 206601718, 173305872, 115244695, 148102175, 225262840, 32432694, 240435132]
[239554898, 105465088, 218365829, 203396497, 217698719, 109346344, 97770307, 148322777, 40290812, 53317582, 37400546, 22010658, 175723653, 165222218, 73768585, 222361649, 122267290, 183229434, 110253602, 236404051, 84153860, 126893068, 26600584, 13761399, 219667882, 217646206, 241830177, 9876773, 529557, 31049115, 177676138, 69558821, 243714980, 122743854, 104370347, 60772675, 122493426, 211212441, 84340898, 171023574, 191988092, 6004240, 141975672, 182382331, 60169248, 48856296, 212556591, 125285908, 98653799, 112007566, 217452140, 5555922, 45744348, 73503130, 161775644, 220445681, 117347905, 167087389, 192827476, 16949894, 154797606, 31554297, 227448688, 27607733, 7853203, 140242752, 68768893, 164110998, 12898830, 247773033, 204652173, 205971979, 68424825, 160403798, 117872922, 90131011, 162593568, 230345226, 44376985, 76933, 101975899, 156083460, 117175685, 142997913, 127523190, 24591345, 117503723, 97783181, 232447133, 220089946, 187459639, 30472219, 112344281, 2226099, 236412168, 40502974, 17697905, 409669, 29944020, 210192841, 88894054, 62515781, 114647272, 174851050]
[239554898, 105465088, 218365829, 203396497, 217698719, 109346344, 97770307, 148322777, 40290812, 53317582, 37400546, 22010658, 175723653, 165222218, 73768585, 222361649, 122267290, 183229434, 110253602, 236404051, 84153860, 126893068, 26600584, 13761399, 219667882, 217646206, 241830177, 9876773, 529557, 31049115, 177676138, 69558821, 243714980, 122743854, 104370347, 60772675, 122493426, 211212441, 84340898, 171023574, 191988092, 6004240, 141975672, 182382331, 60169248, 48856296, 212556591, 125285908, 98653799, 112007566, 217452140, 5555922, 45744348, 73503130, 161775644, 220445681, 117347905, 167087389, 192827476, 136018156, 131109619, 167837843, 182240958, 8391516, 229586495, 213735879, 97850511, 183893057, 194165031, 214936839, 224240891, 154115694, 138837282, 248682662, 216393363, 68549987, 232222394, 1476246, 151179556, 23831083, 67522189, 37046337, 30331306, 30809804, 180069300, 109853152, 142626223, 133024700, 213505916, 145828056, 36192707, 210076901, 18631466, 66249244, 106394530, 98937705, 22280856, 163202874, 122481697, 47233503, 211658005, 135716525, 246059423, 126912712]
[239554898, 105465088, 218365829, 203396497, 217698719, 109346344, 97770307, 148322777, 40290812, 53317582, 37400546, 22010658, 175723653, 165222218, 73768585, 222361649, 122267290, 183229434, 110253602, 236404051, 84153860, 126893068, 26600584, 13761399, 219667882, 217646206, 241830177, 9876773, 529557, 31049115, 177676138, 69558821, 243714980, 122743854, 104370347, 60772675, 122493426, 211212441, 84340898, 171023574, 191988092, 6004240, 141975672, 182382331, 60169248, 48856296, 212556591, 125285908, 98653799, 112007566, 217452140, 5555922, 45744348, 73503130, 161775644, 220445681, 117347905, 167087389, 192827476, 136018156, 131109619, 167837843, 182240958, 8391516, 229586495, 213735879, 97850511, 183893057, 194165031, 214936839, 224240891, 154115694, 138837282, 248682662, 216393363, 68549987, 232222394, 1476246, 151179556, 23831083, 67522189, 37046337, 30331306, 30809804, 25267365, 33628761, 120843493, 60323715, 141937992, 214517939, 201065391, 201106302, 81179160, 78904333, 136686539, 218707391, 125641983, 138861970, 93319068, 166048597, 32113204, 155693716, 54528667, 102180282]
[239554898, 105465088, 218365829, 203396497, 217698719, 109346344, 97770307, 148322777, 40290812, 53317582, 37400546, 22010658, 175723653, 165222218, 73768585, 222361649, 122267290, 183229434, 110253602, 236404051, 84153860, 126893068, 26600584, 13761399, 219667882, 217646206, 241830177, 9876773, 529557, 31049115, 177676138, 69558821, 243714980, 122743854, 104370347, 60772675, 122493426, 211212441, 84340898, 171023574, 191988092, 6004240, 141975672, 182382331, 60169248, 48856296, 212556591, 125285908, 98653799, 112007566, 217452140, 5555922, 45744348, 73503130, 161775644, 220445681, 117347905, 167087389, 192827476, 136018156, 131109619, 167837843, 182240958, 8391516, 229586495, 213735879, 97850511, 183893057, 194165031, 214936839, 224240891, 154115694, 138837282, 248682662, 216393363, 68549987, 232222394, 1476246, 151179556, 23831083, 67522189, 37046337, 30331306, 30809804, 180069300, 109853152, 142626223, 133024700, 117964535, 146059510, 57098611, 91433257, 27596929, 238513360, 108481286, 209948443, 107668528, 243418406, 88386531, 143725135, 215227638, 164121241, 215839356, 237497165]
[239554898, 105465088, 218365829, 203396497, 217698719, 109346344, 97770307, 148322777, 40290812, 53317582, 37400546, 22010658, 175723653, 165222218, 73768585, 222361649, 122267290, 183229434, 110253602, 236404051, 84153860, 126893068, 26600584, 13761399, 219667882, 217646206, 241830177, 9876773, 529557, 31049115, 177676138, 69558821, 243714980, 122743854, 104370347, 60772675, 122493426, 211212441, 84340898, 171023574, 191988092, 6004240, 141975672, 182382331, 60169248, 48856296, 212556591, 125285908, 98653799, 112007566, 217452140, 5555922, 45744348, 73503130, 161775644, 220445681, 117347905, 167087389, 192827476, 136018156, 131109619, 167837843, 182240958, 8391516, 229586495, 213735879, 97850511, 183893057, 194165031, 214936839, 224240891, 154115694, 138837282, 248682662, 216393363, 68549987, 232222394, 1476246, 151179556, 23831083, 186875312, 15363865, 148894419, 175412006, 162336783, 220767862, 257334, 140506494, 123970020, 16967665, 162188528, 9006925, 16419828, 9832030, 101231843, 242806185, 184700778, 178941896, 229122355, 186011294, 154205951, 229549164, 222596849, 233499682]
[239554898, 105465088, 218365829, 203396497, 217698719, 109346344, 97770307, 148322777, 40290812, 53317582, 37400546, 22010658, 175723653, 165222218, 73768585, 222361649, 122267290, 183229434, 110253602, 236404051, 84153860, 126893068, 26600584, 13761399, 219667882, 217646206, 241830177, 9876773, 529557, 31049115, 177676138, 69558821, 243714980, 122743854, 104370347, 60772675, 122493426, 211212441, 84340898, 171023574, 191988092, 6004240, 141975672, 182382331, 60169248, 48856296, 212556591, 125285908, 98653799, 112007566, 217452140, 5555922, 45744348, 73503130, 161775644, 220445681, 117347905, 167087389, 192827476, 136018156, 131109619, 167837843, 182240958, 8391516, 229586495, 213735879, 97850511, 183893057, 194165031, 214936839, 224240891, 154115694, 138837282, 248682662, 216393363, 68549987, 232222394, 1476246, 151179556, 23831083, 67522189, 37046337, 30331306, 30809804, 180069300, 109853152, 142626223, 133024700, 117964535, 146059510, 57098611, 91433257, 27596929, 238513360, 158285182, 6900631, 93749637, 49967267, 907908, 69378306, 166546093, 103183614, 24298783, 183245460]
[239554898, 105465088, 218365829, 203396497, 217698719, 109346344, 97770307, 148322777, 40290812, 53317582, 37400546, 22010658, 175723653, 165222218, 73768585, 222361649, 122267290, 183229434, 110253602, 236404051, 84153860, 126893068, 26600584, 13761399, 219667882, 217646206, 241830177, 9876773, 529557, 31049115, 177676138, 69558821, 243714980, 122743854, 104370347, 60772675, 122493426, 211212441, 84340898, 171023574, 191988092, 6004240, 141975672, 182382331, 60169248, 48856296, 212556591, 125285908, 98653799, 112007566, 217452140, 5555922, 45744348, 73503130, 161775644, 220445681, 117347905, 167087389, 192827476, 136018156, 131109619, 167837843, 182240958, 8391516, 229586495, 213735879, 97850511, 183893057, 194165031, 214936839, 224240891, 154115694, 138837282, 248682662, 216393363, 68549987, 232222394, 1476246, 151179556, 23831083, 67522189, 37046337, 30331306, 30809804, 25267365, 33628761, 120843493, 60323715, 141937992, 214517939, 159351707, 225092483, 171806910, 228378040, 237812772, 201916728, 165088190, 186778219, 200422665, 23423915, 58725078, 4270567, 126350161, 183303369]
[239554898, 105465088, 218365829, 203396497, 217698719, 109346344, 97770307, 148322777, 40290812, 53317582, 37400546, 22010658, 175723653, 165222218, 73768585, 222361649, 122267290, 183229434, 110253602, 236404051, 84153860, 126893068, 26600584, 13761399, 219667882, 217646206, 241830177, 9876773, 529557, 31049115, 177676138, 69558821, 243714980, 122743854, 104370347, 60772675, 122493426, 211212441, 84340898, 171023574, 191988092, 6004240, 141975672, 182382331, 60169248, 48856296, 212556591, 125285908, 98653799, 112007566, 217452140, 5555922, 45744348, 73503130, 161775644, 220445681, 117347905, 167087389, 192827476, 136018156, 131109619, 167837843, 182240958, 8391516, 229586495, 213735879, 97850511, 183893057, 194165031, 214936839, 224240891, 154115694, 138837282, 248682662, 216393363, 68549987, 232222394, 1476246, 151179556, 23831083, 67522189, 37046337, 30331306, 30809804, 180069300, 32947905, 92433975, 10504298, 97570684, 135634069, 114736754, 44605410, 48138700, 146004529, 33870450, 153772956, 85229674, 57394436, 179051773, 198425508, 236452420, 220995418, 62727336, 86630759]
[239554898, 105465088, 218365829, 203396497, 217698719, 109346344, 97770307, 148322777, 40290812, 53317582, 37400546, 22010658, 175723653, 165222218, 73768585, 222361649, 122267290, 183229434, 110253602, 236404051, 84153860, 126893068, 26600584, 13761399, 219667882, 217646206, 241830177, 9876773, 529557, 31049115, 177676138, 69558821, 243714980, 122743854, 104370347, 60772675, 122493426, 211212441, 84340898, 171023574, 191988092, 6004240, 141975672, 182382331, 60169248, 48856296, 212556591, 125285908, 98653799, 112007566, 217452140, 5555922, 45744348, 73503130, 161775644, 220445681, 117347905, 167087389, 192827476, 136018156, 131109619, 167837843, 182240958, 8391516, 229586495, 213735879, 97850511, 183893057, 194165031, 214936839, 224240891, 154115694, 138837282, 248682662, 216393363, 68549987, 232222394, 1476246, 151179556, 186122913, 60417403, 105641232, 103260047, 84908356, 81305338, 160418988, 65263081, 194339786, 204506009, 248186273, 173008625, 182670290, 29112124, 180697443, 196876595, 198617797, 217337664, 200490864, 151435112, 75147227, 165069626, 78940859, 79853176, 80396100]
[239554898, 105465088, 218365829, 203396497, 217698719, 109346344, 97770307, 148322777, 40290812, 53317582, 37400546, 22010658, 175723653, 165222218, 73768585, 222361649, 122267290, 183229434, 110253602, 236404051, 84153860, 126893068, 26600584, 13761399, 219667882, 217646206, 241830177, 9876773, 529557, 31049115, 177676138, 69558821, 243714980, 122743854, 104370347, 60772675, 122493426, 211212441, 84340898, 171023574, 191988092, 6004240, 141975672, 182382331, 60169248, 48856296, 212556591, 125285908, 98653799, 112007566, 217452140, 5555922, 45744348, 73503130, 161775644, 220445681, 117347905, 167087389, 192827476, 136018156, 131109619, 167837843, 182240958, 8391516, 229586495, 213735879, 97850511, 183893057, 194165031, 214936839, 224240891, 154115694, 138837282, 248682662, 216393363, 68549987, 232222394, 1476246, 151179556, 23831083, 67522189, 37046337, 30331306, 30809804, 180069300, 109853152, 142626223, 133024700, 213505916, 145828056, 36192707, 210076901, 18631466, 66249244, 106394530, 98937705, 62076670, 236207879, 200810389, 117472547, 153938771, 104565407, 148754795, 210284785]
[239554898, 105465088, 218365829, 203396497, 217698719, 109346344, 97770307, 148322777, 40290812, 53317582, 37400546, 22010658, 175723653, 165222218, 73768585, 222361649, 122267290, 183229434, 110253602, 236404051, 84153860, 126893068, 26600584, 13761399, 219667882, 217646206, 241830177, 9876773, 529557, 31049115, 177676138, 69558821, 243714980, 122743854, 104370347, 60772675, 122493426, 211212441, 84340898, 171023574, 191988092, 6004240, 141975672, 182382331, 60169248, 48856296, 212556591, 125285908, 98653799, 112007566, 217452140, 5555922, 45744348, 73503130, 161775644, 220445681, 117347905, 167087389, 192827476, 136018156, 131109619, 167837843, 182240958, 8391516, 229586495, 213735879, 97850511, 183893057, 194165031, 214936839, 224240891, 154115694, 138837282, 248682662, 216393363, 68549987, 232222394, 1476246, 151179556, 186122913, 60417403, 105641232, 103260047, 84908356, 81305338, 211941960, 104809977, 2487619, 39174934, 92465273, 217030056, 182049469, 242040077, 19631697, 184520543, 5942112, 145431116, 178848958, 146955908, 248404724, 155492078, 125238473, 60155890, 8646420]
[239554898, 105465088, 218365829, 203396497, 217698719, 109346344, 97770307, 148322777, 40290812, 53317582, 37400546, 22010658, 175723653, 165222218, 73768585, 222361649, 122267290, 183229434, 110253602, 236404051, 84153860, 126893068, 26600584, 13761399, 219667882, 217646206, 241830177, 9876773, 529557, 31049115, 177676138, 69558821, 243714980, 122743854, 104370347, 60772675, 122493426, 211212441, 84340898, 171023574, 191988092, 6004240, 141975672, 182382331, 60169248, 48856296, 212556591, 125285908, 98653799, 112007566, 217452140, 5555922, 45744348, 73503130, 161775644, 220445681, 117347905, 167087389, 192827476, 136018156, 131109619, 167837843, 182240958, 8391516, 229586495, 213735879, 97850511, 183893057, 194165031, 214936839, 224240891, 154115694, 138837282, 248682662, 216393363, 68549987, 232222394, 1476246, 151179556, 23831083, 67522189, 37046337, 30331306, 30809804, 180069300, 32947905, 92433975, 10504298, 97570684, 135634069, 114736754, 44605410, 48138700, 146004529, 33870450, 153772956, 85229674, 57394436, 179051773, 198425508, 236452420, 220995418, 62727336, 127872785]
[239554898, 105465088, 218365829, 203396497, 217698719, 109346344, 97770307, 148322777, 40290812, 53317582, 37400546, 22010658, 175723653, 165222218, 73768585, 222361649, 122267290, 183229434, 110253602, 236404051, 84153860, 126893068, 26600584, 13761399, 219667882, 217646206, 241830177, 9876773, 529557, 31049115, 177676138, 69558821, 243714980, 122743854, 104370347, 60772675, 122493426, 211212441, 84340898, 171023574, 191988092, 6004240, 141975672, 182382331, 60169248, 48856296, 212556591, 125285908, 98653799, 112007566, 217452140, 5555922, 45744348, 73503130, 161775644, 220445681, 117347905, 167087389, 192827476, 136018156, 131109619, 167837843, 182240958, 8391516, 229586495, 213735879, 97850511, 183893057, 194165031, 214936839, 224240891, 154115694, 138837282, 248682662, 216393363, 68549987, 232222394, 1476246, 151179556, 23831083, 186875312, 15363865, 148894419, 175412006, 162336783, 220767862, 257334, 2980324, 159935775, 57531261, 2110292, 132842143, 175445337, 3218014, 59524486, 51877899, 69471570, 194967192, 248342848, 229784929, 88255918, 114056075, 16545052, 159250168]
[239554898, 105465088, 218365829, 203396497, 217698719, 109346344, 97770307, 148322777, 40290812, 53317582, 37400546, 22010658, 175723653, 165222218, 73768585, 222361649, 122267290, 183229434, 110253602, 236404051, 84153860, 126893068, 26600584, 13761399, 219667882, 217646206, 241830177, 9876773, 529557, 31049115, 177676138, 69558821, 243714980, 122743854, 104370347, 60772675, 122493426, 211212441, 84340898, 171023574, 191988092, 6004240, 141975672, 182382331, 60169248, 48856296, 212556591, 125285908, 98653799, 112007566, 217452140, 5555922, 45744348, 73503130, 161775644, 220445681, 117347905, 167087389, 192827476, 30322964, 129797693, 162069456, 20098438, 175458121, 154340491, 200438724, 50980885, 218284050, 41182885, 54506857, 78043547, 1605079, 36994883, 167476512, 84602607, 136635004, 82774592, 181994661, 94214124, 242953261, 177936239, 115570111, 26692013, 2990388, 120026433, 26376298, 118170346, 33166470, 202562618, 46228497, 77391020, 36586039, 72004815, 5868703, 17944968, 237299864, 79713110, 2002253, 207570138, 24221641, 97199573, 231280127, 239861812, 76663174]
[239554898, 105465088, 218365829, 203396497, 217698719, 109346344, 97770307, 148322777, 40290812, 53317582, 37400546, 22010658, 175723653, 165222218, 73768585, 222361649, 122267290, 183229434, 110253602, 236404051, 84153860, 126893068, 26600584, 13761399, 219667882, 217646206, 241830177, 9876773, 529557, 31049115, 177676138, 69558821, 243714980, 122743854, 104370347, 60772675, 122493426, 211212441, 84340898, 171023574, 191988092, 6004240, 141975672, 182382331, 60169248, 48856296, 212556591, 125285908, 98653799, 112007566, 217452140, 5555922, 45744348, 73503130, 161775644, 220445681, 117347905, 167087389, 192827476, 136018156, 131109619, 167837843, 182240958, 8391516, 229586495, 213735879, 97850511, 183893057, 194165031, 214936839, 224240891, 154115694, 138837282, 248682662, 216393363, 68549987, 232222394, 1476246, 151179556, 23831083, 67522189, 37046337, 30331306, 30809804, 180069300, 109853152, 142626223, 133024700, 213505916, 145828056, 36192707, 210076901, 18631466, 66249244, 106394530, 98937705, 62076670, 236207879, 200810389, 117472547, 148400284, 131850934, 45577992, 105462771]
[239554898, 105465088, 218365829, 203396497, 217698719, 109346344, 97770307, 148322777, 40290812, 53317582, 37400546, 22010658, 175723653, 165222218, 73768585, 222361649, 122267290, 183229434, 110253602, 236404051, 84153860, 126893068, 26600584, 13761399, 219667882, 217646206, 241830177, 9876773, 529557, 31049115, 177676138, 69558821, 243714980, 122743854, 104370347, 60772675, 122493426, 211212441, 84340898, 171023574, 191988092, 6004240, 141975672, 182382331, 60169248, 48856296, 212556591, 125285908, 98653799, 112007566, 217452140, 5555922, 45744348, 73503130, 161775644, 220445681, 117347905, 167087389, 192827476, 136018156, 131109619, 167837843, 182240958, 8391516, 229586495, 213735879, 97850511, 183893057, 194165031, 214936839, 224240891, 154115694, 138837282, 248682662, 216393363, 68549987, 232222394, 1476246, 151179556, 23831083, 67522189, 37046337, 30331306, 30809804, 25267365, 33628761, 120843493, 60323715, 141937992, 214517939, 159351707, 225092483, 171806910, 228378040, 237812772, 201916728, 165088190, 172482161, 180536710, 78251912, 180330709, 51061067, 142836341, 62858050]
[239554898, 105465088, 218365829, 203396497, 217698719, 109346344, 97770307, 148322777, 40290812, 53317582, 37400546, 22010658, 175723653, 165222218, 73768585, 222361649, 122267290, 183229434, 110253602, 236404051, 84153860, 126893068, 26600584, 13761399, 219667882, 217646206, 241830177, 9876773, 529557, 31049115, 177676138, 69558821, 243714980, 122743854, 104370347, 60772675, 122493426, 211212441, 84340898, 171023574, 191988092, 6004240, 141975672, 182382331, 60169248, 48856296, 212556591, 125285908, 98653799, 112007566, 217452140, 5555922, 45744348, 73503130, 161775644, 220445681, 117347905, 167087389, 192827476, 136018156, 131109619, 167837843, 182240958, 8391516, 229586495, 213735879, 97850511, 183893057, 194165031, 214936839, 224240891, 154115694, 138837282, 248682662, 216393363, 68549987, 232222394, 1476246, 151179556, 23831083, 186875312, 15363865, 148894419, 175412006, 162336783, 220767862, 257334, 2980324, 159935775, 57531261, 2110292, 132842143, 63114250, 213032620, 38717631, 248261742, 186829643, 117770311, 128697965, 224230569, 39930676, 212599815, 246205606, 74546177]
[239554898, 105465088, 218365829, 203396497, 217698719, 109346344, 97770307, 148322777, 40290812, 53317582, 37400546, 22010658, 175723653, 165222218, 73768585, 222361649, 122267290, 183229434, 110253602, 236404051, 84153860, 126893068, 26600584, 13761399, 219667882, 217646206, 241830177, 9876773, 529557, 31049115, 177676138, 69558821, 243714980, 122743854, 104370347, 60772675, 122493426, 211212441, 84340898, 171023574, 191988092, 6004240, 141975672, 182382331, 60169248, 48856296, 212556591, 125285908, 98653799, 112007566, 217452140, 5555922, 45744348, 73503130, 161775644, 220445681, 117347905, 167087389, 192827476, 16949894, 154797606, 31554297, 227448688, 27607733, 7853203, 140242752, 68768893, 164110998, 12898830, 247773033, 204652173, 205971979, 68424825, 160403798, 117872922, 90131011, 162593568, 230345226, 44376985, 76933, 101975899, 156083460, 117175685, 142997913, 127523190, 24591345, 117503723, 97783181, 232447133, 220089946, 187459639, 30472219, 112344281, 2226099, 236412168, 40502974, 17697905, 409669, 29944020, 163562593, 32459029, 126158147, 103915606, 172634131]
[239554898, 105465088, 218365829, 203396497, 217698719, 109346344, 97770307, 148322777, 40290812, 53317582, 37400546, 22010658, 175723653, 165222218, 73768585, 222361649, 122267290, 183229434, 110253602, 236404051, 84153860, 126893068, 26600584, 13761399, 219667882, 217646206, 241830177, 9876773, 529557, 31049115, 177676138, 69558821, 243714980, 122743854, 104370347, 60772675, 122493426, 211212441, 84340898, 171023574, 191988092, 6004240, 141975672, 182382331, 60169248, 48856296, 212556591, 125285908, 98653799, 112007566, 217452140, 5555922, 45744348, 73503130, 161775644, 220445681, 117347905, 167087389, 192827476, 136018156, 131109619, 167837843, 182240958, 8391516, 229586495, 213735879, 97850511, 183893057, 194165031, 214936839, 224240891, 154115694, 138837282, 248682662, 216393363, 68549987, 232222394, 1476246, 151179556, 23831083, 67522189, 37046337, 30331306, 30809804, 180069300, 109853152, 142626223, 133024700, 117964535, 146059510, 57098611, 91433257, 38568678, 195314443, 163790292, 132089438, 135535892, 188196428, 230332710, 139406056, 169058221, 61524776, 141990308, 224444346]
[239554898, 105465088, 218365829, 203396497, 217698719, 109346344, 97770307, 148322777, 40290812, 53317582, 37400546, 22010658, 175723653, 165222218, 73768585, 222361649, 122267290, 183229434, 110253602, 236404051, 84153860, 126893068, 26600584, 13761399, 219667882, 217646206, 241830177, 9876773, 529557, 31049115, 177676138, 69558821, 243714980, 122743854, 104370347, 60772675, 122493426, 211212441, 84340898, 171023574, 191988092, 6004240, 141975672, 182382331, 60169248, 48856296, 212556591, 125285908, 98653799, 112007566, 217452140, 5555922, 45744348, 73503130, 161775644, 220445681, 117347905, 167087389, 192827476, 136018156, 131109619, 167837843, 182240958, 8391516, 229586495, 213735879, 97850511, 183893057, 194165031, 214936839, 224240891, 154115694, 138837282, 248682662, 216393363, 68549987, 232222394, 1476246, 151179556, 23831083, 67522189, 37046337, 30331306, 30809804, 180069300, 109853152, 142626223, 133024700, 117964535, 146059510, 57098611, 91433257, 38568678, 195314443, 169850861, 240024758, 246457470, 180796297, 209936281, 85774478, 29048667, 218813833, 157972783, 68389785]
[239554898, 105465088, 218365829, 203396497, 217698719, 109346344, 97770307, 148322777, 40290812, 53317582, 37400546, 22010658, 175723653, 165222218, 73768585, 222361649, 122267290, 183229434, 110253602, 236404051, 84153860, 126893068, 26600584, 13761399, 219667882, 217646206, 241830177, 9876773, 529557, 31049115, 177676138, 69558821, 243714980, 122743854, 104370347, 60772675, 122493426, 211212441, 84340898, 171023574, 191988092, 6004240, 141975672, 182382331, 60169248, 48856296, 212556591, 125285908, 98653799, 112007566, 217452140, 5555922, 45744348, 73503130, 161775644, 220445681, 117347905, 167087389, 192827476, 136018156, 131109619, 167837843, 182240958, 8391516, 229586495, 213735879, 97850511, 183893057, 194165031, 214936839, 224240891, 154115694, 138837282, 248682662, 216393363, 68549987, 232222394, 1476246, 151179556, 23831083, 186875312, 15363865, 148894419, 235170124, 151625514, 85970942, 197269257, 56981299, 125621014, 73203161, 14762083, 123527406, 189868651, 238999946, 128491558, 49062058, 181149222, 4814286, 70349429, 17899699, 109362641, 69449907, 13119783, 175550431]
[239554898, 105465088, 218365829, 203396497, 217698719, 109346344, 97770307, 148322777, 40290812, 53317582, 37400546, 22010658, 175723653, 165222218, 73768585, 222361649, 122267290, 183229434, 110253602, 236404051, 84153860, 126893068, 26600584, 13761399, 219667882, 217646206, 241830177, 9876773, 529557, 31049115, 177676138, 69558821, 243714980, 122743854, 104370347, 60772675, 122493426, 211212441, 84340898, 171023574, 191988092, 6004240, 141975672, 182382331, 60169248, 48856296, 212556591, 125285908, 98653799, 112007566, 217452140, 5555922, 45744348, 73503130, 161775644, 220445681, 117347905, 167087389, 192827476, 136018156, 131109619, 167837843, 182240958, 8391516, 229586495, 213735879, 97850511, 183893057, 194165031, 214936839, 224240891, 154115694, 138837282, 248682662, 216393363, 68549987, 232222394, 1476246, 151179556, 23831083, 67522189, 37046337, 30331306, 30809804, 180069300, 109853152, 142626223, 133024700, 117964535, 146059510, 57098611, 91433257, 38568678, 195314443, 163790292, 127761125, 225106931, 29410280, 43751155, 15093768, 156355356, 3484158, 102220310, 225865127]
[239554898, 105465088, 218365829, 203396497, 217698719, 109346344, 97770307, 148322777, 40290812, 53317582, 37400546, 22010658, 175723653, 165222218, 73768585, 222361649, 122267290, 183229434, 110253602, 236404051, 84153860, 126893068, 26600584, 13761399, 219667882, 217646206, 241830177, 9876773, 529557, 31049115, 177676138, 69558821, 243714980, 122743854, 104370347, 60772675, 122493426, 211212441, 84340898, 171023574, 191988092, 6004240, 141975672, 182382331, 60169248, 48856296, 212556591, 125285908, 98653799, 112007566, 217452140, 5555922, 45744348, 73503130, 161775644, 220445681, 117347905, 167087389, 192827476, 136018156, 131109619, 167837843, 182240958, 8391516, 229586495, 213735879, 97850511, 183893057, 194165031, 214936839, 224240891, 154115694, 138837282, 248682662, 216393363, 68549987, 232222394, 1476246, 151179556, 23831083, 67522189, 37046337, 30331306, 30809804, 25267365, 33628761, 120843493, 60323715, 141937992, 214517939, 159351707, 225092483, 171806910, 228378040, 221916661, 53727406, 131804216, 92279835, 196189658, 25523027, 102430352, 240217516, 130841408, 19770312]
[239554898, 105465088, 218365829, 203396497, 217698719, 109346344, 97770307, 148322777, 40290812, 53317582, 37400546, 22010658, 175723653, 165222218, 73768585, 222361649, 122267290, 183229434, 110253602, 236404051, 84153860, 126893068, 26600584, 13761399, 219667882, 217646206, 241830177, 9876773, 529557, 31049115, 177676138, 69558821, 243714980, 122743854, 104370347, 60772675, 122493426, 211212441, 84340898, 171023574, 191988092, 6004240, 141975672, 182382331, 60169248, 48856296, 212556591, 125285908, 98653799, 112007566, 217452140, 5555922, 45744348, 73503130, 161775644, 220445681, 117347905, 167087389, 192827476, 136018156, 131109619, 167837843, 182240958, 8391516, 229586495, 213735879, 97850511, 183893057, 194165031, 214936839, 224240891, 154115694, 138837282, 248682662, 216393363, 68549987, 232222394, 1476246, 151179556, 23831083, 67522189, 37046337, 30331306, 30809804, 25267365, 33628761, 120843493, 60323715, 141937992, 214517939, 159351707, 225092483, 171806910, 228378040, 237812772, 201916728, 165088190, 172482161, 180536710, 78251912, 180330709, 51061067, 211541878, 244430812]
[239554898, 105465088, 218365829, 203396497, 217698719, 109346344, 97770307, 148322777, 40290812, 53317582, 37400546, 22010658, 175723653, 165222218, 73768585, 222361649, 122267290, 183229434, 110253602, 236404051, 84153860, 126893068, 26600584, 13761399, 219667882, 217646206, 241830177, 9876773, 529557, 31049115, 177676138, 69558821, 243714980, 122743854, 104370347, 60772675, 122493426, 211212441, 84340898, 171023574, 191988092, 6004240, 141975672, 182382331, 60169248, 48856296, 212556591, 125285908, 98653799, 112007566, 217452140, 5555922, 45744348, 73503130, 161775644, 220445681, 117347905, 167087389, 192827476, 136018156, 131109619, 167837843, 182240958, 8391516, 229586495, 213735879, 97850511, 183893057, 194165031, 214936839, 224240891, 154115694, 138837282, 248682662, 216393363, 68549987, 232222394, 1476246, 151179556, 23831083, 67522189, 37046337, 143879866, 123729297, 235762465, 220063132, 92098001, 139677268, 100353505, 130245573, 13458366, 164071685, 86540668, 124106773, 184859353, 18839396, 220666573, 235030585, 197224232, 221704793, 218367510, 21048309, 73315622, 5976652]
[239554898, 105465088, 218365829, 203396497, 217698719, 109346344, 97770307, 148322777, 40290812, 53317582, 37400546, 22010658, 175723653, 165222218, 73768585, 222361649, 122267290, 183229434, 110253602, 236404051, 84153860, 126893068, 26600584, 13761399, 219667882, 217646206, 241830177, 9876773, 529557, 31049115, 177676138, 69558821, 243714980, 122743854, 104370347, 60772675, 122493426, 211212441, 84340898, 171023574, 191988092, 6004240, 141975672, 182382331, 60169248, 48856296, 212556591, 125285908, 98653799, 112007566, 217452140, 5555922, 45744348, 73503130, 161775644, 220445681, 117347905, 167087389, 192827476, 136018156, 131109619, 167837843, 182240958, 8391516, 229586495, 213735879, 97850511, 183893057, 194165031, 214936839, 224240891, 154115694, 138837282, 248682662, 216393363, 68549987, 232222394, 1476246, 151179556, 23831083, 67522189, 37046337, 30331306, 30809804, 180069300, 109853152, 142626223, 133024700, 117964535, 146059510, 57098611, 91433257, 38568678, 195314443, 163790292, 127761125, 225106931, 29410280, 9309069, 8465642, 32214940, 168412101, 95677348, 116354820]
[239554898, 105465088, 218365829, 203396497, 217698719, 109346344, 97770307, 148322777, 40290812, 53317582, 37400546, 22010658, 175723653, 165222218, 73768585, 222361649, 122267290, 183229434, 110253602, 236404051, 84153860, 126893068, 26600584, 13761399, 219667882, 217646206, 241830177, 9876773, 529557, 31049115, 177676138, 69558821, 243714980, 122743854, 104370347, 60772675, 122493426, 211212441, 84340898, 171023574, 191988092, 6004240, 141975672, 182382331, 60169248, 48856296, 212556591, 125285908, 98653799, 112007566, 217452140, 5555922, 45744348, 73503130, 161775644, 220445681, 117347905, 167087389, 192827476, 136018156, 131109619, 167837843, 182240958, 8391516, 229586495, 213735879, 97850511, 183893057, 194165031, 214936839, 224240891, 154115694, 138837282, 248682662, 216393363, 68549987, 232222394, 1476246, 151179556, 23831083, 186875312, 15363865, 148894419, 175412006, 162336783, 220767862, 257334, 2980324, 159935775, 57531261, 2110292, 132842143, 175445337, 3218014, 59524486, 195873983, 134969456, 242249109, 186640499, 119914522, 218229796, 111064755, 197357840, 134024338]
[239554898, 105465088, 218365829, 203396497, 217698719, 109346344, 97770307, 148322777, 40290812, 53317582, 37400546, 22010658, 175723653, 165222218, 73768585, 222361649, 122267290, 183229434, 110253602, 236404051, 84153860, 126893068, 26600584, 13761399, 219667882, 217646206, 241830177, 9876773, 529557, 31049115, 177676138, 69558821, 243714980, 122743854, 104370347, 60772675, 122493426, 211212441, 84340898, 171023574, 191988092, 6004240, 141975672, 182382331, 60169248, 48856296, 212556591, 125285908, 98653799, 112007566, 217452140, 5555922, 45744348, 73503130, 161775644, 220445681, 117347905, 167087389, 192827476, 136018156, 131109619, 167837843, 182240958, 8391516, 229586495, 213735879, 97850511, 183893057, 194165031, 214936839, 224240891, 154115694, 138837282, 248682662, 216393363, 68549987, 232222394, 1476246, 151179556, 23831083, 67522189, 37046337, 30331306, 30809804, 180069300, 109853152, 142626223, 133024700, 117964535, 146059510, 57098611, 91433257, 38568678, 195314443, 163790292, 127761125, 225106931, 29410280, 43751155, 208538184, 157287821, 39550750, 66061217, 17864166]
[239554898, 105465088, 218365829, 203396497, 217698719, 109346344, 97770307, 148322777, 40290812, 53317582, 37400546, 22010658, 175723653, 165222218, 73768585, 222361649, 122267290, 183229434, 110253602, 236404051, 84153860, 126893068, 26600584, 13761399, 219667882, 217646206, 241830177, 9876773, 529557, 31049115, 177676138, 69558821, 243714980, 122743854, 104370347, 60772675, 122493426, 211212441, 84340898, 171023574, 191988092, 6004240, 141975672, 182382331, 60169248, 48856296, 212556591, 125285908, 98653799, 112007566, 217452140, 5555922, 45744348, 73503130, 161775644, 220445681, 117347905, 167087389, 192827476, 136018156, 131109619, 167837843, 182240958, 8391516, 229586495, 213735879, 97850511, 183893057, 194165031, 214936839, 224240891, 154115694, 138837282, 248682662, 216393363, 68549987, 232222394, 1476246, 151179556, 23831083, 186875312, 15363865, 148894419, 175412006, 162336783, 220767862, 257334, 2980324, 159935775, 57531261, 2110292, 132842143, 63114250, 213032620, 38717631, 248261742, 186829643, 117770311, 128697965, 224230569, 187147321, 90906064, 52518727, 125306361]
[239554898, 105465088, 218365829, 203396497, 217698719, 109346344, 97770307, 148322777, 40290812, 53317582, 37400546, 22010658, 175723653, 165222218, 73768585, 222361649, 122267290, 183229434, 110253602, 236404051, 84153860, 126893068, 26600584, 13761399, 219667882, 217646206, 241830177, 9876773, 529557, 31049115, 177676138, 69558821, 243714980, 122743854, 104370347, 60772675, 122493426, 211212441, 84340898, 171023574, 191988092, 6004240, 141975672, 182382331, 60169248, 48856296, 212556591, 125285908, 98653799, 112007566, 217452140, 5555922, 45744348, 73503130, 161775644, 220445681, 117347905, 167087389, 192827476, 136018156, 131109619, 167837843, 182240958, 8391516, 229586495, 213735879, 97850511, 183893057, 194165031, 214936839, 224240891, 154115694, 138837282, 248682662, 216393363, 68549987, 232222394, 1476246, 151179556, 23831083, 67522189, 37046337, 30331306, 30809804, 180069300, 32947905, 92433975, 10504298, 97570684, 135634069, 114736754, 44605410, 48138700, 146004529, 108276370, 78208618, 165893898, 151097315, 208473976, 24889392, 86444990, 185092249, 106504991, 6327929]
[239554898, 105465088, 218365829, 203396497, 217698719, 109346344, 97770307, 148322777, 40290812, 53317582, 37400546, 22010658, 175723653, 165222218, 73768585, 222361649, 122267290, 183229434, 110253602, 236404051, 84153860, 126893068, 26600584, 13761399, 219667882, 217646206, 241830177, 9876773, 529557, 31049115, 177676138, 69558821, 243714980, 122743854, 104370347, 60772675, 122493426, 211212441, 84340898, 171023574, 191988092, 6004240, 141975672, 182382331, 60169248, 48856296, 212556591, 125285908, 98653799, 112007566, 217452140, 5555922, 45744348, 73503130, 161775644, 220445681, 117347905, 167087389, 192827476, 136018156, 131109619, 167837843, 182240958, 8391516, 229586495, 213735879, 97850511, 183893057, 194165031, 214936839, 224240891, 154115694, 138837282, 248682662, 216393363, 68549987, 232222394, 1476246, 151179556, 23831083, 67522189, 37046337, 30331306, 30809804, 25267365, 33628761, 120843493, 60323715, 141937992, 214517939, 159351707, 225092483, 171806910, 228378040, 237812772, 201916728, 165088190, 6361737, 66562892, 42927463, 221134397, 45989711, 171497129, 2156825]
[239554898, 105465088, 218365829, 203396497, 217698719, 109346344, 97770307, 148322777, 40290812, 53317582, 37400546, 22010658, 175723653, 165222218, 73768585, 222361649, 122267290, 183229434, 110253602, 236404051, 84153860, 126893068, 26600584, 13761399, 219667882, 217646206, 241830177, 9876773, 529557, 31049115, 177676138, 69558821, 243714980, 122743854, 104370347, 60772675, 122493426, 211212441, 84340898, 171023574, 191988092, 6004240, 141975672, 182382331, 60169248, 48856296, 212556591, 125285908, 98653799, 112007566, 217452140, 5555922, 45744348, 73503130, 161775644, 220445681, 117347905, 167087389, 192827476, 136018156, 131109619, 167837843, 182240958, 8391516, 229586495, 213735879, 97850511, 183893057, 194165031, 214936839, 224240891, 154115694, 138837282, 248682662, 216393363, 68549987, 232222394, 1476246, 151179556, 23831083, 67522189, 37046337, 143879866, 123729297, 235762465, 220063132, 92098001, 139677268, 100353505, 130245573, 160206283, 134489364, 140612711, 49354014, 223252961, 71560665, 128536351, 187425481, 127820885, 49206390, 163524568, 180386481, 99710780, 94056195]
[239554898, 105465088, 218365829, 203396497, 217698719, 109346344, 97770307, 148322777, 40290812, 53317582, 37400546, 22010658, 175723653, 165222218, 73768585, 222361649, 122267290, 183229434, 110253602, 236404051, 84153860, 126893068, 26600584, 13761399, 219667882, 217646206, 241830177, 9876773, 529557, 31049115, 177676138, 69558821, 243714980, 122743854, 104370347, 60772675, 122493426, 211212441, 84340898, 171023574, 191988092, 6004240, 141975672, 182382331, 60169248, 48856296, 212556591, 125285908, 98653799, 112007566, 217452140, 5555922, 45744348, 73503130, 161775644, 220445681, 117347905, 167087389, 192827476, 136018156, 131109619, 167837843, 182240958, 8391516, 229586495, 213735879, 97850511, 183893057, 194165031, 214936839, 224240891, 154115694, 138837282, 248682662, 216393363, 68549987, 232222394, 1476246, 151179556, 23831083, 67522189, 37046337, 30331306, 30809804, 25267365, 33628761, 120843493, 60323715, 141937992, 214517939, 159351707, 225092483, 171806910, 14044454, 242868175, 51611021, 103323002, 82673646, 209696386, 168223732, 190658279, 26973833, 169384447, 237923357]
[239554898, 105465088, 218365829, 203396497, 217698719, 109346344, 97770307, 148322777, 40290812, 53317582, 37400546, 22010658, 175723653, 165222218, 73768585, 222361649, 122267290, 183229434, 110253602, 236404051, 84153860, 126893068, 26600584, 13761399, 219667882, 217646206, 241830177, 9876773, 529557, 31049115, 177676138, 69558821, 243714980, 122743854, 104370347, 60772675, 122493426, 211212441, 84340898, 171023574, 191988092, 6004240, 141975672, 182382331, 60169248, 48856296, 212556591, 125285908, 98653799, 112007566, 217452140, 5555922, 45744348, 73503130, 161775644, 220445681, 117347905, 167087389, 192827476, 136018156, 131109619, 167837843, 182240958, 8391516, 229586495, 213735879, 97850511, 183893057, 194165031, 214936839, 224240891, 154115694, 138837282, 248682662, 216393363, 68549987, 232222394, 1476246, 151179556, 23831083, 186875312, 15363865, 148894419, 235170124, 151625514, 85970942, 197269257, 56981299, 125621014, 73203161, 14762083, 123527406, 189868651, 238999946, 128491558, 49062058, 181149222, 4814286, 13339562, 182241737, 161025477, 89098560, 194669568, 216252861]
[239554898, 105465088, 218365829, 203396497, 217698719, 109346344, 97770307, 148322777, 40290812, 53317582, 37400546, 22010658, 175723653, 165222218, 73768585, 222361649, 122267290, 183229434, 110253602, 236404051, 84153860, 126893068, 26600584, 13761399, 219667882, 217646206, 241830177, 9876773, 529557, 31049115, 177676138, 69558821, 243714980, 122743854, 104370347, 60772675, 122493426, 211212441, 84340898, 171023574, 191988092, 6004240, 141975672, 182382331, 60169248, 48856296, 212556591, 125285908, 98653799, 112007566, 217452140, 5555922, 45744348, 73503130, 161775644, 220445681, 117347905, 167087389, 192827476, 136018156, 131109619, 167837843, 182240958, 8391516, 229586495, 213735879, 97850511, 183893057, 194165031, 214936839, 224240891, 154115694, 138837282, 248682662, 216393363, 68549987, 232222394, 1476246, 151179556, 23831083, 67522189, 37046337, 30331306, 30809804, 180069300, 109853152, 142626223, 133024700, 213505916, 123561113, 138092197, 82592552, 175310019, 103121523, 23245329, 29484858, 144073463, 104990896, 201160449, 150056184, 1384566, 193317298, 163006192, 185551030]
[239554898, 105465088, 218365829, 203396497, 217698719, 109346344, 97770307, 148322777, 40290812, 53317582, 37400546, 22010658, 175723653, 165222218, 73768585, 222361649, 122267290, 183229434, 110253602, 236404051, 84153860, 126893068, 26600584, 13761399, 219667882, 217646206, 241830177, 9876773, 529557, 31049115, 177676138, 69558821, 243714980, 122743854, 104370347, 60772675, 122493426, 211212441, 84340898, 171023574, 191988092, 6004240, 141975672, 182382331, 60169248, 48856296, 212556591, 125285908, 98653799, 112007566, 217452140, 5555922, 45744348, 73503130, 161775644, 220445681, 117347905, 167087389, 192827476, 136018156, 131109619, 167837843, 182240958, 8391516, 229586495, 213735879, 97850511, 183893057, 194165031, 214936839, 224240891, 154115694, 138837282, 248682662, 216393363, 68549987, 232222394, 1476246, 151179556, 186122913, 60417403, 105641232, 103260047, 84908356, 81305338, 160418988, 65263081, 194339786, 204506009, 248186273, 173008625, 182670290, 29112124, 7406428, 28666481, 106002348, 140172784, 140573007, 131330324, 106371034, 39558782, 110792089, 104695760, 112123806]
[239554898, 105465088, 218365829, 203396497, 217698719, 109346344, 97770307, 148322777, 40290812, 53317582, 37400546, 22010658, 175723653, 165222218, 73768585, 222361649, 122267290, 183229434, 110253602, 236404051, 84153860, 126893068, 26600584, 13761399, 219667882, 217646206, 241830177, 9876773, 529557, 31049115, 177676138, 69558821, 243714980, 122743854, 104370347, 60772675, 122493426, 211212441, 84340898, 171023574, 191988092, 6004240, 141975672, 182382331, 60169248, 48856296, 212556591, 125285908, 98653799, 112007566, 217452140, 5555922, 45744348, 73503130, 161775644, 220445681, 117347905, 167087389, 192827476, 30322964, 129797693, 162069456, 20098438, 175458121, 154340491, 200438724, 50980885, 218284050, 35865695, 35960691, 173099041, 248672976, 217120534, 97773753, 5693530, 103311836, 7361823, 87771202, 105809505, 22382340, 39666005, 110445834, 30069573, 90714617, 230716197, 16119416, 184671964, 209467104, 146000494, 25141289, 40494108, 60501027, 155864249, 110164759, 152374169, 44314408, 30163918, 85564782, 49629385, 241340799, 8250221, 6238235, 89123233, 214659289]
[239554898, 105465088, 218365829, 203396497, 217698719, 109346344, 97770307, 148322777, 40290812, 53317582, 37400546, 22010658, 175723653, 165222218, 73768585, 222361649, 122267290, 183229434, 110253602, 236404051, 84153860, 126893068, 26600584, 13761399, 219667882, 217646206, 241830177, 9876773, 529557, 31049115, 177676138, 69558821, 243714980, 122743854, 104370347, 60772675, 122493426, 211212441, 84340898, 171023574, 191988092, 6004240, 141975672, 182382331, 60169248, 48856296, 212556591, 125285908, 98653799, 112007566, 217452140, 5555922, 45744348, 73503130, 161775644, 220445681, 117347905, 167087389, 192827476, 136018156, 131109619, 167837843, 182240958, 8391516, 229586495, 213735879, 97850511, 183893057, 194165031, 214936839, 224240891, 154115694, 138837282, 248682662, 216393363, 68549987, 232222394, 1476246, 151179556, 23831083, 67522189, 37046337, 30331306, 30809804, 180069300, 109853152, 142626223, 133024700, 117964535, 146059510, 57098611, 91433257, 38568678, 195314443, 163790292, 127761125, 225106931, 29410280, 9309069, 8465642, 32214940, 168412101, 95677348, 125854075]
[239554898, 105465088, 218365829, 203396497, 217698719, 109346344, 97770307, 148322777, 40290812, 53317582, 37400546, 22010658, 175723653, 165222218, 73768585, 222361649, 122267290, 183229434, 110253602, 236404051, 84153860, 126893068, 26600584, 13761399, 219667882, 217646206, 241830177, 9876773, 529557, 31049115, 177676138, 69558821, 243714980, 122743854, 104370347, 60772675, 122493426, 211212441, 84340898, 171023574, 191988092, 6004240, 141975672, 182382331, 60169248, 48856296, 212556591, 125285908, 98653799, 112007566, 217452140, 5555922, 45744348, 73503130, 161775644, 220445681, 117347905, 167087389, 192827476, 136018156, 131109619, 167837843, 182240958, 8391516, 229586495, 213735879, 97850511, 183893057, 194165031, 214936839, 224240891, 154115694, 138837282, 248682662, 216393363, 68549987, 232222394, 1476246, 151179556, 23831083, 67522189, 37046337, 30331306, 30809804, 180069300, 32947905, 92433975, 10504298, 97570684, 135634069, 114736754, 44605410, 48138700, 146004529, 108276370, 78208618, 165893898, 151097315, 208473976, 24889392, 86444990, 185092249, 97161800, 55166965]
[239554898, 105465088, 218365829, 203396497, 217698719, 109346344, 97770307, 148322777, 40290812, 53317582, 37400546, 22010658, 175723653, 165222218, 73768585, 222361649, 122267290, 183229434, 110253602, 236404051, 84153860, 126893068, 26600584, 13761399, 219667882, 217646206, 241830177, 9876773, 529557, 31049115, 177676138, 69558821, 243714980, 122743854, 104370347, 60772675, 122493426, 211212441, 84340898, 171023574, 191988092, 6004240, 141975672, 182382331, 60169248, 48856296, 212556591, 125285908, 98653799, 112007566, 217452140, 5555922, 45744348, 73503130, 161775644, 220445681, 117347905, 167087389, 192827476, 136018156, 131109619, 167837843, 182240958, 8391516, 229586495, 213735879, 97850511, 183893057, 194165031, 214936839, 224240891, 154115694, 138837282, 248682662, 216393363, 68549987, 232222394, 1476246, 151179556, 23831083, 67522189, 37046337, 30331306, 30809804, 180069300, 109853152, 142626223, 133024700, 213505916, 123561113, 138092197, 82592552, 175310019, 103121523, 23245329, 29484858, 144073463, 104990896, 201160449, 150056184, 82203034, 164687435, 71884037, 106300212]
[239554898, 105465088, 218365829, 203396497, 217698719, 109346344, 97770307, 148322777, 40290812, 53317582, 37400546, 22010658, 175723653, 165222218, 73768585, 222361649, 122267290, 183229434, 110253602, 236404051, 84153860, 126893068, 26600584, 13761399, 219667882, 217646206, 241830177, 9876773, 529557, 31049115, 177676138, 69558821, 243714980, 122743854, 104370347, 60772675, 122493426, 211212441, 84340898, 171023574, 191988092, 6004240, 141975672, 182382331, 60169248, 48856296, 212556591, 125285908, 98653799, 112007566, 217452140, 5555922, 45744348, 73503130, 161775644, 220445681, 117347905, 167087389, 192827476, 136018156, 131109619, 167837843, 182240958, 8391516, 229586495, 213735879, 97850511, 183893057, 194165031, 214936839, 224240891, 154115694, 138837282, 248682662, 216393363, 68549987, 232222394, 1476246, 151179556, 23831083, 67522189, 37046337, 30331306, 30809804, 25267365, 236085028, 54752257, 31154509, 112833706, 2456493, 157810119, 226487189, 199590539, 468094, 2905358, 155156672, 66275301, 26495847, 132787066, 148377493, 79235585, 150628983, 95517698, 79421315]
[239554898, 105465088, 218365829, 203396497, 217698719, 109346344, 97770307, 148322777, 40290812, 53317582, 37400546, 22010658, 175723653, 165222218, 73768585, 222361649, 122267290, 183229434, 110253602, 236404051, 84153860, 126893068, 26600584, 13761399, 219667882, 217646206, 241830177, 9876773, 529557, 31049115, 177676138, 69558821, 243714980, 122743854, 104370347, 60772675, 122493426, 211212441, 84340898, 171023574, 191988092, 6004240, 141975672, 182382331, 60169248, 48856296, 212556591, 125285908, 98653799, 112007566, 217452140, 5555922, 45744348, 73503130, 161775644, 220445681, 117347905, 167087389, 192827476, 136018156, 131109619, 167837843, 182240958, 8391516, 229586495, 213735879, 97850511, 183893057, 194165031, 214936839, 224240891, 154115694, 138837282, 248682662, 216393363, 68549987, 232222394, 1476246, 151179556, 23831083, 67522189, 37046337, 30331306, 30809804, 180069300, 32947905, 92433975, 10504298, 97570684, 135634069, 114736754, 147457113, 214821645, 75775793, 182573625, 1764363, 137827166, 173177104, 150704780, 81738871, 97331398, 217854214, 106241529, 160474639]
[239554898, 105465088, 218365829, 203396497, 217698719, 109346344, 97770307, 148322777, 40290812, 53317582, 37400546, 22010658, 175723653, 165222218, 73768585, 222361649, 122267290, 183229434, 110253602, 236404051, 84153860, 126893068, 26600584, 13761399, 219667882, 217646206, 241830177, 9876773, 529557, 31049115, 177676138, 69558821, 243714980, 122743854, 104370347, 60772675, 122493426, 211212441, 84340898, 171023574, 191988092, 6004240, 141975672, 182382331, 60169248, 48856296, 212556591, 125285908, 98653799, 112007566, 217452140, 5555922, 45744348, 73503130, 161775644, 220445681, 117347905, 167087389, 192827476, 136018156, 131109619, 167837843, 182240958, 8391516, 229586495, 213735879, 97850511, 183893057, 194165031, 214936839, 224240891, 154115694, 138837282, 248682662, 216393363, 68549987, 232222394, 1476246, 151179556, 23831083, 186875312, 15363865, 148894419, 175412006, 162336783, 220767862, 257334, 2980324, 159935775, 57531261, 2110292, 132842143, 175445337, 3218014, 59524486, 195873983, 134969456, 242249109, 90696871, 48815472, 68908784, 193360551, 87365867, 17127339]
[239554898, 105465088, 218365829, 203396497, 217698719, 109346344, 97770307, 148322777, 40290812, 53317582, 37400546, 22010658, 175723653, 165222218, 73768585, 222361649, 122267290, 183229434, 110253602, 236404051, 84153860, 126893068, 26600584, 13761399, 219667882, 217646206, 241830177, 9876773, 529557, 31049115, 177676138, 69558821, 243714980, 122743854, 104370347, 60772675, 122493426, 211212441, 84340898, 171023574, 191988092, 6004240, 141975672, 182382331, 60169248, 48856296, 212556591, 125285908, 98653799, 112007566, 217452140, 5555922, 45744348, 73503130, 161775644, 220445681, 117347905, 167087389, 192827476, 136018156, 131109619, 167837843, 182240958, 8391516, 229586495, 213735879, 97850511, 183893057, 194165031, 214936839, 224240891, 154115694, 138837282, 248682662, 216393363, 68549987, 232222394, 1476246, 151179556, 23831083, 186875312, 15363865, 148894419, 175412006, 162336783, 220767862, 257334, 2980324, 159935775, 57531261, 2110292, 132842143, 63114250, 213032620, 38717631, 248261742, 48707030, 65788453, 182305548, 164550293, 49234384, 116228256, 32391107, 215410019]
[239554898, 105465088, 218365829, 203396497, 217698719, 109346344, 97770307, 148322777, 40290812, 53317582, 37400546, 22010658, 175723653, 165222218, 73768585, 222361649, 122267290, 183229434, 110253602, 236404051, 84153860, 126893068, 26600584, 13761399, 219667882, 217646206, 241830177, 9876773, 529557, 31049115, 177676138, 69558821, 243714980, 122743854, 104370347, 60772675, 122493426, 211212441, 84340898, 171023574, 191988092, 6004240, 141975672, 182382331, 60169248, 48856296, 212556591, 125285908, 98653799, 112007566, 217452140, 5555922, 45744348, 73503130, 161775644, 220445681, 117347905, 167087389, 192827476, 136018156, 131109619, 167837843, 182240958, 8391516, 229586495, 213735879, 97850511, 183893057, 194165031, 214936839, 224240891, 154115694, 138837282, 248682662, 216393363, 68549987, 232222394, 1476246, 151179556, 23831083, 67522189, 37046337, 30331306, 30809804, 25267365, 33628761, 120843493, 60323715, 141937992, 214517939, 159351707, 225092483, 171806910, 186160347, 87037788, 156577986, 29154713, 158880729, 124378290, 172483413, 10816583, 170892987, 227329401, 138278244]
[239554898, 105465088, 218365829, 203396497, 217698719, 109346344, 97770307, 148322777, 40290812, 53317582, 37400546, 22010658, 175723653, 165222218, 73768585, 222361649, 122267290, 183229434, 110253602, 236404051, 84153860, 126893068, 26600584, 13761399, 219667882, 217646206, 241830177, 9876773, 529557, 31049115, 177676138, 69558821, 243714980, 122743854, 104370347, 60772675, 122493426, 211212441, 84340898, 171023574, 191988092, 6004240, 141975672, 182382331, 60169248, 48856296, 212556591, 125285908, 98653799, 112007566, 217452140, 5555922, 45744348, 73503130, 161775644, 220445681, 117347905, 167087389, 192827476, 136018156, 131109619, 167837843, 182240958, 8391516, 229586495, 213735879, 97850511, 183893057, 194165031, 214936839, 224240891, 154115694, 138837282, 248682662, 216393363, 68549987, 232222394, 1476246, 151179556, 23831083, 186875312, 15363865, 148894419, 175412006, 162336783, 220767862, 257334, 2980324, 159935775, 57531261, 2110292, 132842143, 175445337, 3218014, 59524486, 195873983, 134969456, 242249109, 186640499, 119914522, 166939565, 26923288, 191158695, 141826344]
[239554898, 105465088, 218365829, 203396497, 217698719, 109346344, 97770307, 148322777, 40290812, 53317582, 37400546, 22010658, 175723653, 165222218, 73768585, 222361649, 122267290, 183229434, 110253602, 236404051, 84153860, 126893068, 26600584, 13761399, 219667882, 217646206, 241830177, 9876773, 529557, 31049115, 177676138, 69558821, 243714980, 122743854, 104370347, 60772675, 122493426, 211212441, 84340898, 171023574, 191988092, 6004240, 141975672, 182382331, 60169248, 48856296, 212556591, 125285908, 98653799, 112007566, 217452140, 5555922, 45744348, 73503130, 161775644, 220445681, 117347905, 167087389, 192827476, 136018156, 131109619, 167837843, 182240958, 8391516, 229586495, 213735879, 97850511, 183893057, 194165031, 214936839, 224240891, 154115694, 138837282, 248682662, 216393363, 68549987, 232222394, 1476246, 151179556, 23831083, 186875312, 15363865, 148894419, 175412006, 162336783, 220767862, 257334, 2980324, 159935775, 57531261, 2110292, 132842143, 175445337, 201022537, 235968690, 132348050, 57709436, 99097020, 57255372, 94318276, 95645093, 145557130, 166172998, 135208051]
[239554898, 105465088, 218365829, 203396497, 217698719, 109346344, 97770307, 148322777, 40290812, 53317582, 37400546, 22010658, 175723653, 165222218, 73768585, 222361649, 122267290, 183229434, 110253602, 236404051, 84153860, 126893068, 26600584, 13761399, 219667882, 217646206, 241830177, 9876773, 529557, 31049115, 177676138, 69558821, 243714980, 122743854, 104370347, 60772675, 122493426, 211212441, 84340898, 171023574, 191988092, 6004240, 141975672, 182382331, 60169248, 48856296, 212556591, 125285908, 98653799, 112007566, 217452140, 5555922, 45744348, 73503130, 161775644, 220445681, 117347905, 167087389, 192827476, 136018156, 131109619, 167837843, 182240958, 8391516, 229586495, 213735879, 97850511, 183893057, 194165031, 214936839, 224240891, 154115694, 138837282, 248682662, 216393363, 68549987, 232222394, 1476246, 151179556, 23831083, 67522189, 37046337, 30331306, 30809804, 25267365, 33628761, 120843493, 60323715, 141937992, 214517939, 159351707, 225092483, 171806910, 14044454, 242868175, 51611021, 103323002, 82673646, 209696386, 64140981, 23457858, 140138251, 141779865, 59314656]
[239554898, 105465088, 218365829, 203396497, 217698719, 109346344, 97770307, 148322777, 40290812, 53317582, 37400546, 22010658, 175723653, 165222218, 73768585, 222361649, 122267290, 183229434, 110253602, 236404051, 84153860, 126893068, 26600584, 13761399, 219667882, 217646206, 241830177, 9876773, 529557, 31049115, 177676138, 69558821, 243714980, 122743854, 104370347, 60772675, 122493426, 211212441, 84340898, 171023574, 191988092, 6004240, 141975672, 182382331, 60169248, 48856296, 212556591, 125285908, 98653799, 112007566, 217452140, 5555922, 45744348, 73503130, 161775644, 220445681, 117347905, 167087389, 192827476, 136018156, 131109619, 167837843, 182240958, 8391516, 229586495, 213735879, 97850511, 183893057, 194165031, 214936839, 224240891, 154115694, 138837282, 248682662, 216393363, 68549987, 232222394, 1476246, 151179556, 23831083, 67522189, 37046337, 30331306, 30809804, 180069300, 109853152, 142626223, 133024700, 213505916, 145828056, 36192707, 210076901, 18631466, 66249244, 106394530, 98937705, 62076670, 211747572, 159709517, 177020859, 69774396, 59441119, 228622685, 170686909]
[239554898, 105465088, 218365829, 203396497, 217698719, 109346344, 97770307, 148322777, 40290812, 53317582, 37400546, 22010658, 175723653, 165222218, 73768585, 222361649, 122267290, 183229434, 110253602, 236404051, 84153860, 126893068, 26600584, 13761399, 219667882, 217646206, 241830177, 9876773, 529557, 31049115, 177676138, 69558821, 243714980, 122743854, 104370347, 60772675, 122493426, 211212441, 84340898, 171023574, 191988092, 6004240, 141975672, 182382331, 60169248, 48856296, 212556591, 125285908, 98653799, 112007566, 217452140, 5555922, 45744348, 73503130, 161775644, 220445681, 117347905, 167087389, 192827476, 136018156, 131109619, 167837843, 182240958, 8391516, 229586495, 213735879, 97850511, 183893057, 194165031, 214936839, 224240891, 154115694, 138837282, 248682662, 216393363, 68549987, 232222394, 1476246, 151179556, 23831083, 67522189, 37046337, 30331306, 30809804, 180069300, 109853152, 142626223, 133024700, 213505916, 145828056, 36192707, 210076901, 18631466, 66249244, 106394530, 98937705, 62076670, 236207879, 200810389, 117472547, 148400284, 131850934, 45577992, 13286120]
[239554898, 105465088, 218365829, 203396497, 217698719, 109346344, 97770307, 148322777, 40290812, 53317582, 37400546, 22010658, 175723653, 165222218, 73768585, 222361649, 122267290, 183229434, 110253602, 236404051, 84153860, 126893068, 26600584, 13761399, 219667882, 217646206, 241830177, 9876773, 529557, 31049115, 177676138, 69558821, 243714980, 122743854, 104370347, 60772675, 122493426, 211212441, 84340898, 171023574, 191988092, 6004240, 141975672, 182382331, 60169248, 48856296, 212556591, 125285908, 98653799, 112007566, 217452140, 5555922, 45744348, 73503130, 161775644, 220445681, 117347905, 167087389, 192827476, 30322964, 129797693, 162069456, 20098438, 175458121, 154340491, 200438724, 50980885, 218284050, 41182885, 54506857, 78043547, 1605079, 36994883, 167476512, 84602607, 136635004, 82774592, 181994661, 94214124, 242953261, 177936239, 115570111, 26692013, 2990388, 120026433, 26376298, 118170346, 33166470, 202562618, 46228497, 77391020, 36586039, 72004815, 5868703, 17944968, 237299864, 79713110, 246736336, 198711197, 64255975, 6672660, 187980212, 115416549, 35082558]
[239554898, 105465088, 218365829, 203396497, 217698719, 109346344, 97770307, 148322777, 40290812, 53317582, 37400546, 22010658, 175723653, 165222218, 73768585, 222361649, 122267290, 183229434, 110253602, 236404051, 84153860, 126893068, 26600584, 13761399, 219667882, 217646206, 241830177, 9876773, 529557, 31049115, 177676138, 69558821, 243714980, 122743854, 104370347, 60772675, 122493426, 211212441, 84340898, 171023574, 191988092, 6004240, 141975672, 182382331, 60169248, 48856296, 212556591, 125285908, 98653799, 112007566, 217452140, 5555922, 45744348, 73503130, 161775644, 220445681, 117347905, 167087389, 192827476, 136018156, 131109619, 167837843, 182240958, 8391516, 229586495, 213735879, 97850511, 183893057, 194165031, 214936839, 224240891, 154115694, 138837282, 248682662, 216393363, 68549987, 232222394, 1476246, 151179556, 23831083, 186875312, 15363865, 148894419, 175412006, 168126738, 83924598, 52617114, 228894594, 209367575, 170450776, 39142411, 83496250, 10781404, 229056616, 36842840, 242977381, 20752972, 227856389, 115910132, 91966427, 136314158, 236189246, 192107613, 11086138]
[239554898, 105465088, 218365829, 203396497, 217698719, 109346344, 97770307, 148322777, 40290812, 53317582, 37400546, 22010658, 175723653, 165222218, 73768585, 222361649, 122267290, 183229434, 110253602, 236404051, 84153860, 126893068, 26600584, 13761399, 219667882, 217646206, 241830177, 9876773, 529557, 31049115, 177676138, 69558821, 243714980, 122743854, 104370347, 60772675, 122493426, 211212441, 84340898, 171023574, 191988092, 6004240, 141975672, 182382331, 60169248, 48856296, 212556591, 125285908, 98653799, 112007566, 217452140, 5555922, 45744348, 73503130, 161775644, 220445681, 117347905, 167087389, 192827476, 136018156, 131109619, 167837843, 182240958, 8391516, 229586495, 213735879, 97850511, 183893057, 194165031, 214936839, 224240891, 154115694, 138837282, 248682662, 216393363, 68549987, 232222394, 1476246, 151179556, 23831083, 67522189, 37046337, 30331306, 30809804, 180069300, 109853152, 142626223, 133024700, 117964535, 146059510, 57098611, 91433257, 27596929, 238513360, 108481286, 209948443, 85239108, 132667688, 140155475, 49479876, 131163368, 159079150, 20386291, 87363760]
[239554898, 105465088, 218365829, 203396497, 217698719, 109346344, 97770307, 148322777, 40290812, 53317582, 37400546, 22010658, 175723653, 165222218, 73768585, 222361649, 122267290, 183229434, 110253602, 236404051, 84153860, 126893068, 26600584, 13761399, 219667882, 217646206, 241830177, 9876773, 529557, 31049115, 177676138, 69558821, 243714980, 122743854, 104370347, 60772675, 122493426, 211212441, 84340898, 171023574, 191988092, 6004240, 141975672, 182382331, 60169248, 48856296, 212556591, 125285908, 98653799, 112007566, 217452140, 5555922, 45744348, 73503130, 161775644, 220445681, 117347905, 167087389, 192827476, 136018156, 131109619, 167837843, 182240958, 8391516, 229586495, 213735879, 97850511, 183893057, 194165031, 214936839, 224240891, 154115694, 138837282, 248682662, 216393363, 68549987, 232222394, 1476246, 151179556, 23831083, 67522189, 37046337, 30331306, 30809804, 180069300, 109853152, 142626223, 133024700, 213505916, 145828056, 36192707, 210076901, 18631466, 215945163, 194354097, 118288656, 112073061, 202801511, 6119983, 246584321, 114928022, 232086375, 209144100, 35034825]
[239554898, 105465088, 218365829, 203396497, 217698719, 109346344, 97770307, 148322777, 40290812, 53317582, 37400546, 22010658, 175723653, 165222218, 73768585, 222361649, 122267290, 183229434, 110253602, 236404051, 84153860, 126893068, 26600584, 13761399, 219667882, 217646206, 241830177, 9876773, 529557, 31049115, 177676138, 69558821, 243714980, 122743854, 104370347, 60772675, 122493426, 211212441, 84340898, 171023574, 191988092, 6004240, 141975672, 182382331, 60169248, 48856296, 212556591, 125285908, 98653799, 112007566, 217452140, 5555922, 45744348, 73503130, 161775644, 220445681, 117347905, 167087389, 192827476, 136018156, 131109619, 167837843, 182240958, 8391516, 229586495, 213735879, 97850511, 183893057, 194165031, 214936839, 224240891, 154115694, 138837282, 248682662, 216393363, 68549987, 232222394, 1476246, 151179556, 23831083, 67522189, 37046337, 30331306, 30809804, 25267365, 33628761, 120843493, 60323715, 141937992, 214517939, 159351707, 225092483, 171806910, 180015946, 114838391, 74579433, 107756521, 133954053, 148718341, 183672911, 34694093, 121437250, 118382787, 91504396]
[239554898, 105465088, 218365829, 203396497, 217698719, 109346344, 97770307, 148322777, 40290812, 53317582, 37400546, 22010658, 175723653, 165222218, 73768585, 222361649, 122267290, 183229434, 110253602, 236404051, 84153860, 126893068, 26600584, 13761399, 219667882, 217646206, 241830177, 9876773, 529557, 31049115, 177676138, 69558821, 243714980, 122743854, 104370347, 60772675, 122493426, 211212441, 84340898, 171023574, 191988092, 6004240, 141975672, 182382331, 60169248, 48856296, 212556591, 125285908, 98653799, 112007566, 217452140, 5555922, 45744348, 73503130, 161775644, 220445681, 117347905, 167087389, 192827476, 136018156, 131109619, 167837843, 182240958, 8391516, 229586495, 213735879, 97850511, 183893057, 194165031, 214936839, 224240891, 154115694, 138837282, 248682662, 216393363, 68549987, 232222394, 1476246, 151179556, 23831083, 67522189, 37046337, 30331306, 30809804, 25267365, 236085028, 54752257, 31154509, 112833706, 2456493, 157810119, 226487189, 246327151, 107864561, 54224376, 208770211, 220726170, 111704643, 52509029, 4370448, 234418943, 68859846, 216650127, 206945864]
[239554898, 105465088, 218365829, 203396497, 217698719, 109346344, 97770307, 148322777, 40290812, 53317582, 37400546, 22010658, 175723653, 165222218, 73768585, 222361649, 122267290, 183229434, 110253602, 236404051, 84153860, 126893068, 26600584, 13761399, 219667882, 217646206, 241830177, 9876773, 529557, 31049115, 177676138, 69558821, 243714980, 122743854, 104370347, 60772675, 122493426, 211212441, 84340898, 171023574, 191988092, 6004240, 141975672, 182382331, 60169248, 48856296, 212556591, 125285908, 98653799, 112007566, 217452140, 5555922, 45744348, 73503130, 161775644, 220445681, 117347905, 167087389, 192827476, 136018156, 131109619, 167837843, 182240958, 8391516, 229586495, 213735879, 97850511, 183893057, 194165031, 214936839, 224240891, 154115694, 138837282, 248682662, 216393363, 68549987, 232222394, 1476246, 151179556, 23831083, 67522189, 37046337, 30331306, 30809804, 25267365, 33628761, 120843493, 60323715, 161552165, 221715995, 217892344, 19173152, 10149374, 172341237, 24087936, 86330242, 135916816, 12408827, 231853818, 175767485, 50179962, 76622998, 230718837, 100262575]
[239554898, 105465088, 218365829, 203396497, 217698719, 109346344, 97770307, 148322777, 40290812, 53317582, 37400546, 22010658, 175723653, 165222218, 73768585, 222361649, 122267290, 183229434, 110253602, 236404051, 84153860, 126893068, 26600584, 13761399, 219667882, 217646206, 241830177, 9876773, 529557, 31049115, 177676138, 69558821, 243714980, 122743854, 104370347, 60772675, 122493426, 211212441, 84340898, 171023574, 191988092, 6004240, 141975672, 182382331, 60169248, 48856296, 212556591, 125285908, 98653799, 112007566, 217452140, 5555922, 45744348, 73503130, 161775644, 220445681, 117347905, 167087389, 192827476, 136018156, 131109619, 167837843, 182240958, 8391516, 229586495, 213735879, 97850511, 183893057, 194165031, 214936839, 224240891, 154115694, 138837282, 248682662, 216393363, 68549987, 232222394, 1476246, 151179556, 23831083, 67522189, 37046337, 30331306, 30809804, 180069300, 109853152, 142626223, 133024700, 213505916, 145828056, 36192707, 210076901, 18631466, 215945163, 194354097, 118288656, 112073061, 202801511, 6119983, 206112763, 156454513, 97450909, 80580183, 165695715]
[239554898, 105465088, 218365829, 203396497, 217698719, 109346344, 97770307, 148322777, 40290812, 53317582, 37400546, 22010658, 175723653, 165222218, 73768585, 222361649, 122267290, 183229434, 110253602, 236404051, 84153860, 126893068, 26600584, 13761399, 219667882, 217646206, 241830177, 9876773, 529557, 31049115, 177676138, 69558821, 243714980, 122743854, 104370347, 60772675, 122493426, 211212441, 84340898, 171023574, 191988092, 6004240, 141975672, 182382331, 60169248, 48856296, 212556591, 125285908, 98653799, 112007566, 217452140, 5555922, 45744348, 73503130, 161775644, 220445681, 117347905, 167087389, 192827476, 136018156, 131109619, 167837843, 182240958, 8391516, 229586495, 213735879, 97850511, 183893057, 194165031, 214936839, 224240891, 154115694, 138837282, 248682662, 216393363, 68549987, 232222394, 1476246, 151179556, 23831083, 67522189, 37046337, 30331306, 30809804, 25267365, 236085028, 54752257, 31154509, 170373936, 115589660, 230184458, 119012113, 71118401, 215362869, 237947311, 101248218, 152389165, 226880477, 74889673, 236823585, 17551354, 109622823, 209131122, 244470235]
[239554898, 105465088, 218365829, 203396497, 217698719, 109346344, 97770307, 148322777, 40290812, 53317582, 37400546, 22010658, 175723653, 165222218, 73768585, 222361649, 122267290, 183229434, 110253602, 236404051, 84153860, 126893068, 26600584, 13761399, 219667882, 217646206, 241830177, 9876773, 529557, 31049115, 177676138, 69558821, 243714980, 122743854, 104370347, 60772675, 122493426, 211212441, 84340898, 171023574, 191988092, 6004240, 141975672, 182382331, 60169248, 48856296, 212556591, 125285908, 98653799, 112007566, 217452140, 5555922, 45744348, 73503130, 161775644, 220445681, 117347905, 167087389, 192827476, 136018156, 131109619, 167837843, 182240958, 8391516, 229586495, 213735879, 97850511, 183893057, 194165031, 214936839, 224240891, 154115694, 138837282, 248682662, 216393363, 68549987, 232222394, 1476246, 151179556, 23831083, 67522189, 37046337, 30331306, 30809804, 180069300, 109853152, 142626223, 133024700, 117964535, 146059510, 57098611, 91433257, 27596929, 238513360, 158285182, 6900631, 93749637, 49967267, 131566222, 145778605, 64509186, 135392952, 153643581, 117560851]
[239554898, 105465088, 218365829, 203396497, 217698719, 109346344, 97770307, 148322777, 40290812, 53317582, 37400546, 22010658, 175723653, 165222218, 73768585, 222361649, 122267290, 183229434, 110253602, 236404051, 84153860, 126893068, 26600584, 13761399, 219667882, 217646206, 241830177, 9876773, 529557, 31049115, 177676138, 69558821, 243714980, 122743854, 104370347, 60772675, 122493426, 211212441, 84340898, 171023574, 191988092, 6004240, 141975672, 182382331, 60169248, 48856296, 212556591, 125285908, 98653799, 112007566, 217452140, 5555922, 45744348, 73503130, 161775644, 220445681, 117347905, 167087389, 192827476, 136018156, 131109619, 167837843, 182240958, 8391516, 229586495, 213735879, 97850511, 183893057, 194165031, 214936839, 224240891, 154115694, 138837282, 248682662, 216393363, 68549987, 232222394, 1476246, 151179556, 23831083, 67522189, 37046337, 30331306, 30809804, 25267365, 236085028, 54752257, 31154509, 112833706, 2456493, 157810119, 226487189, 246327151, 107864561, 54224376, 208770211, 220726170, 111704643, 52509029, 4370448, 234418943, 68859846, 216650127, 111742206]
[239554898, 105465088, 218365829, 203396497, 217698719, 109346344, 97770307, 148322777, 40290812, 53317582, 37400546, 22010658, 175723653, 165222218, 73768585, 222361649, 122267290, 183229434, 110253602, 236404051, 84153860, 126893068, 26600584, 13761399, 219667882, 217646206, 241830177, 9876773, 529557, 31049115, 177676138, 69558821, 243714980, 122743854, 104370347, 60772675, 122493426, 211212441, 84340898, 171023574, 191988092, 6004240, 141975672, 182382331, 60169248, 48856296, 212556591, 125285908, 98653799, 112007566, 217452140, 5555922, 45744348, 73503130, 161775644, 220445681, 117347905, 167087389, 192827476, 136018156, 131109619, 167837843, 182240958, 8391516, 229586495, 213735879, 97850511, 183893057, 194165031, 214936839, 224240891, 154115694, 138837282, 248682662, 216393363, 68549987, 232222394, 1476246, 151179556, 23831083, 67522189, 37046337, 30331306, 30809804, 180069300, 109853152, 142626223, 133024700, 213505916, 145828056, 36192707, 210076901, 18631466, 215945163, 194354097, 118288656, 188694160, 185752404, 68221932, 111971146, 137991681, 86400261, 42462947, 70128236]
[239554898, 105465088, 218365829, 203396497, 217698719, 109346344, 97770307, 148322777, 40290812, 53317582, 37400546, 22010658, 175723653, 165222218, 73768585, 222361649, 122267290, 183229434, 110253602, 236404051, 84153860, 126893068, 26600584, 13761399, 219667882, 217646206, 241830177, 9876773, 529557, 31049115, 177676138, 69558821, 243714980, 122743854, 104370347, 60772675, 122493426, 211212441, 84340898, 171023574, 191988092, 6004240, 141975672, 182382331, 60169248, 48856296, 212556591, 125285908, 98653799, 112007566, 217452140, 5555922, 45744348, 73503130, 161775644, 220445681, 117347905, 167087389, 192827476, 136018156, 131109619, 167837843, 182240958, 8391516, 229586495, 213735879, 97850511, 183893057, 194165031, 214936839, 224240891, 154115694, 138837282, 248682662, 216393363, 68549987, 232222394, 1476246, 151179556, 23831083, 67522189, 37046337, 30331306, 30809804, 180069300, 109853152, 142626223, 133024700, 117964535, 146059510, 57098611, 91433257, 38568678, 195314443, 169850861, 240024758, 246457470, 180796297, 209936281, 85774478, 29048667, 218813833, 157972783, 64658157]
[239554898, 105465088, 218365829, 203396497, 217698719, 109346344, 97770307, 148322777, 40290812, 53317582, 37400546, 22010658, 175723653, 165222218, 73768585, 222361649, 122267290, 183229434, 110253602, 236404051, 84153860, 126893068, 26600584, 13761399, 219667882, 217646206, 241830177, 9876773, 529557, 31049115, 177676138, 69558821, 243714980, 122743854, 104370347, 60772675, 122493426, 211212441, 84340898, 171023574, 191988092, 6004240, 141975672, 182382331, 60169248, 48856296, 212556591, 125285908, 98653799, 112007566, 217452140, 5555922, 45744348, 73503130, 161775644, 220445681, 117347905, 167087389, 192827476, 136018156, 131109619, 167837843, 182240958, 8391516, 229586495, 213735879, 97850511, 183893057, 194165031, 214936839, 224240891, 154115694, 138837282, 248682662, 216393363, 68549987, 232222394, 1476246, 151179556, 23831083, 67522189, 37046337, 30331306, 30809804, 180069300, 109853152, 142626223, 133024700, 117964535, 146059510, 57098611, 73333121, 129034375, 230521454, 40947847, 93560935, 99378537, 123875191, 84610236, 62593319, 2738268, 14430998, 141176970, 43940208]
[239554898, 105465088, 218365829, 203396497, 217698719, 109346344, 97770307, 148322777, 40290812, 53317582, 37400546, 22010658, 175723653, 165222218, 73768585, 222361649, 122267290, 183229434, 110253602, 236404051, 84153860, 126893068, 26600584, 13761399, 219667882, 217646206, 241830177, 9876773, 529557, 31049115, 177676138, 69558821, 243714980, 122743854, 104370347, 60772675, 122493426, 211212441, 84340898, 171023574, 191988092, 6004240, 141975672, 182382331, 60169248, 48856296, 212556591, 125285908, 98653799, 112007566, 217452140, 5555922, 45744348, 73503130, 161775644, 220445681, 117347905, 167087389, 192827476, 136018156, 131109619, 167837843, 182240958, 8391516, 229586495, 213735879, 97850511, 183893057, 194165031, 214936839, 224240891, 154115694, 138837282, 248682662, 216393363, 68549987, 232222394, 1476246, 151179556, 23831083, 67522189, 37046337, 30331306, 30809804, 180069300, 109853152, 142626223, 133024700, 213505916, 123561113, 138092197, 82592552, 175310019, 103121523, 23245329, 29484858, 144073463, 104990896, 201160449, 150056184, 82203034, 164687435, 71884037, 221130095]
[239554898, 105465088, 218365829, 203396497, 217698719, 109346344, 97770307, 148322777, 40290812, 53317582, 37400546, 22010658, 175723653, 165222218, 73768585, 222361649, 122267290, 183229434, 110253602, 236404051, 84153860, 126893068, 26600584, 13761399, 219667882, 217646206, 241830177, 9876773, 529557, 31049115, 177676138, 69558821, 243714980, 122743854, 104370347, 60772675, 122493426, 211212441, 84340898, 171023574, 191988092, 6004240, 141975672, 182382331, 60169248, 48856296, 212556591, 125285908, 98653799, 112007566, 217452140, 5555922, 45744348, 73503130, 161775644, 220445681, 117347905, 167087389, 192827476, 136018156, 131109619, 167837843, 182240958, 8391516, 229586495, 213735879, 97850511, 183893057, 194165031, 214936839, 224240891, 154115694, 138837282, 248682662, 216393363, 68549987, 232222394, 1476246, 151179556, 186122913, 60417403, 105641232, 103260047, 84908356, 81305338, 160418988, 65263081, 194339786, 204506009, 248186273, 173008625, 182670290, 29112124, 180697443, 196876595, 198617797, 217337664, 200490864, 151435112, 75147227, 222281628, 147457727, 143574611, 60973803]
[239554898, 105465088, 218365829, 203396497, 217698719, 109346344, 97770307, 148322777, 40290812, 53317582, 37400546, 22010658, 175723653, 165222218, 73768585, 222361649, 122267290, 183229434, 110253602, 236404051, 84153860, 126893068, 26600584, 13761399, 219667882, 217646206, 241830177, 9876773, 529557, 31049115, 177676138, 69558821, 243714980, 122743854, 104370347, 60772675, 122493426, 211212441, 84340898, 171023574, 191988092, 6004240, 141975672, 182382331, 60169248, 48856296, 212556591, 125285908, 98653799, 112007566, 217452140, 5555922, 45744348, 73503130, 161775644, 220445681, 117347905, 167087389, 192827476, 136018156, 131109619, 167837843, 182240958, 8391516, 229586495, 213735879, 97850511, 183893057, 194165031, 214936839, 224240891, 154115694, 138837282, 248682662, 216393363, 68549987, 232222394, 1476246, 151179556, 23831083, 67522189, 37046337, 30331306, 30809804, 25267365, 236085028, 54752257, 31154509, 170373936, 115589660, 230184458, 119012113, 71118401, 215362869, 237947311, 101248218, 152389165, 226880477, 74889673, 121924697, 54521633, 181773978, 113739539, 99347536]
[239554898, 105465088, 218365829, 203396497, 217698719, 109346344, 97770307, 148322777, 40290812, 53317582, 37400546, 22010658, 175723653, 165222218, 73768585, 222361649, 122267290, 183229434, 110253602, 236404051, 84153860, 126893068, 26600584, 13761399, 219667882, 217646206, 241830177, 9876773, 529557, 31049115, 177676138, 69558821, 243714980, 122743854, 104370347, 60772675, 122493426, 211212441, 84340898, 171023574, 191988092, 6004240, 141975672, 182382331, 60169248, 48856296, 212556591, 125285908, 98653799, 112007566, 217452140, 5555922, 45744348, 73503130, 161775644, 220445681, 117347905, 167087389, 192827476, 136018156, 131109619, 167837843, 182240958, 8391516, 229586495, 213735879, 97850511, 183893057, 194165031, 214936839, 224240891, 154115694, 138837282, 248682662, 216393363, 68549987, 232222394, 1476246, 151179556, 23831083, 67522189, 37046337, 30331306, 30809804, 180069300, 109853152, 142626223, 133024700, 213505916, 145828056, 36192707, 210076901, 18631466, 215945163, 194354097, 146649287, 3758129, 237707380, 28284948, 193679035, 92618366, 84998177, 60187290, 237048887]
[239554898, 105465088, 218365829, 203396497, 217698719, 109346344, 97770307, 148322777, 40290812, 53317582, 37400546, 22010658, 175723653, 165222218, 73768585, 222361649, 122267290, 183229434, 110253602, 236404051, 84153860, 126893068, 26600584, 13761399, 219667882, 217646206, 241830177, 9876773, 529557, 31049115, 177676138, 69558821, 243714980, 122743854, 104370347, 60772675, 122493426, 211212441, 84340898, 171023574, 191988092, 6004240, 141975672, 182382331, 60169248, 48856296, 212556591, 125285908, 98653799, 112007566, 217452140, 5555922, 45744348, 73503130, 161775644, 220445681, 117347905, 167087389, 192827476, 136018156, 131109619, 167837843, 182240958, 8391516, 229586495, 213735879, 97850511, 183893057, 194165031, 214936839, 224240891, 154115694, 138837282, 248682662, 216393363, 68549987, 232222394, 1476246, 151179556, 23831083, 67522189, 37046337, 30331306, 30809804, 180069300, 109853152, 142626223, 133024700, 213505916, 145828056, 36192707, 210076901, 18631466, 52777234, 8271894, 104723084, 103227377, 83603035, 145670874, 248686775, 89906296, 134505737, 78507979, 74828598]
[239554898, 105465088, 218365829, 203396497, 217698719, 109346344, 97770307, 148322777, 40290812, 53317582, 37400546, 22010658, 175723653, 165222218, 73768585, 222361649, 122267290, 183229434, 110253602, 236404051, 84153860, 126893068, 26600584, 13761399, 219667882, 217646206, 241830177, 9876773, 529557, 31049115, 177676138, 69558821, 243714980, 122743854, 104370347, 60772675, 122493426, 211212441, 84340898, 171023574, 191988092, 6004240, 141975672, 182382331, 60169248, 48856296, 212556591, 125285908, 98653799, 112007566, 217452140, 5555922, 45744348, 73503130, 161775644, 220445681, 117347905, 167087389, 192827476, 136018156, 131109619, 167837843, 182240958, 8391516, 229586495, 213735879, 97850511, 183893057, 194165031, 214936839, 224240891, 154115694, 138837282, 248682662, 216393363, 68549987, 232222394, 1476246, 151179556, 23831083, 67522189, 37046337, 30331306, 30809804, 25267365, 33628761, 120843493, 60323715, 141937992, 214517939, 159351707, 225092483, 171806910, 228378040, 237812772, 201916728, 165088190, 186778219, 14214200, 210875311, 56560810, 17438649, 67149964, 29382681]
[239554898, 105465088, 218365829, 203396497, 217698719, 109346344, 97770307, 148322777, 40290812, 53317582, 37400546, 22010658, 175723653, 165222218, 73768585, 222361649, 122267290, 183229434, 110253602, 236404051, 84153860, 126893068, 26600584, 13761399, 219667882, 217646206, 241830177, 9876773, 529557, 31049115, 177676138, 69558821, 243714980, 122743854, 104370347, 60772675, 122493426, 211212441, 84340898, 171023574, 191988092, 6004240, 141975672, 182382331, 60169248, 48856296, 212556591, 125285908, 98653799, 112007566, 217452140, 5555922, 45744348, 73503130, 161775644, 220445681, 117347905, 167087389, 192827476, 136018156, 131109619, 167837843, 182240958, 8391516, 229586495, 213735879, 97850511, 183893057, 194165031, 214936839, 224240891, 154115694, 138837282, 248682662, 216393363, 68549987, 232222394, 1476246, 151179556, 23831083, 67522189, 37046337, 30331306, 30809804, 25267365, 33628761, 120843493, 60323715, 141937992, 214517939, 159351707, 225092483, 171806910, 180015946, 114838391, 74579433, 107756521, 133954053, 148718341, 248501684, 129168501, 164963799, 234681712, 57101924]
[239554898, 105465088, 218365829, 203396497, 217698719, 109346344, 97770307, 148322777, 40290812, 53317582, 37400546, 22010658, 175723653, 165222218, 73768585, 222361649, 122267290, 183229434, 110253602, 236404051, 84153860, 126893068, 26600584, 13761399, 219667882, 217646206, 241830177, 9876773, 529557, 31049115, 177676138, 69558821, 243714980, 122743854, 104370347, 60772675, 122493426, 211212441, 84340898, 171023574, 191988092, 6004240, 141975672, 182382331, 60169248, 48856296, 212556591, 125285908, 98653799, 112007566, 217452140, 5555922, 45744348, 73503130, 161775644, 220445681, 117347905, 167087389, 192827476, 136018156, 131109619, 167837843, 182240958, 8391516, 229586495, 213735879, 97850511, 183893057, 194165031, 214936839, 224240891, 154115694, 138837282, 248682662, 216393363, 68549987, 232222394, 1476246, 151179556, 23831083, 67522189, 37046337, 30331306, 30809804, 25267365, 33628761, 120843493, 60323715, 141937992, 214517939, 159351707, 225092483, 171806910, 228378040, 237812772, 195871251, 232599126, 115928926, 25880720, 233547739, 79062916, 120031929, 5451477, 22311154]
[239554898, 105465088, 218365829, 203396497, 217698719, 109346344, 97770307, 148322777, 40290812, 53317582, 37400546, 22010658, 175723653, 165222218, 73768585, 222361649, 122267290, 183229434, 110253602, 236404051, 84153860, 126893068, 26600584, 13761399, 219667882, 217646206, 241830177, 9876773, 529557, 31049115, 177676138, 69558821, 243714980, 122743854, 104370347, 60772675, 122493426, 211212441, 84340898, 171023574, 191988092, 6004240, 141975672, 182382331, 60169248, 48856296, 212556591, 125285908, 98653799, 112007566, 217452140, 5555922, 45744348, 73503130, 161775644, 220445681, 117347905, 167087389, 192827476, 136018156, 131109619, 167837843, 162545458, 245820378, 4853377, 55392287, 248891722, 32733621, 71727774, 225195080, 201324543, 34312265, 39100293, 133803066, 90892828, 103850201, 136851884, 247977108, 213725822, 179045541, 240565801, 75989194, 50151676, 144596302, 134272046, 59968512, 38768211, 144531416, 96952366, 147256220, 221816645, 96161236, 241978933, 2666415, 212047251, 218268240, 7759155, 211544768, 25454301, 206917240, 143824177, 25404290, 159150438, 194584348]
[239554898, 105465088, 218365829, 203396497, 217698719, 109346344, 97770307, 148322777, 40290812, 53317582, 37400546, 22010658, 175723653, 165222218, 73768585, 222361649, 122267290, 183229434, 110253602, 236404051, 84153860, 126893068, 26600584, 13761399, 219667882, 217646206, 241830177, 9876773, 529557, 31049115, 177676138, 69558821, 243714980, 122743854, 104370347, 60772675, 122493426, 211212441, 84340898, 171023574, 191988092, 6004240, 141975672, 182382331, 60169248, 48856296, 212556591, 125285908, 98653799, 112007566, 217452140, 5555922, 45744348, 73503130, 161775644, 220445681, 117347905, 167087389, 192827476, 136018156, 131109619, 167837843, 182240958, 8391516, 229586495, 213735879, 97850511, 183893057, 194165031, 214936839, 224240891, 154115694, 138837282, 248682662, 216393363, 68549987, 232222394, 1476246, 151179556, 23831083, 186875312, 15363865, 148894419, 175412006, 162336783, 220767862, 257334, 140506494, 123970020, 16967665, 162188528, 9006925, 16419828, 9832030, 101231843, 242806185, 184700778, 178941896, 229122355, 186011294, 238674224, 248986504, 36765613, 124809157]
[239554898, 105465088, 218365829, 203396497, 217698719, 109346344, 97770307, 148322777, 40290812, 53317582, 37400546, 22010658, 175723653, 165222218, 73768585, 222361649, 122267290, 183229434, 110253602, 236404051, 84153860, 126893068, 26600584, 13761399, 219667882, 217646206, 241830177, 9876773, 529557, 31049115, 177676138, 69558821, 243714980, 122743854, 104370347, 60772675, 122493426, 211212441, 84340898, 171023574, 191988092, 6004240, 141975672, 182382331, 60169248, 48856296, 212556591, 125285908, 98653799, 112007566, 217452140, 5555922, 45744348, 73503130, 161775644, 220445681, 117347905, 167087389, 192827476, 136018156, 131109619, 167837843, 182240958, 8391516, 229586495, 213735879, 97850511, 183893057, 194165031, 214936839, 224240891, 154115694, 138837282, 248682662, 216393363, 68549987, 232222394, 1476246, 151179556, 23831083, 67522189, 37046337, 30331306, 30809804, 25267365, 33628761, 120843493, 60323715, 141937992, 214517939, 159351707, 225092483, 171806910, 228378040, 237812772, 195871251, 232599126, 115928926, 25880720, 233547739, 79062916, 120031929, 5451477, 176669620]
[239554898, 105465088, 218365829, 203396497, 217698719, 109346344, 97770307, 148322777, 40290812, 53317582, 37400546, 22010658, 175723653, 165222218, 73768585, 222361649, 122267290, 183229434, 110253602, 236404051, 84153860, 126893068, 26600584, 13761399, 219667882, 217646206, 241830177, 9876773, 529557, 31049115, 177676138, 69558821, 243714980, 122743854, 104370347, 60772675, 122493426, 211212441, 84340898, 171023574, 191988092, 6004240, 141975672, 182382331, 60169248, 48856296, 212556591, 125285908, 98653799, 112007566, 217452140, 5555922, 45744348, 73503130, 161775644, 220445681, 117347905, 167087389, 192827476, 136018156, 131109619, 167837843, 182240958, 8391516, 229586495, 213735879, 97850511, 183893057, 194165031, 214936839, 224240891, 154115694, 138837282, 248682662, 216393363, 68549987, 232222394, 1476246, 151179556, 186122913, 60417403, 105641232, 103260047, 84908356, 81305338, 160418988, 65263081, 194339786, 204506009, 248186273, 173008625, 182670290, 29112124, 7406428, 28666481, 106002348, 140172784, 140573007, 131330324, 106371034, 24984081, 132738270, 85999106, 15127834]
[239554898, 105465088, 218365829, 203396497, 217698719, 109346344, 97770307, 148322777, 40290812, 53317582, 37400546, 22010658, 175723653, 165222218, 73768585, 222361649, 122267290, 183229434, 110253602, 236404051, 84153860, 126893068, 26600584, 13761399, 219667882, 217646206, 241830177, 9876773, 529557, 31049115, 177676138, 69558821, 243714980, 122743854, 104370347, 60772675, 122493426, 211212441, 84340898, 171023574, 191988092, 6004240, 141975672, 182382331, 60169248, 48856296, 212556591, 125285908, 98653799, 112007566, 217452140, 5555922, 45744348, 73503130, 161775644, 220445681, 117347905, 167087389, 192827476, 136018156, 131109619, 167837843, 182240958, 8391516, 229586495, 213735879, 97850511, 183893057, 194165031, 214936839, 224240891, 154115694, 138837282, 248682662, 216393363, 68549987, 232222394, 1476246, 151179556, 23831083, 67522189, 37046337, 30331306, 30809804, 180069300, 109853152, 142626223, 133024700, 117964535, 146059510, 57098611, 73333121, 165472275, 247574085, 38256730, 108458298, 17314258, 63296127, 171026776, 200092087, 13040316, 232034823, 224188757, 37457657]
[239554898, 105465088, 218365829, 203396497, 217698719, 109346344, 97770307, 148322777, 40290812, 53317582, 37400546, 22010658, 175723653, 165222218, 73768585, 222361649, 122267290, 183229434, 110253602, 236404051, 84153860, 126893068, 26600584, 13761399, 219667882, 217646206, 241830177, 9876773, 529557, 31049115, 177676138, 69558821, 243714980, 122743854, 104370347, 60772675, 122493426, 211212441, 84340898, 171023574, 191988092, 6004240, 141975672, 182382331, 60169248, 48856296, 212556591, 125285908, 98653799, 112007566, 217452140, 5555922, 45744348, 73503130, 161775644, 220445681, 117347905, 167087389, 192827476, 136018156, 131109619, 167837843, 182240958, 8391516, 229586495, 213735879, 97850511, 183893057, 194165031, 214936839, 224240891, 154115694, 138837282, 248682662, 216393363, 68549987, 232222394, 1476246, 151179556, 23831083, 67522189, 37046337, 30331306, 30809804, 25267365, 33628761, 120843493, 60323715, 141937992, 214517939, 159351707, 225092483, 171806910, 228378040, 237812772, 201916728, 165088190, 120809138, 27268558, 17235598, 136956451, 192226443, 125751884, 14164984]
[239554898, 105465088, 218365829, 203396497, 217698719, 109346344, 97770307, 148322777, 40290812, 53317582, 37400546, 22010658, 175723653, 165222218, 73768585, 222361649, 122267290, 183229434, 110253602, 236404051, 84153860, 126893068, 26600584, 13761399, 219667882, 217646206, 241830177, 9876773, 529557, 31049115, 177676138, 69558821, 243714980, 122743854, 104370347, 60772675, 122493426, 211212441, 84340898, 171023574, 191988092, 6004240, 141975672, 182382331, 60169248, 48856296, 212556591, 125285908, 98653799, 112007566, 217452140, 5555922, 45744348, 73503130, 161775644, 220445681, 117347905, 167087389, 192827476, 136018156, 131109619, 167837843, 182240958, 8391516, 229586495, 213735879, 97850511, 183893057, 194165031, 214936839, 224240891, 154115694, 138837282, 248682662, 216393363, 68549987, 232222394, 1476246, 151179556, 23831083, 186875312, 15363865, 148894419, 235170124, 151625514, 85970942, 197269257, 56981299, 125621014, 73203161, 14762083, 123527406, 189868651, 238999946, 128491558, 49062058, 181149222, 4814286, 70349429, 17899699, 109362641, 248964318, 132524714, 213982201]
[239554898, 105465088, 218365829, 203396497, 217698719, 109346344, 97770307, 148322777, 40290812, 53317582, 37400546, 22010658, 175723653, 165222218, 73768585, 222361649, 122267290, 183229434, 110253602, 236404051, 84153860, 126893068, 26600584, 13761399, 219667882, 217646206, 241830177, 9876773, 529557, 31049115, 177676138, 69558821, 243714980, 122743854, 104370347, 60772675, 122493426, 211212441, 84340898, 171023574, 191988092, 6004240, 141975672, 182382331, 60169248, 48856296, 212556591, 125285908, 98653799, 112007566, 217452140, 5555922, 45744348, 73503130, 161775644, 220445681, 117347905, 167087389, 192827476, 136018156, 131109619, 167837843, 182240958, 8391516, 229586495, 213735879, 97850511, 183893057, 194165031, 214936839, 224240891, 154115694, 138837282, 248682662, 216393363, 68549987, 232222394, 1476246, 151179556, 23831083, 67522189, 37046337, 30331306, 30809804, 25267365, 33628761, 120843493, 60323715, 161552165, 45948928, 156724531, 189656957, 96043887, 210101002, 72206643, 198507616, 71170187, 176629760, 124530405, 172294663, 222271897, 51872541, 187742060, 219469021]
[239554898, 105465088, 218365829, 203396497, 217698719, 109346344, 97770307, 148322777, 40290812, 53317582, 37400546, 22010658, 175723653, 165222218, 73768585, 222361649, 122267290, 183229434, 110253602, 236404051, 84153860, 126893068, 26600584, 13761399, 219667882, 217646206, 241830177, 9876773, 529557, 31049115, 177676138, 69558821, 243714980, 122743854, 104370347, 60772675, 122493426, 211212441, 84340898, 171023574, 191988092, 6004240, 141975672, 182382331, 60169248, 48856296, 212556591, 125285908, 98653799, 112007566, 217452140, 5555922, 45744348, 73503130, 161775644, 220445681, 117347905, 167087389, 192827476, 136018156, 131109619, 167837843, 182240958, 8391516, 229586495, 213735879, 97850511, 183893057, 194165031, 214936839, 224240891, 154115694, 138837282, 248682662, 216393363, 68549987, 232222394, 1476246, 151179556, 186122913, 60417403, 105641232, 103260047, 84908356, 81305338, 160418988, 65263081, 194339786, 204506009, 248186273, 173008625, 182670290, 29112124, 7406428, 28666481, 106002348, 140172784, 140573007, 131330324, 106371034, 233771060, 210797048, 123696397, 239380368]
[239554898, 105465088, 218365829, 203396497, 217698719, 109346344, 97770307, 148322777, 40290812, 53317582, 37400546, 22010658, 175723653, 165222218, 73768585, 222361649, 122267290, 183229434, 110253602, 236404051, 84153860, 126893068, 26600584, 13761399, 219667882, 217646206, 241830177, 9876773, 529557, 31049115, 177676138, 69558821, 243714980, 122743854, 104370347, 60772675, 122493426, 211212441, 84340898, 171023574, 191988092, 6004240, 141975672, 182382331, 60169248, 48856296, 212556591, 125285908, 98653799, 112007566, 217452140, 5555922, 45744348, 73503130, 161775644, 220445681, 117347905, 167087389, 192827476, 136018156, 131109619, 167837843, 182240958, 8391516, 229586495, 213735879, 97850511, 183893057, 194165031, 214936839, 224240891, 154115694, 138837282, 248682662, 216393363, 68549987, 232222394, 1476246, 151179556, 23831083, 67522189, 37046337, 30331306, 30809804, 180069300, 32947905, 205930261, 16667085, 210298056, 203809029, 78308169, 16378318, 196407529, 15753659, 160485131, 237915332, 143881255, 157330827, 106500990, 50899079, 118294597, 195959874, 226990430, 7033231]
[239554898, 105465088, 218365829, 203396497, 217698719, 109346344, 97770307, 148322777, 40290812, 53317582, 37400546, 22010658, 175723653, 165222218, 73768585, 222361649, 122267290, 183229434, 110253602, 236404051, 84153860, 126893068, 26600584, 13761399, 219667882, 217646206, 241830177, 9876773, 529557, 31049115, 177676138, 69558821, 243714980, 122743854, 104370347, 60772675, 122493426, 211212441, 84340898, 171023574, 191988092, 6004240, 141975672, 182382331, 60169248, 48856296, 212556591, 125285908, 98653799, 112007566, 217452140, 5555922, 45744348, 73503130, 161775644, 220445681, 117347905, 167087389, 192827476, 30322964, 129797693, 162069456, 20098438, 175458121, 154340491, 200438724, 50980885, 218284050, 35865695, 35960691, 173099041, 248672976, 217120534, 97773753, 5693530, 103311836, 7361823, 87771202, 105809505, 22382340, 39666005, 110445834, 30069573, 90714617, 230716197, 16119416, 184671964, 209467104, 146000494, 25141289, 40494108, 60501027, 155864249, 110164759, 152374169, 44314408, 30163918, 85564782, 49629385, 241340799, 8250221, 6238235, 32408965, 201729834]
[239554898, 105465088, 218365829, 203396497, 217698719, 109346344, 97770307, 148322777, 40290812, 53317582, 37400546, 22010658, 175723653, 165222218, 73768585, 222361649, 122267290, 183229434, 110253602, 236404051, 84153860, 126893068, 26600584, 13761399, 219667882, 217646206, 241830177, 9876773, 529557, 31049115, 177676138, 69558821, 243714980, 122743854, 104370347, 60772675, 122493426, 211212441, 84340898, 171023574, 191988092, 6004240, 141975672, 182382331, 60169248, 48856296, 212556591, 125285908, 98653799, 112007566, 217452140, 5555922, 45744348, 73503130, 161775644, 220445681, 117347905, 167087389, 192827476, 136018156, 131109619, 167837843, 182240958, 8391516, 229586495, 213735879, 97850511, 183893057, 194165031, 214936839, 224240891, 154115694, 138837282, 248682662, 216393363, 68549987, 232222394, 1476246, 151179556, 23831083, 186875312, 15363865, 148894419, 175412006, 162336783, 220767862, 257334, 2980324, 159935775, 57531261, 2110292, 132842143, 175445337, 208157644, 106313498, 58436595, 204201831, 112556371, 168238451, 108766420, 75799659, 103991120, 193432936, 158165292]
[239554898, 105465088, 218365829, 203396497, 217698719, 109346344, 97770307, 148322777, 40290812, 53317582, 37400546, 22010658, 175723653, 165222218, 73768585, 222361649, 122267290, 183229434, 110253602, 236404051, 84153860, 126893068, 26600584, 13761399, 219667882, 217646206, 241830177, 9876773, 529557, 31049115, 177676138, 69558821, 243714980, 122743854, 104370347, 60772675, 122493426, 211212441, 84340898, 171023574, 191988092, 6004240, 141975672, 182382331, 60169248, 48856296, 212556591, 125285908, 98653799, 112007566, 217452140, 5555922, 45744348, 73503130, 161775644, 220445681, 117347905, 167087389, 192827476, 136018156, 131109619, 167837843, 182240958, 8391516, 229586495, 213735879, 97850511, 183893057, 194165031, 214936839, 224240891, 154115694, 138837282, 248682662, 216393363, 68549987, 232222394, 1476246, 151179556, 23831083, 67522189, 37046337, 30331306, 30809804, 180069300, 109853152, 142626223, 133024700, 117964535, 146059510, 57098611, 91433257, 38568678, 195314443, 163790292, 127761125, 225106931, 29410280, 9309069, 8465642, 32214940, 168412101, 215873223, 203213753]
[239554898, 105465088, 218365829, 203396497, 217698719, 109346344, 97770307, 148322777, 40290812, 53317582, 37400546, 22010658, 175723653, 165222218, 73768585, 222361649, 122267290, 183229434, 110253602, 236404051, 84153860, 126893068, 26600584, 13761399, 219667882, 217646206, 241830177, 9876773, 529557, 31049115, 177676138, 69558821, 243714980, 122743854, 104370347, 60772675, 122493426, 211212441, 84340898, 171023574, 191988092, 6004240, 141975672, 182382331, 60169248, 48856296, 212556591, 125285908, 98653799, 112007566, 217452140, 5555922, 45744348, 73503130, 161775644, 220445681, 117347905, 167087389, 192827476, 30322964, 129797693, 162069456, 20098438, 175458121, 154340491, 200438724, 50980885, 218284050, 35865695, 35960691, 173099041, 248672976, 217120534, 97773753, 5693530, 103311836, 7361823, 87771202, 105809505, 22382340, 39666005, 110445834, 30069573, 167718405, 148353367, 35952887, 18398126, 169275655, 162024357, 85768429, 4650715, 142079766, 44230406, 120965880, 142955905, 15278037, 233140956, 65620982, 193433769, 117716058, 76023508, 198101605, 59493010, 223575031]
[239554898, 105465088, 218365829, 203396497, 217698719, 109346344, 97770307, 148322777, 40290812, 53317582, 37400546, 22010658, 175723653, 165222218, 73768585, 222361649, 122267290, 183229434, 110253602, 236404051, 84153860, 126893068, 26600584, 13761399, 219667882, 217646206, 241830177, 9876773, 529557, 31049115, 177676138, 69558821, 243714980, 122743854, 104370347, 60772675, 122493426, 211212441, 84340898, 171023574, 191988092, 6004240, 141975672, 182382331, 60169248, 48856296, 212556591, 125285908, 98653799, 112007566, 217452140, 5555922, 45744348, 73503130, 161775644, 220445681, 117347905, 167087389, 192827476, 136018156, 131109619, 167837843, 182240958, 8391516, 229586495, 213735879, 97850511, 183893057, 194165031, 214936839, 224240891, 154115694, 138837282, 248682662, 216393363, 68549987, 232222394, 1476246, 151179556, 23831083, 67522189, 37046337, 30331306, 30809804, 25267365, 33628761, 120843493, 60323715, 141937992, 214517939, 159351707, 225092483, 171806910, 228378040, 237812772, 201916728, 165088190, 172482161, 180536710, 78251912, 180330709, 51061067, 220434248, 160432408]
[239554898, 105465088, 218365829, 203396497, 217698719, 109346344, 97770307, 148322777, 40290812, 53317582, 37400546, 22010658, 175723653, 165222218, 73768585, 222361649, 122267290, 183229434, 110253602, 236404051, 84153860, 126893068, 26600584, 13761399, 219667882, 217646206, 241830177, 9876773, 529557, 31049115, 177676138, 69558821, 243714980, 122743854, 104370347, 60772675, 122493426, 211212441, 84340898, 171023574, 191988092, 6004240, 141975672, 182382331, 60169248, 48856296, 212556591, 125285908, 98653799, 112007566, 217452140, 5555922, 45744348, 73503130, 161775644, 220445681, 117347905, 167087389, 192827476, 136018156, 131109619, 167837843, 182240958, 8391516, 229586495, 213735879, 97850511, 183893057, 194165031, 214936839, 224240891, 154115694, 138837282, 248682662, 216393363, 68549987, 232222394, 1476246, 151179556, 23831083, 67522189, 37046337, 30331306, 30809804, 25267365, 236085028, 54752257, 31154509, 112833706, 2456493, 157810119, 226487189, 246327151, 107864561, 54224376, 208770211, 220726170, 111704643, 52509029, 4370448, 167063755, 231419235, 211799797, 84292608]
[239554898, 105465088, 218365829, 203396497, 217698719, 109346344, 97770307, 148322777, 40290812, 53317582, 37400546, 22010658, 175723653, 165222218, 73768585, 222361649, 122267290, 183229434, 110253602, 236404051, 84153860, 126893068, 26600584, 13761399, 219667882, 217646206, 241830177, 9876773, 529557, 31049115, 177676138, 69558821, 243714980, 122743854, 104370347, 60772675, 122493426, 211212441, 84340898, 171023574, 191988092, 6004240, 141975672, 182382331, 60169248, 48856296, 212556591, 125285908, 98653799, 112007566, 217452140, 5555922, 45744348, 73503130, 161775644, 220445681, 117347905, 167087389, 192827476, 136018156, 131109619, 167837843, 182240958, 8391516, 229586495, 213735879, 97850511, 183893057, 194165031, 214936839, 224240891, 154115694, 138837282, 248682662, 216393363, 68549987, 232222394, 1476246, 151179556, 23831083, 67522189, 37046337, 30331306, 30809804, 180069300, 109853152, 142626223, 133024700, 117964535, 146059510, 67770928, 76232463, 91833605, 163571838, 57833901, 195748756, 157389207, 160441688, 65141650, 152436886, 57229150, 134485987, 11900735, 27361801]
[239554898, 105465088, 218365829, 203396497, 217698719, 109346344, 97770307, 148322777, 40290812, 53317582, 37400546, 22010658, 175723653, 165222218, 73768585, 222361649, 122267290, 183229434, 110253602, 236404051, 84153860, 126893068, 26600584, 13761399, 219667882, 217646206, 241830177, 9876773, 529557, 31049115, 177676138, 69558821, 243714980, 122743854, 104370347, 60772675, 122493426, 211212441, 84340898, 171023574, 191988092, 6004240, 141975672, 182382331, 60169248, 48856296, 212556591, 125285908, 98653799, 112007566, 217452140, 5555922, 45744348, 73503130, 161775644, 220445681, 117347905, 167087389, 192827476, 30322964, 129797693, 162069456, 20098438, 175458121, 154340491, 200438724, 50980885, 218284050, 35865695, 35960691, 173099041, 248672976, 217120534, 97773753, 5693530, 103311836, 7361823, 87771202, 105809505, 22382340, 39666005, 110445834, 30069573, 167718405, 148353367, 35952887, 18398126, 131689514, 87282603, 71592258, 19510767, 36981584, 169901166, 6993812, 97074571, 245927872, 37113438, 55892894, 8993408, 114807978, 27366176, 161953613, 41711419, 22766939]
[239554898, 105465088, 218365829, 203396497, 217698719, 109346344, 97770307, 148322777, 40290812, 53317582, 37400546, 22010658, 175723653, 165222218, 73768585, 222361649, 122267290, 183229434, 110253602, 236404051, 84153860, 126893068, 26600584, 13761399, 219667882, 217646206, 241830177, 9876773, 529557, 31049115, 177676138, 69558821, 243714980, 122743854, 104370347, 60772675, 122493426, 211212441, 84340898, 171023574, 191988092, 6004240, 141975672, 182382331, 60169248, 48856296, 212556591, 125285908, 98653799, 112007566, 217452140, 5555922, 45744348, 73503130, 161775644, 220445681, 117347905, 167087389, 192827476, 16949894, 154797606, 31554297, 227448688, 27607733, 7853203, 140242752, 68768893, 164110998, 12898830, 247773033, 204652173, 205971979, 68424825, 160403798, 117872922, 90131011, 162593568, 230345226, 44376985, 76933, 101975899, 156083460, 117175685, 142997913, 127523190, 24591345, 117503723, 97783181, 232447133, 220089946, 25606384, 182826144, 114478306, 54705583, 33853950, 113319769, 140601050, 109748050, 91923627, 71857524, 181876032, 115112176, 94136552, 221929663]
[239554898, 105465088, 218365829, 203396497, 217698719, 109346344, 97770307, 148322777, 40290812, 53317582, 37400546, 22010658, 175723653, 165222218, 73768585, 222361649, 122267290, 183229434, 110253602, 236404051, 84153860, 126893068, 26600584, 13761399, 219667882, 217646206, 241830177, 9876773, 529557, 31049115, 177676138, 69558821, 243714980, 122743854, 104370347, 60772675, 122493426, 211212441, 84340898, 171023574, 191988092, 6004240, 141975672, 182382331, 60169248, 48856296, 212556591, 125285908, 98653799, 112007566, 217452140, 5555922, 45744348, 73503130, 161775644, 220445681, 117347905, 167087389, 192827476, 136018156, 131109619, 167837843, 182240958, 8391516, 229586495, 213735879, 97850511, 183893057, 194165031, 214936839, 224240891, 154115694, 138837282, 248682662, 216393363, 68549987, 232222394, 1476246, 151179556, 23831083, 186875312, 15363865, 148894419, 175412006, 162336783, 220767862, 257334, 2980324, 159935775, 57531261, 2110292, 132842143, 175445337, 3218014, 59524486, 195873983, 134969456, 242249109, 186640499, 119914522, 166939565, 214474418, 126915482, 162975963]
[239554898, 105465088, 218365829, 203396497, 217698719, 109346344, 97770307, 148322777, 40290812, 53317582, 37400546, 22010658, 175723653, 165222218, 73768585, 222361649, 122267290, 183229434, 110253602, 236404051, 84153860, 126893068, 26600584, 13761399, 219667882, 217646206, 241830177, 9876773, 529557, 31049115, 177676138, 69558821, 243714980, 122743854, 104370347, 60772675, 122493426, 211212441, 84340898, 171023574, 191988092, 6004240, 141975672, 182382331, 60169248, 48856296, 212556591, 125285908, 98653799, 112007566, 217452140, 5555922, 45744348, 73503130, 161775644, 220445681, 117347905, 167087389, 192827476, 136018156, 131109619, 167837843, 182240958, 8391516, 229586495, 213735879, 97850511, 183893057, 194165031, 214936839, 224240891, 154115694, 138837282, 248682662, 216393363, 68549987, 232222394, 1476246, 151179556, 23831083, 67522189, 37046337, 30331306, 30809804, 25267365, 33628761, 120843493, 60323715, 141937992, 214517939, 159351707, 225092483, 171806910, 228378040, 223335645, 215148842, 139616328, 248670051, 181864879, 106115424, 73209317, 228698045, 15840248, 138105363]
[239554898, 105465088, 218365829, 203396497, 217698719, 109346344, 97770307, 148322777, 40290812, 53317582, 37400546, 22010658, 175723653, 165222218, 73768585, 222361649, 122267290, 183229434, 110253602, 236404051, 84153860, 126893068, 26600584, 13761399, 219667882, 217646206, 241830177, 9876773, 529557, 31049115, 177676138, 69558821, 243714980, 122743854, 104370347, 60772675, 122493426, 211212441, 84340898, 171023574, 191988092, 6004240, 141975672, 182382331, 60169248, 48856296, 212556591, 125285908, 98653799, 112007566, 217452140, 5555922, 45744348, 73503130, 161775644, 220445681, 117347905, 167087389, 192827476, 136018156, 131109619, 167837843, 182240958, 8391516, 229586495, 213735879, 97850511, 183893057, 194165031, 214936839, 224240891, 154115694, 138837282, 248682662, 216393363, 68549987, 232222394, 1476246, 151179556, 23831083, 67522189, 37046337, 30331306, 30809804, 25267365, 33628761, 120843493, 60323715, 141937992, 214517939, 159351707, 225092483, 171806910, 228378040, 223335645, 215148842, 139616328, 248670051, 181864879, 106115424, 73209317, 228698045, 15840248, 66873715]
[239554898, 105465088, 218365829, 203396497, 217698719, 109346344, 97770307, 148322777, 40290812, 53317582, 37400546, 22010658, 175723653, 165222218, 73768585, 222361649, 122267290, 183229434, 110253602, 236404051, 84153860, 126893068, 26600584, 13761399, 219667882, 217646206, 241830177, 9876773, 529557, 31049115, 177676138, 69558821, 243714980, 122743854, 104370347, 60772675, 122493426, 211212441, 84340898, 171023574, 191988092, 6004240, 141975672, 182382331, 60169248, 48856296, 212556591, 125285908, 98653799, 112007566, 217452140, 5555922, 45744348, 73503130, 161775644, 220445681, 117347905, 167087389, 192827476, 136018156, 131109619, 167837843, 182240958, 8391516, 229586495, 213735879, 97850511, 183893057, 194165031, 214936839, 224240891, 154115694, 138837282, 248682662, 216393363, 68549987, 232222394, 1476246, 151179556, 23831083, 67522189, 37046337, 30331306, 30809804, 180069300, 109853152, 142626223, 133024700, 117964535, 146059510, 67770928, 76232463, 91833605, 163571838, 57833901, 195748756, 157389207, 160441688, 65141650, 152436886, 57229150, 134485987, 23731331, 40553820]
[239554898, 105465088, 218365829, 203396497, 217698719, 109346344, 97770307, 148322777, 40290812, 53317582, 37400546, 22010658, 175723653, 165222218, 73768585, 222361649, 122267290, 183229434, 110253602, 236404051, 84153860, 126893068, 26600584, 13761399, 219667882, 217646206, 241830177, 9876773, 529557, 31049115, 177676138, 69558821, 243714980, 122743854, 104370347, 60772675, 122493426, 211212441, 84340898, 171023574, 191988092, 6004240, 141975672, 182382331, 60169248, 48856296, 212556591, 125285908, 98653799, 112007566, 217452140, 5555922, 45744348, 73503130, 161775644, 220445681, 117347905, 167087389, 192827476, 136018156, 131109619, 167837843, 182240958, 8391516, 229586495, 213735879, 97850511, 183893057, 194165031, 214936839, 224240891, 154115694, 138837282, 248682662, 216393363, 68549987, 232222394, 1476246, 151179556, 23831083, 67522189, 37046337, 30331306, 30809804, 180069300, 109853152, 142626223, 133024700, 117964535, 146059510, 57098611, 73333121, 165472275, 247574085, 38256730, 108458298, 17314258, 63296127, 171026776, 200092087, 13040316, 232034823, 21512674, 106522059]
[239554898, 105465088, 218365829, 203396497, 217698719, 109346344, 97770307, 148322777, 40290812, 53317582, 37400546, 22010658, 175723653, 165222218, 73768585, 222361649, 122267290, 183229434, 110253602, 236404051, 84153860, 126893068, 26600584, 13761399, 219667882, 217646206, 241830177, 9876773, 529557, 31049115, 177676138, 69558821, 243714980, 122743854, 104370347, 60772675, 122493426, 211212441, 84340898, 171023574, 191988092, 6004240, 141975672, 182382331, 60169248, 48856296, 212556591, 125285908, 98653799, 112007566, 217452140, 5555922, 45744348, 73503130, 161775644, 220445681, 117347905, 167087389, 192827476, 136018156, 131109619, 167837843, 182240958, 8391516, 229586495, 213735879, 97850511, 183893057, 194165031, 214936839, 224240891, 154115694, 138837282, 248682662, 216393363, 68549987, 232222394, 1476246, 151179556, 186122913, 60417403, 105641232, 103260047, 84908356, 81305338, 160418988, 65263081, 194339786, 204506009, 248186273, 173008625, 182670290, 29112124, 180697443, 196876595, 198617797, 217337664, 200490864, 151435112, 16881958, 30003413, 166545881, 136730424, 105990934]
[239554898, 105465088, 218365829, 203396497, 217698719, 109346344, 97770307, 148322777, 40290812, 53317582, 37400546, 22010658, 175723653, 165222218, 73768585, 222361649, 122267290, 183229434, 110253602, 236404051, 84153860, 126893068, 26600584, 13761399, 219667882, 217646206, 241830177, 9876773, 529557, 31049115, 177676138, 69558821, 243714980, 122743854, 104370347, 60772675, 122493426, 211212441, 84340898, 171023574, 191988092, 6004240, 141975672, 182382331, 60169248, 48856296, 212556591, 125285908, 98653799, 112007566, 217452140, 5555922, 45744348, 73503130, 161775644, 220445681, 117347905, 167087389, 192827476, 136018156, 131109619, 167837843, 182240958, 8391516, 229586495, 213735879, 97850511, 183893057, 194165031, 214936839, 224240891, 154115694, 138837282, 248682662, 216393363, 68549987, 232222394, 1476246, 151179556, 23831083, 67522189, 37046337, 30331306, 30809804, 180069300, 109853152, 142626223, 133024700, 117964535, 146059510, 57098611, 73333121, 129034375, 230521454, 40947847, 93560935, 99378537, 123875191, 84610236, 62593319, 125306993, 223790595, 86423105, 116559319]
[239554898, 105465088, 218365829, 203396497, 217698719, 109346344, 97770307, 148322777, 40290812, 53317582, 37400546, 22010658, 175723653, 165222218, 73768585, 222361649, 122267290, 183229434, 110253602, 236404051, 84153860, 126893068, 26600584, 13761399, 219667882, 217646206, 241830177, 9876773, 529557, 31049115, 177676138, 69558821, 243714980, 122743854, 104370347, 60772675, 122493426, 211212441, 84340898, 171023574, 191988092, 6004240, 141975672, 182382331, 60169248, 48856296, 212556591, 125285908, 98653799, 112007566, 217452140, 5555922, 45744348, 73503130, 161775644, 220445681, 117347905, 167087389, 192827476, 30322964, 129797693, 162069456, 20098438, 175458121, 154340491, 200438724, 50980885, 218284050, 41182885, 54506857, 78043547, 1605079, 36994883, 167476512, 84602607, 136635004, 127157844, 78905320, 135063922, 52086443, 245307202, 43636446, 76919317, 38945114, 139083599, 53272900, 193104529, 216684294, 83671823, 209103697, 157585771, 36004982, 226903074, 197968745, 135030438, 238248518, 155465124, 116577807, 14747479, 62466652, 152902193, 97828226, 101097588, 231475714]
[239554898, 105465088, 218365829, 203396497, 217698719, 109346344, 97770307, 148322777, 40290812, 53317582, 37400546, 22010658, 175723653, 165222218, 73768585, 222361649, 122267290, 183229434, 110253602, 236404051, 84153860, 126893068, 26600584, 13761399, 219667882, 217646206, 241830177, 9876773, 529557, 31049115, 177676138, 69558821, 243714980, 122743854, 104370347, 60772675, 122493426, 211212441, 84340898, 171023574, 191988092, 6004240, 141975672, 182382331, 60169248, 48856296, 212556591, 125285908, 98653799, 112007566, 217452140, 5555922, 45744348, 73503130, 161775644, 220445681, 117347905, 167087389, 192827476, 136018156, 131109619, 167837843, 162545458, 245820378, 4853377, 55392287, 248891722, 32733621, 71727774, 225195080, 201324543, 34312265, 39100293, 133803066, 90892828, 90253396, 202148720, 20121311, 231495032, 13442114, 16138256, 119058534, 64777651, 155704833, 245112230, 78331438, 62375451, 103811025, 13317573, 202618287, 114259043, 196393342, 78809109, 232277591, 52392294, 168505006, 75658073, 173207817, 132768546, 96265201, 210566260, 94465164, 246970882, 26912245]
[239554898, 105465088, 218365829, 203396497, 217698719, 109346344, 97770307, 148322777, 40290812, 53317582, 37400546, 22010658, 175723653, 165222218, 73768585, 222361649, 122267290, 183229434, 110253602, 236404051, 84153860, 126893068, 26600584, 13761399, 219667882, 217646206, 241830177, 9876773, 529557, 31049115, 177676138, 69558821, 243714980, 122743854, 104370347, 60772675, 122493426, 211212441, 84340898, 171023574, 191988092, 6004240, 141975672, 182382331, 60169248, 48856296, 212556591, 125285908, 98653799, 112007566, 217452140, 5555922, 45744348, 73503130, 161775644, 220445681, 117347905, 167087389, 192827476, 136018156, 131109619, 167837843, 182240958, 8391516, 229586495, 213735879, 97850511, 183893057, 194165031, 214936839, 224240891, 154115694, 138837282, 248682662, 216393363, 68549987, 232222394, 1476246, 151179556, 23831083, 67522189, 37046337, 30331306, 30809804, 180069300, 109853152, 142626223, 133024700, 117964535, 146059510, 57098611, 91433257, 38568678, 195314443, 163790292, 127761125, 45214676, 214072597, 85358987, 236004411, 142936507, 197474540, 162224279, 198571257]
[239554898, 105465088, 218365829, 203396497, 217698719, 109346344, 97770307, 148322777, 40290812, 53317582, 37400546, 22010658, 175723653, 165222218, 73768585, 222361649, 122267290, 183229434, 110253602, 236404051, 84153860, 126893068, 26600584, 13761399, 219667882, 217646206, 241830177, 9876773, 529557, 31049115, 177676138, 69558821, 243714980, 122743854, 104370347, 60772675, 122493426, 211212441, 84340898, 171023574, 191988092, 6004240, 141975672, 182382331, 60169248, 48856296, 212556591, 125285908, 98653799, 112007566, 217452140, 5555922, 45744348, 73503130, 161775644, 220445681, 117347905, 167087389, 192827476, 136018156, 131109619, 167837843, 182240958, 8391516, 229586495, 213735879, 97850511, 183893057, 194165031, 214936839, 224240891, 154115694, 138837282, 248682662, 216393363, 68549987, 232222394, 1476246, 151179556, 23831083, 186875312, 15363865, 148894419, 175412006, 162336783, 220767862, 257334, 2980324, 159935775, 57531261, 2110292, 132842143, 180764072, 146670478, 29426298, 138117769, 124771713, 173506613, 48598773, 70102142, 17721308, 186144087, 135838346, 228753943]
[239554898, 105465088, 218365829, 203396497, 217698719, 109346344, 97770307, 148322777, 40290812, 53317582, 37400546, 22010658, 175723653, 165222218, 73768585, 222361649, 122267290, 183229434, 110253602, 236404051, 84153860, 126893068, 26600584, 13761399, 219667882, 217646206, 241830177, 9876773, 529557, 31049115, 177676138, 69558821, 243714980, 122743854, 104370347, 60772675, 122493426, 211212441, 84340898, 171023574, 191988092, 6004240, 141975672, 182382331, 60169248, 48856296, 212556591, 125285908, 98653799, 112007566, 217452140, 5555922, 45744348, 73503130, 161775644, 220445681, 117347905, 167087389, 192827476, 136018156, 131109619, 167837843, 182240958, 8391516, 229586495, 213735879, 97850511, 183893057, 194165031, 214936839, 224240891, 154115694, 138837282, 248682662, 216393363, 68549987, 232222394, 1476246, 151179556, 23831083, 67522189, 37046337, 30331306, 30809804, 180069300, 109853152, 142626223, 133024700, 213505916, 145828056, 36192707, 210076901, 18631466, 215945163, 194354097, 118288656, 112073061, 202801511, 204383395, 55603611, 115796047, 142654663, 175324987, 124537579]
[239554898, 105465088, 218365829, 203396497, 217698719, 109346344, 97770307, 148322777, 40290812, 53317582, 37400546, 22010658, 175723653, 165222218, 73768585, 222361649, 122267290, 183229434, 110253602, 236404051, 84153860, 126893068, 26600584, 13761399, 219667882, 217646206, 241830177, 9876773, 529557, 31049115, 177676138, 69558821, 243714980, 122743854, 104370347, 60772675, 122493426, 211212441, 84340898, 171023574, 191988092, 6004240, 141975672, 182382331, 60169248, 48856296, 212556591, 125285908, 98653799, 112007566, 217452140, 5555922, 45744348, 73503130, 161775644, 220445681, 117347905, 167087389, 192827476, 136018156, 131109619, 167837843, 182240958, 8391516, 229586495, 213735879, 97850511, 183893057, 194165031, 214936839, 224240891, 154115694, 138837282, 248682662, 216393363, 68549987, 232222394, 1476246, 151179556, 23831083, 67522189, 37046337, 30331306, 30809804, 25267365, 33628761, 120843493, 60323715, 141937992, 214517939, 159351707, 225092483, 171806910, 228378040, 237812772, 201916728, 165088190, 120809138, 27268558, 17235598, 184959573, 82337736, 98246206, 150011976]
[239554898, 105465088, 218365829, 203396497, 217698719, 109346344, 97770307, 148322777, 40290812, 53317582, 37400546, 22010658, 175723653, 165222218, 73768585, 222361649, 122267290, 183229434, 110253602, 236404051, 84153860, 126893068, 26600584, 13761399, 219667882, 217646206, 241830177, 9876773, 529557, 31049115, 177676138, 69558821, 243714980, 122743854, 104370347, 60772675, 122493426, 211212441, 84340898, 171023574, 191988092, 6004240, 141975672, 182382331, 60169248, 48856296, 212556591, 125285908, 98653799, 112007566, 217452140, 5555922, 45744348, 73503130, 161775644, 220445681, 117347905, 167087389, 192827476, 136018156, 131109619, 167837843, 182240958, 8391516, 229586495, 213735879, 97850511, 183893057, 194165031, 214936839, 224240891, 154115694, 138837282, 248682662, 216393363, 68549987, 232222394, 1476246, 151179556, 23831083, 67522189, 37046337, 30331306, 30809804, 25267365, 33628761, 120843493, 60323715, 141937992, 214517939, 159351707, 225092483, 171806910, 228378040, 237812772, 195871251, 232599126, 115928926, 25880720, 233547739, 114783857, 183056786, 70513913, 8176924]
[239554898, 105465088, 218365829, 203396497, 217698719, 109346344, 97770307, 148322777, 40290812, 53317582, 37400546, 22010658, 175723653, 165222218, 73768585, 222361649, 122267290, 183229434, 110253602, 236404051, 84153860, 126893068, 26600584, 13761399, 219667882, 217646206, 241830177, 9876773, 529557, 31049115, 177676138, 69558821, 243714980, 122743854, 104370347, 60772675, 122493426, 211212441, 84340898, 171023574, 191988092, 6004240, 141975672, 182382331, 60169248, 48856296, 212556591, 125285908, 98653799, 112007566, 217452140, 5555922, 45744348, 73503130, 161775644, 220445681, 117347905, 167087389, 192827476, 30322964, 129797693, 162069456, 20098438, 175458121, 154340491, 200438724, 50980885, 218284050, 35865695, 35960691, 173099041, 248672976, 217120534, 97773753, 5693530, 103311836, 7361823, 87771202, 105809505, 22382340, 39666005, 110445834, 30069573, 90714617, 230716197, 16119416, 184671964, 209467104, 146000494, 25141289, 40494108, 60501027, 229459517, 130626408, 39917210, 93782235, 234983649, 103210948, 170327114, 186655078, 12750018, 226637007, 10906756, 244506142]
[239554898, 105465088, 218365829, 203396497, 217698719, 109346344, 97770307, 148322777, 40290812, 53317582, 37400546, 22010658, 175723653, 165222218, 73768585, 222361649, 122267290, 183229434, 110253602, 236404051, 84153860, 126893068, 26600584, 13761399, 219667882, 217646206, 241830177, 9876773, 529557, 31049115, 177676138, 69558821, 243714980, 122743854, 104370347, 60772675, 122493426, 211212441, 84340898, 171023574, 191988092, 6004240, 141975672, 182382331, 60169248, 48856296, 212556591, 125285908, 98653799, 112007566, 217452140, 5555922, 45744348, 73503130, 161775644, 220445681, 117347905, 167087389, 192827476, 136018156, 131109619, 167837843, 182240958, 8391516, 229586495, 213735879, 97850511, 183893057, 194165031, 214936839, 224240891, 154115694, 138837282, 248682662, 216393363, 68549987, 232222394, 1476246, 151179556, 23831083, 67522189, 37046337, 30331306, 30809804, 180069300, 109853152, 142626223, 133024700, 213505916, 145828056, 36192707, 210076901, 18631466, 52777234, 8271894, 17663428, 4536358, 92171121, 6760031, 173755756, 87812423, 25401967, 36413332, 110441380]
[239554898, 105465088, 218365829, 203396497, 217698719, 109346344, 97770307, 148322777, 40290812, 53317582, 37400546, 22010658, 175723653, 165222218, 73768585, 222361649, 122267290, 183229434, 110253602, 236404051, 84153860, 126893068, 26600584, 13761399, 219667882, 217646206, 241830177, 9876773, 529557, 31049115, 177676138, 69558821, 243714980, 122743854, 104370347, 60772675, 122493426, 211212441, 84340898, 171023574, 191988092, 6004240, 141975672, 182382331, 60169248, 48856296, 212556591, 125285908, 98653799, 112007566, 217452140, 5555922, 45744348, 73503130, 161775644, 220445681, 117347905, 167087389, 192827476, 136018156, 131109619, 167837843, 182240958, 8391516, 229586495, 213735879, 97850511, 183893057, 194165031, 214936839, 224240891, 154115694, 138837282, 248682662, 216393363, 68549987, 232222394, 1476246, 151179556, 23831083, 67522189, 37046337, 30331306, 30809804, 180069300, 109853152, 142626223, 133024700, 213505916, 145828056, 36192707, 210076901, 18631466, 66249244, 106394530, 98937705, 62076670, 149131071, 129795181, 86924942, 237325482, 65052922, 139382517, 234883667]
[239554898, 105465088, 218365829, 203396497, 217698719, 109346344, 97770307, 148322777, 40290812, 53317582, 37400546, 22010658, 175723653, 165222218, 73768585, 222361649, 122267290, 183229434, 110253602, 236404051, 84153860, 126893068, 26600584, 13761399, 219667882, 217646206, 241830177, 9876773, 529557, 31049115, 177676138, 69558821, 243714980, 122743854, 104370347, 60772675, 122493426, 211212441, 84340898, 171023574, 191988092, 6004240, 141975672, 182382331, 60169248, 48856296, 212556591, 125285908, 98653799, 112007566, 217452140, 5555922, 45744348, 73503130, 161775644, 220445681, 117347905, 167087389, 192827476, 136018156, 131109619, 167837843, 182240958, 8391516, 229586495, 213735879, 97850511, 183893057, 194165031, 214936839, 224240891, 154115694, 138837282, 248682662, 216393363, 68549987, 232222394, 1476246, 151179556, 23831083, 67522189, 37046337, 30331306, 30809804, 180069300, 109853152, 142626223, 133024700, 117964535, 146059510, 57098611, 73333121, 129034375, 230521454, 40947847, 93560935, 99378537, 123875191, 84610236, 62593319, 2738268, 14430998, 26874825, 120358935]
[239554898, 105465088, 218365829, 203396497, 217698719, 109346344, 97770307, 148322777, 40290812, 53317582, 37400546, 22010658, 175723653, 165222218, 73768585, 222361649, 122267290, 183229434, 110253602, 236404051, 84153860, 126893068, 26600584, 13761399, 219667882, 217646206, 241830177, 9876773, 529557, 31049115, 177676138, 69558821, 243714980, 122743854, 104370347, 60772675, 122493426, 211212441, 84340898, 171023574, 191988092, 6004240, 141975672, 182382331, 60169248, 48856296, 212556591, 125285908, 98653799, 112007566, 217452140, 5555922, 45744348, 73503130, 161775644, 220445681, 117347905, 167087389, 192827476, 136018156, 131109619, 167837843, 182240958, 8391516, 229586495, 213735879, 97850511, 183893057, 194165031, 214936839, 224240891, 154115694, 138837282, 248682662, 216393363, 68549987, 232222394, 1476246, 151179556, 23831083, 67522189, 37046337, 30331306, 30809804, 180069300, 32947905, 92433975, 10504298, 97570684, 135634069, 114736754, 44605410, 48138700, 146004529, 33870450, 153772956, 85229674, 57394436, 179051773, 4213173, 4017681, 27972521, 6766769, 23913895]
[239554898, 105465088, 218365829, 203396497, 217698719, 109346344, 97770307, 148322777, 40290812, 53317582, 37400546, 22010658, 175723653, 165222218, 73768585, 222361649, 122267290, 183229434, 110253602, 236404051, 84153860, 126893068, 26600584, 13761399, 219667882, 217646206, 241830177, 9876773, 529557, 31049115, 177676138, 69558821, 243714980, 122743854, 104370347, 60772675, 122493426, 211212441, 84340898, 171023574, 191988092, 6004240, 141975672, 182382331, 60169248, 48856296, 212556591, 125285908, 98653799, 112007566, 217452140, 5555922, 45744348, 73503130, 161775644, 220445681, 117347905, 167087389, 192827476, 30322964, 129797693, 162069456, 20098438, 175458121, 154340491, 200438724, 50980885, 218284050, 35865695, 35960691, 173099041, 248672976, 217120534, 97773753, 5693530, 103311836, 7361823, 87771202, 105809505, 22382340, 39666005, 110445834, 30069573, 233154354, 61206607, 100300322, 78885327, 227733215, 41562605, 118115241, 7826418, 87998904, 17387700, 133758056, 78606632, 246885150, 57813029, 95235287, 212472818, 313799, 18154680, 854404, 176463082, 26496956]
[239554898, 105465088, 218365829, 203396497, 217698719, 109346344, 97770307, 148322777, 40290812, 53317582, 37400546, 22010658, 175723653, 165222218, 73768585, 222361649, 122267290, 183229434, 110253602, 236404051, 84153860, 126893068, 26600584, 13761399, 219667882, 217646206, 241830177, 9876773, 529557, 31049115, 177676138, 69558821, 243714980, 122743854, 104370347, 60772675, 122493426, 211212441, 84340898, 171023574, 191988092, 6004240, 141975672, 182382331, 60169248, 48856296, 212556591, 125285908, 98653799, 112007566, 217452140, 5555922, 45744348, 73503130, 161775644, 220445681, 117347905, 167087389, 192827476, 136018156, 131109619, 167837843, 182240958, 8391516, 229586495, 213735879, 97850511, 183893057, 194165031, 214936839, 224240891, 154115694, 138837282, 248682662, 216393363, 68549987, 232222394, 1476246, 151179556, 23831083, 67522189, 37046337, 30331306, 30809804, 180069300, 109853152, 142626223, 133024700, 117964535, 146059510, 57098611, 91433257, 38568678, 195314443, 163790292, 132089438, 135535892, 188196428, 230332710, 139406056, 169058221, 61524776, 141990308, 154077158]
[239554898, 105465088, 218365829, 203396497, 217698719, 109346344, 97770307, 148322777, 40290812, 53317582, 37400546, 22010658, 175723653, 165222218, 73768585, 222361649, 122267290, 183229434, 110253602, 236404051, 84153860, 126893068, 26600584, 13761399, 219667882, 217646206, 241830177, 9876773, 529557, 31049115, 177676138, 69558821, 243714980, 122743854, 104370347, 60772675, 122493426, 211212441, 84340898, 171023574, 191988092, 6004240, 141975672, 182382331, 60169248, 48856296, 212556591, 125285908, 98653799, 112007566, 217452140, 5555922, 45744348, 73503130, 161775644, 220445681, 117347905, 167087389, 192827476, 30322964, 129797693, 162069456, 20098438, 175458121, 154340491, 200438724, 50980885, 218284050, 35865695, 35960691, 173099041, 248672976, 217120534, 97773753, 5693530, 103311836, 7361823, 87771202, 105809505, 22382340, 39666005, 110445834, 30069573, 233154354, 158923880, 159120156, 193777294, 52671835, 247818422, 55210501, 151614295, 27716440, 123550555, 131040376, 131551346, 178731368, 175660455, 161720380, 63228508, 246219394, 146730815, 4413387, 37271572, 139120685]
[239554898, 105465088, 218365829, 203396497, 217698719, 109346344, 97770307, 148322777, 40290812, 53317582, 37400546, 22010658, 175723653, 165222218, 73768585, 222361649, 122267290, 183229434, 110253602, 236404051, 84153860, 126893068, 26600584, 13761399, 219667882, 217646206, 241830177, 9876773, 529557, 31049115, 177676138, 69558821, 243714980, 122743854, 104370347, 60772675, 122493426, 211212441, 84340898, 171023574, 191988092, 6004240, 141975672, 182382331, 60169248, 48856296, 212556591, 125285908, 98653799, 112007566, 217452140, 5555922, 45744348, 73503130, 161775644, 220445681, 117347905, 167087389, 192827476, 136018156, 131109619, 167837843, 182240958, 8391516, 229586495, 213735879, 97850511, 183893057, 194165031, 214936839, 224240891, 154115694, 138837282, 248682662, 216393363, 68549987, 232222394, 1476246, 151179556, 23831083, 67522189, 37046337, 30331306, 30809804, 180069300, 109853152, 142626223, 133024700, 117964535, 146059510, 57098611, 91433257, 38568678, 195314443, 163790292, 132089438, 135535892, 188196428, 230332710, 139406056, 169058221, 62089102, 113554076, 52756947]
[239554898, 105465088, 218365829, 203396497, 217698719, 109346344, 97770307, 148322777, 40290812, 53317582, 37400546, 22010658, 175723653, 165222218, 73768585, 222361649, 122267290, 183229434, 110253602, 236404051, 84153860, 126893068, 26600584, 13761399, 219667882, 217646206, 241830177, 9876773, 529557, 31049115, 177676138, 69558821, 243714980, 122743854, 104370347, 60772675, 122493426, 211212441, 84340898, 171023574, 191988092, 6004240, 141975672, 182382331, 60169248, 48856296, 212556591, 125285908, 98653799, 112007566, 217452140, 5555922, 45744348, 73503130, 161775644, 220445681, 117347905, 167087389, 192827476, 136018156, 131109619, 167837843, 182240958, 8391516, 229586495, 213735879, 97850511, 183893057, 194165031, 214936839, 224240891, 154115694, 138837282, 248682662, 216393363, 68549987, 232222394, 1476246, 151179556, 23831083, 67522189, 37046337, 30331306, 30809804, 180069300, 109853152, 142626223, 133024700, 213505916, 123561113, 138092197, 82592552, 175310019, 42811066, 139804577, 248455574, 126636678, 135208304, 49795685, 237355476, 181507077, 14900184, 60098624, 99663526]
[239554898, 105465088, 218365829, 203396497, 217698719, 109346344, 97770307, 148322777, 40290812, 53317582, 37400546, 22010658, 175723653, 165222218, 73768585, 222361649, 122267290, 183229434, 110253602, 236404051, 84153860, 126893068, 26600584, 13761399, 219667882, 217646206, 241830177, 9876773, 529557, 31049115, 177676138, 69558821, 243714980, 122743854, 104370347, 60772675, 122493426, 211212441, 84340898, 171023574, 191988092, 6004240, 141975672, 182382331, 60169248, 48856296, 212556591, 125285908, 98653799, 112007566, 217452140, 5555922, 45744348, 73503130, 161775644, 220445681, 117347905, 167087389, 192827476, 136018156, 131109619, 167837843, 182240958, 8391516, 229586495, 213735879, 97850511, 183893057, 194165031, 214936839, 224240891, 154115694, 138837282, 248682662, 216393363, 68549987, 232222394, 1476246, 151179556, 23831083, 67522189, 37046337, 30331306, 30809804, 180069300, 109853152, 142626223, 133024700, 213505916, 145828056, 36192707, 210076901, 18631466, 52777234, 8271894, 17663428, 4536358, 92171121, 6760031, 173755756, 223934049, 94143455, 113201681, 131427352]
[239554898, 105465088, 218365829, 203396497, 217698719, 109346344, 97770307, 148322777, 40290812, 53317582, 37400546, 22010658, 175723653, 165222218, 73768585, 222361649, 122267290, 183229434, 110253602, 236404051, 84153860, 126893068, 26600584, 13761399, 219667882, 217646206, 241830177, 9876773, 529557, 31049115, 177676138, 69558821, 243714980, 122743854, 104370347, 60772675, 122493426, 211212441, 84340898, 171023574, 191988092, 6004240, 141975672, 182382331, 60169248, 48856296, 212556591, 125285908, 98653799, 112007566, 217452140, 5555922, 45744348, 73503130, 161775644, 220445681, 117347905, 167087389, 192827476, 136018156, 131109619, 167837843, 182240958, 8391516, 229586495, 213735879, 97850511, 183893057, 194165031, 214936839, 224240891, 154115694, 138837282, 248682662, 216393363, 68549987, 232222394, 1476246, 151179556, 23831083, 67522189, 37046337, 30331306, 30809804, 180069300, 109853152, 142626223, 133024700, 213505916, 145828056, 36192707, 210076901, 18631466, 215945163, 194354097, 118288656, 112073061, 202801511, 6119983, 206112763, 156454513, 97450909, 80580183, 191314045]
[239554898, 105465088, 218365829, 203396497, 217698719, 109346344, 97770307, 148322777, 40290812, 53317582, 37400546, 22010658, 175723653, 165222218, 73768585, 222361649, 122267290, 183229434, 110253602, 236404051, 84153860, 126893068, 26600584, 13761399, 219667882, 217646206, 241830177, 9876773, 529557, 31049115, 177676138, 69558821, 243714980, 122743854, 104370347, 60772675, 122493426, 211212441, 84340898, 171023574, 191988092, 6004240, 141975672, 182382331, 60169248, 48856296, 212556591, 125285908, 98653799, 112007566, 217452140, 5555922, 45744348, 73503130, 161775644, 220445681, 117347905, 167087389, 192827476, 136018156, 131109619, 167837843, 182240958, 8391516, 229586495, 213735879, 97850511, 183893057, 194165031, 214936839, 224240891, 154115694, 138837282, 248682662, 216393363, 68549987, 232222394, 1476246, 151179556, 23831083, 67522189, 37046337, 30331306, 30809804, 180069300, 109853152, 142626223, 133024700, 213505916, 145828056, 36192707, 210076901, 18631466, 215945163, 194354097, 118288656, 188694160, 140897018, 17439300, 136967465, 28837834, 83708803, 98441853, 28352861]
[239554898, 105465088, 218365829, 203396497, 217698719, 109346344, 97770307, 148322777, 40290812, 53317582, 37400546, 22010658, 175723653, 165222218, 73768585, 222361649, 122267290, 183229434, 110253602, 236404051, 84153860, 126893068, 26600584, 13761399, 219667882, 217646206, 241830177, 9876773, 529557, 31049115, 177676138, 69558821, 243714980, 122743854, 104370347, 60772675, 122493426, 211212441, 84340898, 171023574, 191988092, 6004240, 141975672, 182382331, 60169248, 48856296, 212556591, 125285908, 98653799, 112007566, 217452140, 5555922, 45744348, 73503130, 161775644, 220445681, 117347905, 167087389, 192827476, 136018156, 131109619, 167837843, 182240958, 8391516, 229586495, 213735879, 97850511, 183893057, 194165031, 214936839, 224240891, 154115694, 138837282, 248682662, 216393363, 68549987, 232222394, 1476246, 151179556, 23831083, 186875312, 15363865, 148894419, 175412006, 162336783, 220767862, 257334, 2980324, 159935775, 57531261, 2110292, 132842143, 180764072, 146670478, 29426298, 138117769, 124771713, 173506613, 27461156, 223431827, 213195752, 114269855, 12706235, 115579803]
[239554898, 105465088, 218365829, 203396497, 217698719, 109346344, 97770307, 148322777, 40290812, 53317582, 37400546, 22010658, 175723653, 165222218, 73768585, 222361649, 122267290, 183229434, 110253602, 236404051, 84153860, 126893068, 26600584, 13761399, 219667882, 217646206, 241830177, 9876773, 529557, 31049115, 177676138, 69558821, 243714980, 122743854, 104370347, 60772675, 122493426, 211212441, 84340898, 171023574, 191988092, 6004240, 141975672, 182382331, 60169248, 48856296, 212556591, 125285908, 98653799, 112007566, 217452140, 5555922, 45744348, 73503130, 161775644, 220445681, 117347905, 167087389, 192827476, 30322964, 129797693, 162069456, 20098438, 175458121, 154340491, 200438724, 50980885, 218284050, 35865695, 35960691, 173099041, 248672976, 217120534, 97773753, 5693530, 103311836, 7361823, 87771202, 105809505, 22382340, 39666005, 202644599, 8269985, 227419249, 183354607, 194933427, 13040324, 200577707, 182868465, 214988932, 217080839, 134840078, 122769596, 246142629, 68179485, 171653099, 110778708, 80714657, 39567580, 21126624, 191955173, 143103297, 182830585, 236931498]
[239554898, 105465088, 218365829, 203396497, 217698719, 109346344, 97770307, 148322777, 40290812, 53317582, 37400546, 22010658, 175723653, 165222218, 73768585, 222361649, 122267290, 183229434, 110253602, 236404051, 84153860, 126893068, 26600584, 13761399, 219667882, 217646206, 241830177, 9876773, 529557, 31049115, 177676138, 69558821, 243714980, 122743854, 104370347, 60772675, 122493426, 211212441, 84340898, 171023574, 191988092, 6004240, 141975672, 182382331, 60169248, 48856296, 212556591, 125285908, 98653799, 112007566, 217452140, 5555922, 45744348, 73503130, 161775644, 220445681, 117347905, 167087389, 192827476, 136018156, 131109619, 167837843, 182240958, 8391516, 229586495, 213735879, 97850511, 183893057, 194165031, 214936839, 224240891, 154115694, 138837282, 248682662, 216393363, 68549987, 232222394, 1476246, 151179556, 23831083, 67522189, 37046337, 30331306, 30809804, 25267365, 236085028, 54752257, 31154509, 112833706, 2456493, 157810119, 226487189, 246327151, 107864561, 54224376, 208770211, 220726170, 111704643, 52509029, 4370448, 167063755, 231419235, 211799797, 219487979]
[239554898, 105465088, 218365829, 203396497, 217698719, 109346344, 97770307, 148322777, 40290812, 53317582, 37400546, 22010658, 175723653, 165222218, 73768585, 222361649, 122267290, 183229434, 110253602, 236404051, 84153860, 126893068, 26600584, 13761399, 219667882, 217646206, 241830177, 9876773, 529557, 31049115, 177676138, 69558821, 243714980, 122743854, 104370347, 60772675, 122493426, 211212441, 84340898, 171023574, 191988092, 6004240, 141975672, 182382331, 60169248, 48856296, 212556591, 125285908, 98653799, 112007566, 217452140, 5555922, 45744348, 73503130, 161775644, 220445681, 117347905, 167087389, 192827476, 136018156, 131109619, 167837843, 182240958, 8391516, 229586495, 213735879, 97850511, 183893057, 194165031, 214936839, 224240891, 154115694, 138837282, 248682662, 216393363, 68549987, 232222394, 1476246, 151179556, 23831083, 67522189, 37046337, 30331306, 30809804, 180069300, 109853152, 142626223, 133024700, 213505916, 145828056, 36192707, 210076901, 18631466, 66249244, 106394530, 98937705, 62076670, 236207879, 167435298, 148324952, 222617075, 185461076, 64807674, 175680662]
[239554898, 105465088, 218365829, 203396497, 217698719, 109346344, 97770307, 148322777, 40290812, 53317582, 37400546, 22010658, 175723653, 165222218, 73768585, 222361649, 122267290, 183229434, 110253602, 236404051, 84153860, 126893068, 26600584, 13761399, 219667882, 217646206, 241830177, 9876773, 529557, 31049115, 177676138, 69558821, 243714980, 122743854, 104370347, 60772675, 122493426, 211212441, 84340898, 171023574, 191988092, 6004240, 141975672, 182382331, 60169248, 48856296, 212556591, 125285908, 98653799, 112007566, 217452140, 5555922, 45744348, 73503130, 161775644, 220445681, 117347905, 167087389, 192827476, 136018156, 131109619, 167837843, 182240958, 8391516, 229586495, 213735879, 97850511, 183893057, 194165031, 214936839, 224240891, 154115694, 138837282, 248682662, 216393363, 68549987, 232222394, 1476246, 151179556, 23831083, 67522189, 37046337, 30331306, 30809804, 180069300, 32947905, 92433975, 10504298, 97570684, 135634069, 114736754, 44605410, 48138700, 146004529, 33870450, 153772956, 85229674, 57394436, 179051773, 4213173, 4017681, 145460704, 160801108, 52109014]
[239554898, 105465088, 218365829, 203396497, 217698719, 109346344, 97770307, 148322777, 40290812, 53317582, 37400546, 22010658, 175723653, 165222218, 73768585, 222361649, 122267290, 183229434, 110253602, 236404051, 84153860, 126893068, 26600584, 13761399, 219667882, 217646206, 241830177, 9876773, 529557, 31049115, 177676138, 69558821, 243714980, 122743854, 104370347, 60772675, 122493426, 211212441, 84340898, 171023574, 191988092, 6004240, 141975672, 182382331, 60169248, 48856296, 212556591, 125285908, 98653799, 112007566, 217452140, 5555922, 45744348, 73503130, 161775644, 220445681, 117347905, 167087389, 192827476, 136018156, 131109619, 167837843, 182240958, 8391516, 229586495, 213735879, 97850511, 183893057, 194165031, 214936839, 224240891, 154115694, 138837282, 248682662, 216393363, 68549987, 232222394, 1476246, 151179556, 23831083, 67522189, 37046337, 30331306, 30809804, 180069300, 109853152, 142626223, 133024700, 117964535, 146059510, 67770928, 76232463, 91833605, 163571838, 57833901, 132943840, 64896011, 212905947, 243560546, 169486753, 192663071, 101150595, 180696319, 187685537]
[239554898, 105465088, 218365829, 203396497, 217698719, 109346344, 97770307, 148322777, 40290812, 53317582, 37400546, 22010658, 175723653, 165222218, 73768585, 222361649, 122267290, 183229434, 110253602, 236404051, 84153860, 126893068, 26600584, 13761399, 219667882, 217646206, 241830177, 9876773, 529557, 31049115, 177676138, 69558821, 243714980, 122743854, 104370347, 60772675, 122493426, 211212441, 84340898, 171023574, 191988092, 6004240, 141975672, 182382331, 60169248, 48856296, 212556591, 125285908, 98653799, 112007566, 217452140, 5555922, 45744348, 73503130, 161775644, 220445681, 117347905, 167087389, 192827476, 136018156, 131109619, 167837843, 182240958, 8391516, 229586495, 213735879, 97850511, 183893057, 194165031, 214936839, 224240891, 154115694, 138837282, 248682662, 216393363, 68549987, 232222394, 1476246, 151179556, 23831083, 67522189, 37046337, 30331306, 30809804, 180069300, 109853152, 142626223, 133024700, 117964535, 146059510, 57098611, 91433257, 27596929, 238513360, 108481286, 209948443, 85239108, 132667688, 140155475, 49479876, 131163368, 58258267, 40269628, 154063167]
[239554898, 105465088, 218365829, 203396497, 217698719, 109346344, 97770307, 148322777, 40290812, 53317582, 37400546, 22010658, 175723653, 165222218, 73768585, 222361649, 122267290, 183229434, 110253602, 236404051, 84153860, 126893068, 26600584, 13761399, 219667882, 217646206, 241830177, 9876773, 529557, 31049115, 177676138, 69558821, 243714980, 122743854, 104370347, 60772675, 122493426, 211212441, 84340898, 171023574, 191988092, 6004240, 141975672, 182382331, 60169248, 48856296, 212556591, 125285908, 98653799, 112007566, 217452140, 5555922, 45744348, 73503130, 161775644, 220445681, 117347905, 167087389, 192827476, 136018156, 131109619, 167837843, 182240958, 8391516, 229586495, 213735879, 97850511, 183893057, 194165031, 214936839, 224240891, 154115694, 138837282, 248682662, 216393363, 68549987, 232222394, 1476246, 151179556, 23831083, 67522189, 37046337, 30331306, 30809804, 180069300, 109853152, 142626223, 133024700, 117964535, 146059510, 67770928, 76232463, 91833605, 163571838, 57833901, 138841193, 32994977, 187154428, 187091291, 112938179, 128120180, 184898656, 101584102, 151081899]
[239554898, 105465088, 218365829, 203396497, 217698719, 109346344, 97770307, 148322777, 40290812, 53317582, 37400546, 22010658, 175723653, 165222218, 73768585, 222361649, 122267290, 183229434, 110253602, 236404051, 84153860, 126893068, 26600584, 13761399, 219667882, 217646206, 241830177, 9876773, 529557, 31049115, 177676138, 69558821, 243714980, 122743854, 104370347, 60772675, 122493426, 211212441, 84340898, 171023574, 191988092, 6004240, 141975672, 182382331, 60169248, 48856296, 212556591, 125285908, 98653799, 112007566, 217452140, 5555922, 45744348, 73503130, 161775644, 220445681, 117347905, 167087389, 192827476, 136018156, 131109619, 167837843, 182240958, 8391516, 229586495, 213735879, 97850511, 183893057, 194165031, 214936839, 224240891, 154115694, 138837282, 248682662, 216393363, 68549987, 232222394, 1476246, 151179556, 23831083, 67522189, 37046337, 30331306, 30809804, 25267365, 33628761, 120843493, 60323715, 141937992, 214517939, 159351707, 225092483, 171806910, 228378040, 223335645, 215148842, 139616328, 248670051, 181864879, 106115424, 73209317, 228698045, 162796807, 184003430]
[239554898, 105465088, 218365829, 203396497, 217698719, 109346344, 97770307, 148322777, 40290812, 53317582, 37400546, 22010658, 175723653, 165222218, 73768585, 222361649, 122267290, 183229434, 110253602, 236404051, 84153860, 126893068, 26600584, 13761399, 219667882, 217646206, 241830177, 9876773, 529557, 31049115, 177676138, 69558821, 243714980, 122743854, 104370347, 60772675, 122493426, 211212441, 84340898, 171023574, 191988092, 6004240, 141975672, 182382331, 60169248, 48856296, 212556591, 125285908, 98653799, 112007566, 217452140, 5555922, 45744348, 73503130, 161775644, 220445681, 117347905, 167087389, 192827476, 136018156, 131109619, 167837843, 182240958, 8391516, 229586495, 213735879, 97850511, 183893057, 194165031, 214936839, 224240891, 154115694, 138837282, 248682662, 216393363, 68549987, 232222394, 1476246, 151179556, 23831083, 67522189, 37046337, 30331306, 30809804, 180069300, 109853152, 142626223, 133024700, 213505916, 145828056, 36192707, 210076901, 18631466, 215945163, 194354097, 118288656, 112073061, 202801511, 204383395, 55603611, 115796047, 222675116, 180443597, 122053625]
[239554898, 105465088, 218365829, 203396497, 217698719, 109346344, 97770307, 148322777, 40290812, 53317582, 37400546, 22010658, 175723653, 165222218, 73768585, 222361649, 122267290, 183229434, 110253602, 236404051, 84153860, 126893068, 26600584, 13761399, 219667882, 217646206, 241830177, 9876773, 529557, 31049115, 177676138, 69558821, 243714980, 122743854, 104370347, 60772675, 122493426, 211212441, 84340898, 171023574, 191988092, 6004240, 141975672, 182382331, 60169248, 48856296, 212556591, 125285908, 98653799, 112007566, 217452140, 5555922, 45744348, 73503130, 161775644, 220445681, 117347905, 167087389, 192827476, 136018156, 131109619, 167837843, 182240958, 8391516, 229586495, 213735879, 97850511, 183893057, 194165031, 214936839, 224240891, 154115694, 138837282, 248682662, 216393363, 68549987, 232222394, 1476246, 151179556, 23831083, 67522189, 37046337, 30331306, 30809804, 25267365, 236085028, 54752257, 31154509, 170373936, 115589660, 230184458, 119012113, 71118401, 215362869, 237947311, 101248218, 152389165, 226880477, 74889673, 236823585, 17551354, 109622823, 209131122, 208564304]
[239554898, 105465088, 218365829, 203396497, 217698719, 109346344, 97770307, 148322777, 40290812, 53317582, 37400546, 22010658, 175723653, 165222218, 73768585, 222361649, 122267290, 183229434, 110253602, 236404051, 84153860, 126893068, 26600584, 13761399, 219667882, 217646206, 241830177, 9876773, 529557, 31049115, 177676138, 69558821, 243714980, 122743854, 104370347, 60772675, 122493426, 211212441, 84340898, 171023574, 191988092, 6004240, 141975672, 182382331, 60169248, 48856296, 212556591, 125285908, 98653799, 112007566, 217452140, 5555922, 45744348, 73503130, 161775644, 220445681, 117347905, 167087389, 192827476, 136018156, 131109619, 167837843, 182240958, 8391516, 229586495, 213735879, 97850511, 183893057, 194165031, 214936839, 224240891, 154115694, 138837282, 248682662, 216393363, 68549987, 232222394, 1476246, 151179556, 23831083, 67522189, 37046337, 30331306, 30809804, 25267365, 33628761, 120843493, 60323715, 141937992, 214517939, 159351707, 225092483, 171806910, 228378040, 237812772, 195871251, 232599126, 115928926, 25880720, 233547739, 79062916, 120031929, 5451477, 118842180]
[239554898, 105465088, 218365829, 203396497, 217698719, 109346344, 97770307, 148322777, 40290812, 53317582, 37400546, 22010658, 175723653, 165222218, 73768585, 222361649, 122267290, 183229434, 110253602, 236404051, 84153860, 126893068, 26600584, 13761399, 219667882, 217646206, 241830177, 9876773, 529557, 31049115, 177676138, 69558821, 243714980, 122743854, 104370347, 60772675, 122493426, 211212441, 84340898, 171023574, 191988092, 6004240, 141975672, 182382331, 60169248, 48856296, 212556591, 125285908, 98653799, 112007566, 217452140, 5555922, 45744348, 73503130, 161775644, 220445681, 117347905, 167087389, 192827476, 136018156, 131109619, 167837843, 182240958, 8391516, 229586495, 213735879, 97850511, 183893057, 194165031, 214936839, 224240891, 154115694, 138837282, 248682662, 216393363, 68549987, 232222394, 1476246, 151179556, 23831083, 67522189, 37046337, 30331306, 30809804, 25267365, 33628761, 120843493, 60323715, 141937992, 214517939, 159351707, 225092483, 171806910, 14044454, 242868175, 51611021, 103323002, 82673646, 209696386, 64140981, 23457858, 140138251, 141779865, 182307221]
[239554898, 105465088, 218365829, 203396497, 217698719, 109346344, 97770307, 148322777, 40290812, 53317582, 37400546, 22010658, 175723653, 165222218, 73768585, 222361649, 122267290, 183229434, 110253602, 236404051, 84153860, 126893068, 26600584, 13761399, 219667882, 217646206, 241830177, 9876773, 529557, 31049115, 177676138, 69558821, 243714980, 122743854, 104370347, 60772675, 122493426, 211212441, 84340898, 171023574, 191988092, 6004240, 141975672, 182382331, 60169248, 48856296, 212556591, 125285908, 98653799, 112007566, 217452140, 5555922, 45744348, 73503130, 161775644, 220445681, 117347905, 167087389, 192827476, 136018156, 131109619, 167837843, 182240958, 8391516, 229586495, 213735879, 97850511, 183893057, 194165031, 214936839, 224240891, 154115694, 138837282, 248682662, 216393363, 68549987, 232222394, 1476246, 151179556, 23831083, 186875312, 15363865, 148894419, 175412006, 162336783, 220767862, 257334, 2980324, 159935775, 57531261, 2110292, 132842143, 175445337, 208157644, 106313498, 58436595, 204201831, 112556371, 168238451, 108766420, 75799659, 143053539, 13205287, 248046902]
[239554898, 105465088, 218365829, 203396497, 217698719, 109346344, 97770307, 148322777, 40290812, 53317582, 37400546, 22010658, 175723653, 165222218, 73768585, 222361649, 122267290, 183229434, 110253602, 236404051, 84153860, 126893068, 26600584, 13761399, 219667882, 217646206, 241830177, 9876773, 529557, 31049115, 177676138, 69558821, 243714980, 122743854, 104370347, 60772675, 122493426, 211212441, 84340898, 171023574, 191988092, 6004240, 141975672, 182382331, 60169248, 48856296, 212556591, 125285908, 98653799, 112007566, 217452140, 5555922, 45744348, 73503130, 161775644, 220445681, 117347905, 167087389, 192827476, 136018156, 131109619, 167837843, 182240958, 8391516, 229586495, 213735879, 97850511, 183893057, 194165031, 214936839, 224240891, 154115694, 138837282, 248682662, 216393363, 68549987, 232222394, 1476246, 151179556, 23831083, 67522189, 37046337, 30331306, 30809804, 180069300, 109853152, 142626223, 133024700, 213505916, 123561113, 138092197, 82592552, 175310019, 103121523, 23245329, 29484858, 144073463, 104990896, 201160449, 150056184, 82203034, 164687435, 71884037, 193093041]
[239554898, 105465088, 218365829, 203396497, 217698719, 109346344, 97770307, 148322777, 40290812, 53317582, 37400546, 22010658, 175723653, 165222218, 73768585, 222361649, 122267290, 183229434, 110253602, 236404051, 84153860, 126893068, 26600584, 13761399, 219667882, 217646206, 241830177, 9876773, 529557, 31049115, 177676138, 69558821, 243714980, 122743854, 104370347, 60772675, 122493426, 211212441, 84340898, 171023574, 191988092, 6004240, 141975672, 182382331, 60169248, 48856296, 212556591, 125285908, 98653799, 112007566, 217452140, 5555922, 45744348, 73503130, 161775644, 220445681, 117347905, 167087389, 192827476, 136018156, 131109619, 167837843, 182240958, 8391516, 229586495, 213735879, 97850511, 183893057, 194165031, 214936839, 224240891, 154115694, 138837282, 248682662, 216393363, 68549987, 232222394, 1476246, 151179556, 23831083, 67522189, 37046337, 30331306, 30809804, 25267365, 33628761, 120843493, 60323715, 141937992, 214517939, 159351707, 225092483, 171806910, 14044454, 242868175, 51611021, 103323002, 82673646, 209696386, 168223732, 190658279, 26973833, 169384447, 230865494]
[239554898, 105465088, 218365829, 203396497, 217698719, 109346344, 97770307, 148322777, 40290812, 53317582, 37400546, 22010658, 175723653, 165222218, 73768585, 222361649, 122267290, 183229434, 110253602, 236404051, 84153860, 126893068, 26600584, 13761399, 219667882, 217646206, 241830177, 9876773, 529557, 31049115, 177676138, 69558821, 243714980, 122743854, 104370347, 60772675, 122493426, 211212441, 84340898, 171023574, 191988092, 6004240, 141975672, 182382331, 60169248, 48856296, 212556591, 125285908, 98653799, 112007566, 217452140, 5555922, 45744348, 73503130, 161775644, 220445681, 117347905, 167087389, 192827476, 16949894, 154797606, 31554297, 227448688, 27607733, 7853203, 140242752, 68768893, 164110998, 12898830, 247773033, 204652173, 205971979, 68424825, 160403798, 117872922, 90131011, 162593568, 230345226, 44376985, 76933, 101975899, 156083460, 117175685, 142997913, 127523190, 24591345, 117503723, 97783181, 232447133, 220089946, 187459639, 30472219, 112344281, 2226099, 236412168, 40502974, 17697905, 409669, 29944020, 163562593, 32459029, 126158147, 103915606, 182681036]
[239554898, 105465088, 218365829, 203396497, 217698719, 109346344, 97770307, 148322777, 40290812, 53317582, 37400546, 22010658, 175723653, 165222218, 73768585, 222361649, 122267290, 183229434, 110253602, 236404051, 84153860, 126893068, 26600584, 13761399, 219667882, 217646206, 241830177, 9876773, 529557, 31049115, 177676138, 69558821, 243714980, 122743854, 104370347, 60772675, 122493426, 211212441, 84340898, 171023574, 191988092, 6004240, 141975672, 182382331, 60169248, 48856296, 212556591, 125285908, 98653799, 112007566, 217452140, 5555922, 45744348, 73503130, 161775644, 220445681, 117347905, 167087389, 192827476, 136018156, 131109619, 167837843, 182240958, 8391516, 229586495, 213735879, 97850511, 183893057, 194165031, 214936839, 224240891, 154115694, 138837282, 248682662, 216393363, 68549987, 232222394, 1476246, 151179556, 23831083, 186875312, 15363865, 148894419, 175412006, 162336783, 220767862, 257334, 2980324, 159935775, 57531261, 2110292, 132842143, 180764072, 146670478, 29426298, 138117769, 124771713, 173506613, 27461156, 95779946, 94328152, 170564241, 228145215, 28699859]
[239554898, 105465088, 218365829, 203396497, 217698719, 109346344, 97770307, 148322777, 40290812, 53317582, 37400546, 22010658, 175723653, 165222218, 73768585, 222361649, 122267290, 183229434, 110253602, 236404051, 84153860, 126893068, 26600584, 13761399, 219667882, 217646206, 241830177, 9876773, 529557, 31049115, 177676138, 69558821, 243714980, 122743854, 104370347, 60772675, 122493426, 211212441, 84340898, 171023574, 191988092, 6004240, 141975672, 182382331, 60169248, 48856296, 212556591, 125285908, 98653799, 112007566, 217452140, 5555922, 45744348, 73503130, 161775644, 220445681, 117347905, 167087389, 192827476, 136018156, 131109619, 167837843, 182240958, 8391516, 229586495, 213735879, 97850511, 183893057, 194165031, 214936839, 224240891, 154115694, 138837282, 248682662, 216393363, 68549987, 232222394, 1476246, 151179556, 23831083, 67522189, 37046337, 30331306, 30809804, 180069300, 32947905, 92433975, 10504298, 97570684, 135634069, 114736754, 44605410, 48138700, 146004529, 33870450, 153772956, 85229674, 57394436, 170809433, 154526405, 70021265, 110901335, 37149731, 237214575]
[239554898, 105465088, 218365829, 203396497, 217698719, 109346344, 97770307, 148322777, 40290812, 53317582, 37400546, 22010658, 175723653, 165222218, 73768585, 222361649, 122267290, 183229434, 110253602, 236404051, 84153860, 126893068, 26600584, 13761399, 219667882, 217646206, 241830177, 9876773, 529557, 31049115, 177676138, 69558821, 243714980, 122743854, 104370347, 60772675, 122493426, 211212441, 84340898, 171023574, 191988092, 6004240, 141975672, 182382331, 60169248, 48856296, 212556591, 125285908, 98653799, 112007566, 217452140, 5555922, 45744348, 73503130, 161775644, 220445681, 117347905, 167087389, 192827476, 136018156, 131109619, 167837843, 182240958, 8391516, 229586495, 213735879, 97850511, 183893057, 194165031, 214936839, 224240891, 154115694, 138837282, 248682662, 216393363, 68549987, 232222394, 1476246, 151179556, 23831083, 67522189, 37046337, 30331306, 30809804, 25267365, 236085028, 54752257, 31154509, 112833706, 2456493, 157810119, 226487189, 199590539, 468094, 2905358, 155156672, 66275301, 26495847, 132787066, 148377493, 79235585, 150628983, 95517698, 163367294]
[239554898, 105465088, 218365829, 203396497, 217698719, 109346344, 97770307, 148322777, 40290812, 53317582, 37400546, 22010658, 175723653, 165222218, 73768585, 222361649, 122267290, 183229434, 110253602, 236404051, 84153860, 126893068, 26600584, 13761399, 219667882, 217646206, 241830177, 9876773, 529557, 31049115, 177676138, 69558821, 243714980, 122743854, 104370347, 60772675, 122493426, 211212441, 84340898, 171023574, 191988092, 6004240, 141975672, 182382331, 60169248, 48856296, 212556591, 125285908, 98653799, 112007566, 217452140, 5555922, 45744348, 73503130, 161775644, 220445681, 117347905, 167087389, 192827476, 136018156, 131109619, 167837843, 182240958, 8391516, 229586495, 213735879, 97850511, 183893057, 194165031, 214936839, 224240891, 154115694, 138837282, 248682662, 216393363, 68549987, 232222394, 1476246, 151179556, 23831083, 67522189, 37046337, 30331306, 30809804, 25267365, 33628761, 120843493, 60323715, 141937992, 214517939, 159351707, 225092483, 171806910, 180015946, 114838391, 74579433, 107756521, 69291096, 219891302, 84132165, 242640258, 35282586, 99332076, 93391234]
[239554898, 105465088, 218365829, 203396497, 217698719, 109346344, 97770307, 148322777, 40290812, 53317582, 37400546, 22010658, 175723653, 165222218, 73768585, 222361649, 122267290, 183229434, 110253602, 236404051, 84153860, 126893068, 26600584, 13761399, 219667882, 217646206, 241830177, 9876773, 529557, 31049115, 177676138, 69558821, 243714980, 122743854, 104370347, 60772675, 122493426, 211212441, 84340898, 171023574, 191988092, 6004240, 141975672, 182382331, 60169248, 48856296, 212556591, 125285908, 98653799, 112007566, 217452140, 5555922, 45744348, 73503130, 161775644, 220445681, 117347905, 167087389, 192827476, 136018156, 131109619, 167837843, 182240958, 8391516, 229586495, 213735879, 97850511, 183893057, 194165031, 214936839, 224240891, 154115694, 138837282, 248682662, 216393363, 68549987, 232222394, 1476246, 151179556, 23831083, 186875312, 15363865, 148894419, 175412006, 162336783, 220767862, 257334, 2980324, 159935775, 57531261, 2110292, 132842143, 63114250, 213032620, 38717631, 248261742, 186829643, 117770311, 128697965, 224230569, 187147321, 90906064, 52518727, 204846069]
[239554898, 105465088, 218365829, 203396497, 217698719, 109346344, 97770307, 148322777, 40290812, 53317582, 37400546, 22010658, 175723653, 165222218, 73768585, 222361649, 122267290, 183229434, 110253602, 236404051, 84153860, 126893068, 26600584, 13761399, 219667882, 217646206, 241830177, 9876773, 529557, 31049115, 177676138, 69558821, 243714980, 122743854, 104370347, 60772675, 122493426, 211212441, 84340898, 171023574, 191988092, 6004240, 141975672, 182382331, 60169248, 48856296, 212556591, 125285908, 98653799, 112007566, 217452140, 5555922, 45744348, 73503130, 161775644, 220445681, 117347905, 167087389, 192827476, 136018156, 131109619, 167837843, 182240958, 8391516, 229586495, 213735879, 97850511, 183893057, 194165031, 214936839, 224240891, 154115694, 138837282, 248682662, 216393363, 68549987, 232222394, 1476246, 151179556, 23831083, 67522189, 37046337, 30331306, 30809804, 180069300, 109853152, 142626223, 133024700, 117964535, 146059510, 67770928, 76232463, 91833605, 163571838, 57833901, 132943840, 64896011, 68798743, 12764922, 195508073, 197662363, 107950027, 163567077, 58744068]
[239554898, 105465088, 218365829, 203396497, 217698719, 109346344, 97770307, 148322777, 40290812, 53317582, 37400546, 22010658, 175723653, 165222218, 73768585, 222361649, 122267290, 183229434, 110253602, 236404051, 84153860, 126893068, 26600584, 13761399, 219667882, 217646206, 241830177, 9876773, 529557, 31049115, 177676138, 69558821, 243714980, 122743854, 104370347, 60772675, 122493426, 211212441, 84340898, 171023574, 191988092, 6004240, 141975672, 182382331, 60169248, 48856296, 212556591, 125285908, 98653799, 112007566, 217452140, 5555922, 45744348, 73503130, 161775644, 220445681, 117347905, 167087389, 192827476, 136018156, 131109619, 167837843, 182240958, 8391516, 229586495, 213735879, 97850511, 183893057, 194165031, 214936839, 224240891, 154115694, 138837282, 248682662, 216393363, 68549987, 232222394, 1476246, 151179556, 23831083, 67522189, 37046337, 30331306, 30809804, 180069300, 109853152, 142626223, 133024700, 117964535, 146059510, 57098611, 91433257, 38568678, 195314443, 163790292, 127761125, 225106931, 29410280, 43751155, 15093768, 156355356, 3484158, 162198704, 106245603]
[239554898, 105465088, 218365829, 203396497, 217698719, 109346344, 97770307, 148322777, 40290812, 53317582, 37400546, 22010658, 175723653, 165222218, 73768585, 222361649, 122267290, 183229434, 110253602, 236404051, 84153860, 126893068, 26600584, 13761399, 219667882, 217646206, 241830177, 9876773, 529557, 31049115, 177676138, 69558821, 243714980, 122743854, 104370347, 60772675, 122493426, 211212441, 84340898, 171023574, 191988092, 6004240, 141975672, 182382331, 60169248, 48856296, 212556591, 125285908, 98653799, 112007566, 217452140, 5555922, 45744348, 73503130, 161775644, 220445681, 117347905, 167087389, 192827476, 136018156, 131109619, 167837843, 182240958, 8391516, 229586495, 213735879, 97850511, 183893057, 194165031, 214936839, 224240891, 154115694, 138837282, 248682662, 216393363, 68549987, 232222394, 1476246, 151179556, 23831083, 67522189, 37046337, 30331306, 30809804, 25267365, 236085028, 54752257, 31154509, 112833706, 2456493, 157810119, 226487189, 246327151, 107864561, 54224376, 208770211, 220726170, 111704643, 52509029, 4370448, 234418943, 68859846, 216650127, 98263706]
[239554898, 105465088, 218365829, 203396497, 217698719, 109346344, 97770307, 148322777, 40290812, 53317582, 37400546, 22010658, 175723653, 165222218, 73768585, 222361649, 122267290, 183229434, 110253602, 236404051, 84153860, 126893068, 26600584, 13761399, 219667882, 217646206, 241830177, 9876773, 529557, 31049115, 177676138, 69558821, 243714980, 122743854, 104370347, 60772675, 122493426, 211212441, 84340898, 171023574, 191988092, 6004240, 141975672, 182382331, 60169248, 48856296, 212556591, 125285908, 98653799, 112007566, 217452140, 5555922, 45744348, 73503130, 161775644, 220445681, 117347905, 167087389, 192827476, 136018156, 131109619, 167837843, 182240958, 8391516, 229586495, 213735879, 97850511, 183893057, 194165031, 214936839, 224240891, 154115694, 138837282, 248682662, 216393363, 68549987, 232222394, 1476246, 151179556, 23831083, 67522189, 37046337, 143879866, 123729297, 235762465, 220063132, 92098001, 139677268, 100353505, 130245573, 160206283, 134489364, 140612711, 49354014, 223252961, 71560665, 128536351, 187425481, 127820885, 49206390, 163524568, 180386481, 159987700, 111508065]
[239554898, 105465088, 218365829, 203396497, 217698719, 109346344, 97770307, 148322777, 40290812, 53317582, 37400546, 22010658, 175723653, 165222218, 73768585, 222361649, 122267290, 183229434, 110253602, 236404051, 84153860, 126893068, 26600584, 13761399, 219667882, 217646206, 241830177, 9876773, 529557, 31049115, 177676138, 69558821, 243714980, 122743854, 104370347, 60772675, 122493426, 211212441, 84340898, 171023574, 191988092, 6004240, 141975672, 182382331, 60169248, 48856296, 212556591, 125285908, 98653799, 112007566, 217452140, 5555922, 45744348, 73503130, 161775644, 220445681, 117347905, 167087389, 192827476, 136018156, 131109619, 167837843, 182240958, 8391516, 229586495, 213735879, 97850511, 183893057, 194165031, 214936839, 224240891, 154115694, 138837282, 248682662, 216393363, 68549987, 232222394, 1476246, 151179556, 23831083, 67522189, 37046337, 30331306, 30809804, 180069300, 109853152, 142626223, 133024700, 213505916, 123561113, 138092197, 82592552, 175310019, 103121523, 23245329, 29484858, 144073463, 104990896, 201160449, 150056184, 1384566, 193317298, 163006192, 31991427]
[239554898, 105465088, 218365829, 203396497, 217698719, 109346344, 97770307, 148322777, 40290812, 53317582, 37400546, 22010658, 175723653, 165222218, 73768585, 222361649, 122267290, 183229434, 110253602, 236404051, 84153860, 126893068, 26600584, 13761399, 219667882, 217646206, 241830177, 9876773, 529557, 31049115, 177676138, 69558821, 243714980, 122743854, 104370347, 60772675, 122493426, 211212441, 84340898, 171023574, 191988092, 6004240, 141975672, 182382331, 60169248, 48856296, 212556591, 125285908, 98653799, 112007566, 217452140, 5555922, 45744348, 73503130, 161775644, 220445681, 117347905, 167087389, 192827476, 136018156, 131109619, 167837843, 182240958, 8391516, 229586495, 213735879, 97850511, 183893057, 194165031, 214936839, 224240891, 154115694, 138837282, 248682662, 216393363, 68549987, 232222394, 1476246, 151179556, 23831083, 67522189, 37046337, 30331306, 30809804, 25267365, 33628761, 120843493, 60323715, 161552165, 45948928, 156724531, 189656957, 96043887, 210101002, 72206643, 198507616, 71170187, 176629760, 202485127, 34984140, 117923073, 228983757, 50889631, 29010087]
[239554898, 105465088, 218365829, 203396497, 217698719, 109346344, 97770307, 148322777, 40290812, 53317582, 37400546, 22010658, 175723653, 165222218, 73768585, 222361649, 122267290, 183229434, 110253602, 236404051, 84153860, 126893068, 26600584, 13761399, 219667882, 217646206, 241830177, 9876773, 529557, 31049115, 177676138, 69558821, 243714980, 122743854, 104370347, 60772675, 122493426, 211212441, 84340898, 171023574, 191988092, 6004240, 141975672, 182382331, 60169248, 48856296, 212556591, 125285908, 98653799, 112007566, 217452140, 5555922, 45744348, 73503130, 161775644, 220445681, 117347905, 167087389, 192827476, 136018156, 131109619, 167837843, 182240958, 8391516, 229586495, 213735879, 97850511, 183893057, 194165031, 214936839, 224240891, 154115694, 138837282, 248682662, 216393363, 68549987, 232222394, 1476246, 151179556, 23831083, 67522189, 37046337, 30331306, 30809804, 180069300, 109853152, 142626223, 133024700, 213505916, 123561113, 138092197, 82592552, 175310019, 103121523, 23245329, 29484858, 144073463, 104990896, 201160449, 150056184, 1083072, 70741010, 139666237, 248332947]
[239554898, 105465088, 218365829, 203396497, 217698719, 109346344, 97770307, 148322777, 40290812, 53317582, 37400546, 22010658, 175723653, 165222218, 73768585, 222361649, 122267290, 183229434, 110253602, 236404051, 84153860, 126893068, 26600584, 13761399, 219667882, 217646206, 241830177, 9876773, 529557, 31049115, 177676138, 69558821, 243714980, 122743854, 104370347, 60772675, 122493426, 211212441, 84340898, 171023574, 191988092, 6004240, 141975672, 182382331, 60169248, 48856296, 212556591, 125285908, 98653799, 112007566, 217452140, 5555922, 45744348, 73503130, 161775644, 220445681, 117347905, 167087389, 192827476, 136018156, 131109619, 167837843, 182240958, 8391516, 229586495, 213735879, 97850511, 183893057, 194165031, 214936839, 224240891, 154115694, 138837282, 248682662, 216393363, 68549987, 232222394, 1476246, 151179556, 23831083, 67522189, 37046337, 30331306, 30809804, 180069300, 109853152, 142626223, 133024700, 117964535, 146059510, 67770928, 76232463, 91833605, 163571838, 57833901, 195748756, 118062300, 177267363, 126437427, 221249134, 167770073, 121699354, 154650700, 26096090]
[239554898, 105465088, 218365829, 203396497, 217698719, 109346344, 97770307, 148322777, 40290812, 53317582, 37400546, 22010658, 175723653, 165222218, 73768585, 222361649, 122267290, 183229434, 110253602, 236404051, 84153860, 126893068, 26600584, 13761399, 219667882, 217646206, 241830177, 9876773, 529557, 31049115, 177676138, 69558821, 243714980, 122743854, 104370347, 60772675, 122493426, 211212441, 84340898, 171023574, 191988092, 6004240, 141975672, 182382331, 60169248, 48856296, 212556591, 125285908, 98653799, 112007566, 217452140, 5555922, 45744348, 73503130, 161775644, 220445681, 117347905, 167087389, 192827476, 30322964, 129797693, 162069456, 20098438, 175458121, 154340491, 200438724, 50980885, 218284050, 35865695, 35960691, 173099041, 248672976, 217120534, 97773753, 5693530, 103311836, 7361823, 87771202, 105809505, 22382340, 39666005, 110445834, 30069573, 167718405, 148353367, 35952887, 18398126, 131689514, 87282603, 71592258, 19510767, 36981584, 169901166, 6993812, 97074571, 245927872, 37113438, 55892894, 8993408, 114807978, 27366176, 161953613, 138713712, 6691147]
[239554898, 105465088, 218365829, 203396497, 217698719, 109346344, 97770307, 148322777, 40290812, 53317582, 37400546, 22010658, 175723653, 165222218, 73768585, 222361649, 122267290, 183229434, 110253602, 236404051, 84153860, 126893068, 26600584, 13761399, 219667882, 217646206, 241830177, 9876773, 529557, 31049115, 177676138, 69558821, 243714980, 122743854, 104370347, 60772675, 122493426, 211212441, 84340898, 171023574, 191988092, 6004240, 141975672, 182382331, 60169248, 48856296, 212556591, 125285908, 98653799, 112007566, 217452140, 5555922, 45744348, 73503130, 161775644, 220445681, 117347905, 167087389, 192827476, 136018156, 131109619, 167837843, 182240958, 8391516, 229586495, 213735879, 97850511, 183893057, 194165031, 214936839, 224240891, 154115694, 138837282, 248682662, 216393363, 68549987, 232222394, 1476246, 151179556, 23831083, 67522189, 37046337, 30331306, 30809804, 25267365, 33628761, 120843493, 60323715, 141937992, 214517939, 159351707, 225092483, 171806910, 228378040, 237812772, 201916728, 165088190, 120809138, 213070510, 89359926, 175922600, 60520486, 12869043, 64805305]
[239554898, 105465088, 218365829, 203396497, 217698719, 109346344, 97770307, 148322777, 40290812, 53317582, 37400546, 22010658, 175723653, 165222218, 73768585, 222361649, 122267290, 183229434, 110253602, 236404051, 84153860, 126893068, 26600584, 13761399, 219667882, 217646206, 241830177, 9876773, 529557, 31049115, 177676138, 69558821, 243714980, 122743854, 104370347, 60772675, 122493426, 211212441, 84340898, 171023574, 191988092, 6004240, 141975672, 182382331, 60169248, 48856296, 212556591, 125285908, 98653799, 112007566, 217452140, 5555922, 45744348, 73503130, 161775644, 220445681, 117347905, 167087389, 192827476, 30322964, 129797693, 162069456, 20098438, 175458121, 154340491, 200438724, 50980885, 218284050, 35865695, 35960691, 173099041, 248672976, 217120534, 97773753, 5693530, 103311836, 7361823, 87771202, 105809505, 22382340, 39666005, 202644599, 8269985, 227419249, 183354607, 194933427, 13040324, 200577707, 182868465, 214988932, 217080839, 134840078, 12674506, 208612539, 139323692, 133772898, 238513799, 233481989, 111585616, 208735619, 79241659, 5796115, 120730388, 240540386]
[239554898, 105465088, 218365829, 203396497, 217698719, 109346344, 97770307, 148322777, 40290812, 53317582, 37400546, 22010658, 175723653, 165222218, 73768585, 222361649, 122267290, 183229434, 110253602, 236404051, 84153860, 126893068, 26600584, 13761399, 219667882, 217646206, 241830177, 9876773, 529557, 31049115, 177676138, 69558821, 243714980, 122743854, 104370347, 60772675, 122493426, 211212441, 84340898, 171023574, 191988092, 6004240, 141975672, 182382331, 60169248, 48856296, 212556591, 125285908, 98653799, 112007566, 217452140, 5555922, 45744348, 73503130, 161775644, 220445681, 117347905, 167087389, 192827476, 136018156, 131109619, 167837843, 182240958, 8391516, 229586495, 213735879, 97850511, 183893057, 194165031, 214936839, 224240891, 154115694, 138837282, 248682662, 216393363, 68549987, 232222394, 1476246, 151179556, 23831083, 67522189, 37046337, 30331306, 30809804, 180069300, 109853152, 142626223, 133024700, 117964535, 146059510, 57098611, 73333121, 129034375, 230521454, 40947847, 93560935, 99378537, 123875191, 84610236, 62593319, 125306993, 135674421, 68555424, 95565504]
[239554898, 105465088, 218365829, 203396497, 217698719, 109346344, 97770307, 148322777, 40290812, 53317582, 37400546, 22010658, 175723653, 165222218, 73768585, 222361649, 122267290, 183229434, 110253602, 236404051, 84153860, 126893068, 26600584, 13761399, 219667882, 217646206, 241830177, 9876773, 529557, 31049115, 177676138, 69558821, 243714980, 122743854, 104370347, 60772675, 122493426, 211212441, 84340898, 171023574, 191988092, 6004240, 141975672, 182382331, 60169248, 48856296, 212556591, 125285908, 98653799, 112007566, 217452140, 5555922, 45744348, 73503130, 161775644, 220445681, 117347905, 167087389, 192827476, 136018156, 131109619, 167837843, 182240958, 8391516, 229586495, 213735879, 97850511, 183893057, 194165031, 214936839, 224240891, 154115694, 138837282, 248682662, 216393363, 68549987, 232222394, 1476246, 151179556, 23831083, 67522189, 37046337, 30331306, 30809804, 25267365, 33628761, 120843493, 60323715, 141937992, 214517939, 159351707, 225092483, 171806910, 14044454, 242868175, 51611021, 239226496, 57600032, 197916919, 200763436, 240839092, 67894519, 123342345, 62484950]
[239554898, 105465088, 218365829, 203396497, 217698719, 109346344, 97770307, 148322777, 40290812, 53317582, 37400546, 22010658, 175723653, 165222218, 73768585, 222361649, 122267290, 183229434, 110253602, 236404051, 84153860, 126893068, 26600584, 13761399, 219667882, 217646206, 241830177, 9876773, 529557, 31049115, 177676138, 69558821, 243714980, 122743854, 104370347, 60772675, 122493426, 211212441, 84340898, 171023574, 191988092, 6004240, 141975672, 182382331, 60169248, 48856296, 212556591, 125285908, 98653799, 112007566, 217452140, 5555922, 45744348, 73503130, 161775644, 220445681, 117347905, 167087389, 192827476, 136018156, 131109619, 167837843, 182240958, 8391516, 229586495, 213735879, 97850511, 183893057, 194165031, 214936839, 224240891, 154115694, 138837282, 248682662, 216393363, 68549987, 232222394, 1476246, 151179556, 23831083, 67522189, 37046337, 30331306, 30809804, 180069300, 109853152, 142626223, 133024700, 117964535, 146059510, 57098611, 91433257, 38568678, 195314443, 163790292, 132089438, 135535892, 54485142, 175395672, 126926272, 28309940, 147456679, 97631284, 121855857]
[239554898, 105465088, 218365829, 203396497, 217698719, 109346344, 97770307, 148322777, 40290812, 53317582, 37400546, 22010658, 175723653, 165222218, 73768585, 222361649, 122267290, 183229434, 110253602, 236404051, 84153860, 126893068, 26600584, 13761399, 219667882, 217646206, 241830177, 9876773, 529557, 31049115, 177676138, 69558821, 243714980, 122743854, 104370347, 60772675, 122493426, 211212441, 84340898, 171023574, 191988092, 6004240, 141975672, 182382331, 60169248, 48856296, 212556591, 125285908, 98653799, 112007566, 217452140, 5555922, 45744348, 73503130, 161775644, 220445681, 117347905, 167087389, 192827476, 136018156, 131109619, 167837843, 182240958, 8391516, 229586495, 213735879, 97850511, 183893057, 194165031, 214936839, 224240891, 154115694, 138837282, 248682662, 216393363, 68549987, 232222394, 1476246, 151179556, 23831083, 186875312, 15363865, 148894419, 175412006, 162336783, 220767862, 257334, 2980324, 159935775, 57531261, 2110292, 132842143, 63114250, 213032620, 38717631, 248261742, 48707030, 206601718, 173305872, 115244695, 100472355, 63661553, 111180549, 79545085]
[239554898, 105465088, 218365829, 203396497, 217698719, 109346344, 97770307, 148322777, 40290812, 53317582, 37400546, 22010658, 175723653, 165222218, 73768585, 222361649, 122267290, 183229434, 110253602, 236404051, 84153860, 126893068, 26600584, 13761399, 219667882, 217646206, 241830177, 9876773, 529557, 31049115, 177676138, 69558821, 243714980, 122743854, 104370347, 60772675, 122493426, 211212441, 84340898, 171023574, 191988092, 6004240, 141975672, 182382331, 60169248, 48856296, 212556591, 125285908, 98653799, 112007566, 217452140, 5555922, 45744348, 73503130, 161775644, 220445681, 117347905, 167087389, 192827476, 136018156, 131109619, 167837843, 182240958, 8391516, 229586495, 213735879, 97850511, 183893057, 194165031, 214936839, 224240891, 154115694, 138837282, 248682662, 216393363, 68549987, 232222394, 1476246, 151179556, 23831083, 67522189, 37046337, 30331306, 30809804, 180069300, 109853152, 142626223, 133024700, 117964535, 146059510, 57098611, 73333121, 165472275, 247574085, 38256730, 108458298, 17314258, 63296127, 171026776, 200092087, 13040316, 232034823, 21512674, 12367495]
[239554898, 105465088, 218365829, 203396497, 217698719, 109346344, 97770307, 148322777, 40290812, 53317582, 37400546, 22010658, 175723653, 165222218, 73768585, 222361649, 122267290, 183229434, 110253602, 236404051, 84153860, 126893068, 26600584, 13761399, 219667882, 217646206, 241830177, 9876773, 529557, 31049115, 177676138, 69558821, 243714980, 122743854, 104370347, 60772675, 122493426, 211212441, 84340898, 171023574, 191988092, 6004240, 141975672, 182382331, 60169248, 48856296, 212556591, 125285908, 98653799, 112007566, 217452140, 5555922, 45744348, 73503130, 161775644, 220445681, 117347905, 167087389, 192827476, 136018156, 131109619, 167837843, 182240958, 8391516, 229586495, 213735879, 97850511, 183893057, 194165031, 214936839, 224240891, 154115694, 138837282, 248682662, 216393363, 68549987, 232222394, 1476246, 151179556, 23831083, 67522189, 37046337, 30331306, 30809804, 180069300, 109853152, 142626223, 133024700, 213505916, 145828056, 36192707, 210076901, 18631466, 66249244, 106394530, 98937705, 22280856, 163202874, 204524707, 189094519, 66556174, 141843085, 215636366, 125288078]
[239554898, 105465088, 218365829, 203396497, 217698719, 109346344, 97770307, 148322777, 40290812, 53317582, 37400546, 22010658, 175723653, 165222218, 73768585, 222361649, 122267290, 183229434, 110253602, 236404051, 84153860, 126893068, 26600584, 13761399, 219667882, 217646206, 241830177, 9876773, 529557, 31049115, 177676138, 69558821, 243714980, 122743854, 104370347, 60772675, 122493426, 211212441, 84340898, 171023574, 191988092, 6004240, 141975672, 182382331, 60169248, 48856296, 212556591, 125285908, 98653799, 112007566, 217452140, 5555922, 45744348, 73503130, 161775644, 220445681, 117347905, 167087389, 192827476, 136018156, 131109619, 167837843, 162545458, 245820378, 4853377, 55392287, 248891722, 32733621, 71727774, 225195080, 201324543, 34312265, 39100293, 133803066, 90892828, 220852176, 169851497, 168728864, 73477006, 109968340, 47116740, 219180894, 211734449, 66595817, 198442692, 159037940, 68890658, 135829231, 232447600, 4203396, 216609601, 18684019, 121006978, 53216250, 240285050, 2528561, 232671128, 214853994, 180048714, 108550619, 128166509, 207735242, 158138084, 210239004]
[239554898, 105465088, 218365829, 203396497, 217698719, 109346344, 97770307, 148322777, 40290812, 53317582, 37400546, 22010658, 175723653, 165222218, 73768585, 222361649, 122267290, 183229434, 110253602, 236404051, 84153860, 126893068, 26600584, 13761399, 219667882, 217646206, 241830177, 9876773, 529557, 31049115, 177676138, 69558821, 243714980, 122743854, 104370347, 60772675, 122493426, 211212441, 84340898, 171023574, 191988092, 6004240, 141975672, 182382331, 60169248, 48856296, 212556591, 125285908, 98653799, 112007566, 217452140, 5555922, 45744348, 73503130, 161775644, 220445681, 117347905, 167087389, 192827476, 136018156, 131109619, 167837843, 182240958, 8391516, 229586495, 213735879, 97850511, 183893057, 194165031, 214936839, 224240891, 154115694, 138837282, 248682662, 216393363, 68549987, 232222394, 1476246, 151179556, 23831083, 67522189, 37046337, 30331306, 30809804, 180069300, 109853152, 142626223, 133024700, 213505916, 145828056, 36192707, 210076901, 18631466, 66249244, 106394530, 98937705, 62076670, 149131071, 129795181, 86924942, 18011731, 152075584, 238618814, 240999067]
[239554898, 105465088, 218365829, 203396497, 217698719, 109346344, 97770307, 148322777, 40290812, 53317582, 37400546, 22010658, 175723653, 165222218, 73768585, 222361649, 122267290, 183229434, 110253602, 236404051, 84153860, 126893068, 26600584, 13761399, 219667882, 217646206, 241830177, 9876773, 529557, 31049115, 177676138, 69558821, 243714980, 122743854, 104370347, 60772675, 122493426, 211212441, 84340898, 171023574, 191988092, 6004240, 141975672, 182382331, 60169248, 48856296, 212556591, 125285908, 98653799, 112007566, 217452140, 5555922, 45744348, 73503130, 161775644, 220445681, 117347905, 167087389, 192827476, 136018156, 131109619, 167837843, 182240958, 8391516, 229586495, 213735879, 97850511, 183893057, 194165031, 214936839, 224240891, 154115694, 138837282, 248682662, 216393363, 68549987, 232222394, 1476246, 151179556, 23831083, 186875312, 15363865, 148894419, 175412006, 162336783, 220767862, 257334, 2980324, 159935775, 57531261, 2110292, 132842143, 175445337, 201022537, 167541671, 86486951, 187990254, 191073159, 61762042, 66122054, 7703113, 184682235, 153707927, 142828405]
[239554898, 105465088, 218365829, 203396497, 217698719, 109346344, 97770307, 148322777, 40290812, 53317582, 37400546, 22010658, 175723653, 165222218, 73768585, 222361649, 122267290, 183229434, 110253602, 236404051, 84153860, 126893068, 26600584, 13761399, 219667882, 217646206, 241830177, 9876773, 529557, 31049115, 177676138, 69558821, 243714980, 122743854, 104370347, 60772675, 122493426, 211212441, 84340898, 171023574, 191988092, 6004240, 141975672, 182382331, 60169248, 48856296, 212556591, 125285908, 98653799, 112007566, 217452140, 5555922, 45744348, 73503130, 161775644, 220445681, 117347905, 167087389, 192827476, 136018156, 131109619, 167837843, 182240958, 8391516, 229586495, 213735879, 97850511, 183893057, 194165031, 214936839, 224240891, 154115694, 138837282, 248682662, 216393363, 68549987, 232222394, 1476246, 151179556, 23831083, 67522189, 37046337, 143879866, 123729297, 235762465, 220063132, 92098001, 139677268, 100353505, 130245573, 160206283, 134489364, 140612711, 49354014, 223252961, 71560665, 128536351, 187425481, 127820885, 49206390, 163524568, 180386481, 99710780, 136914707]
[239554898, 105465088, 218365829, 203396497, 217698719, 109346344, 97770307, 148322777, 40290812, 53317582, 37400546, 22010658, 175723653, 165222218, 73768585, 222361649, 122267290, 183229434, 110253602, 236404051, 84153860, 126893068, 26600584, 13761399, 219667882, 217646206, 241830177, 9876773, 529557, 31049115, 177676138, 69558821, 243714980, 122743854, 104370347, 60772675, 122493426, 211212441, 84340898, 171023574, 191988092, 6004240, 141975672, 182382331, 60169248, 48856296, 212556591, 125285908, 98653799, 112007566, 217452140, 5555922, 45744348, 73503130, 161775644, 220445681, 117347905, 167087389, 192827476, 136018156, 131109619, 167837843, 182240958, 8391516, 229586495, 213735879, 97850511, 183893057, 194165031, 214936839, 224240891, 154115694, 138837282, 248682662, 216393363, 68549987, 232222394, 1476246, 151179556, 186122913, 60417403, 105641232, 103260047, 84908356, 81305338, 160418988, 65263081, 194339786, 204506009, 248186273, 173008625, 182670290, 29112124, 180697443, 196876595, 198617797, 217337664, 200490864, 151435112, 75147227, 165069626, 48105191, 233577297, 5285116]
[239554898, 105465088, 218365829, 203396497, 217698719, 109346344, 97770307, 148322777, 40290812, 53317582, 37400546, 22010658, 175723653, 165222218, 73768585, 222361649, 122267290, 183229434, 110253602, 236404051, 84153860, 126893068, 26600584, 13761399, 219667882, 217646206, 241830177, 9876773, 529557, 31049115, 177676138, 69558821, 243714980, 122743854, 104370347, 60772675, 122493426, 211212441, 84340898, 171023574, 191988092, 6004240, 141975672, 182382331, 60169248, 48856296, 212556591, 125285908, 98653799, 112007566, 217452140, 5555922, 45744348, 73503130, 161775644, 220445681, 117347905, 167087389, 192827476, 136018156, 131109619, 167837843, 182240958, 8391516, 229586495, 213735879, 97850511, 183893057, 194165031, 214936839, 224240891, 154115694, 138837282, 248682662, 216393363, 68549987, 232222394, 1476246, 151179556, 23831083, 67522189, 37046337, 30331306, 30809804, 25267365, 33628761, 120843493, 60323715, 141937992, 214517939, 159351707, 225092483, 171806910, 186160347, 87037788, 156577986, 29154713, 158880729, 124378290, 172483413, 10816583, 170892987, 29715829, 70793629]
[239554898, 105465088, 218365829, 203396497, 217698719, 109346344, 97770307, 148322777, 40290812, 53317582, 37400546, 22010658, 175723653, 165222218, 73768585, 222361649, 122267290, 183229434, 110253602, 236404051, 84153860, 126893068, 26600584, 13761399, 219667882, 217646206, 241830177, 9876773, 529557, 31049115, 177676138, 69558821, 243714980, 122743854, 104370347, 60772675, 122493426, 211212441, 84340898, 171023574, 191988092, 6004240, 141975672, 182382331, 60169248, 48856296, 212556591, 125285908, 98653799, 112007566, 217452140, 5555922, 45744348, 73503130, 161775644, 220445681, 117347905, 167087389, 192827476, 136018156, 131109619, 167837843, 182240958, 8391516, 229586495, 213735879, 97850511, 183893057, 194165031, 214936839, 224240891, 154115694, 138837282, 248682662, 216393363, 68549987, 232222394, 1476246, 151179556, 23831083, 186875312, 15363865, 148894419, 175412006, 162336783, 220767862, 257334, 2980324, 159935775, 57531261, 2110292, 132842143, 175445337, 3218014, 59524486, 51877899, 69471570, 194967192, 248342848, 229784929, 88255918, 114056075, 16545052, 63691775]
[239554898, 105465088, 218365829, 203396497, 217698719, 109346344, 97770307, 148322777, 40290812, 53317582, 37400546, 22010658, 175723653, 165222218, 73768585, 222361649, 122267290, 183229434, 110253602, 236404051, 84153860, 126893068, 26600584, 13761399, 219667882, 217646206, 241830177, 9876773, 529557, 31049115, 177676138, 69558821, 243714980, 122743854, 104370347, 60772675, 122493426, 211212441, 84340898, 171023574, 191988092, 6004240, 141975672, 182382331, 60169248, 48856296, 212556591, 125285908, 98653799, 112007566, 217452140, 5555922, 45744348, 73503130, 161775644, 220445681, 117347905, 167087389, 192827476, 136018156, 131109619, 167837843, 182240958, 8391516, 229586495, 213735879, 97850511, 183893057, 194165031, 214936839, 224240891, 154115694, 138837282, 248682662, 216393363, 68549987, 232222394, 1476246, 151179556, 186122913, 60417403, 105641232, 103260047, 84908356, 81305338, 160418988, 65263081, 194339786, 204506009, 248186273, 173008625, 182670290, 29112124, 180697443, 196876595, 198617797, 217337664, 200490864, 151435112, 75147227, 222281628, 147457727, 203925461, 221513580]
[239554898, 105465088, 218365829, 203396497, 217698719, 109346344, 97770307, 148322777, 40290812, 53317582, 37400546, 22010658, 175723653, 165222218, 73768585, 222361649, 122267290, 183229434, 110253602, 236404051, 84153860, 126893068, 26600584, 13761399, 219667882, 217646206, 241830177, 9876773, 529557, 31049115, 177676138, 69558821, 243714980, 122743854, 104370347, 60772675, 122493426, 211212441, 84340898, 171023574, 191988092, 6004240, 141975672, 182382331, 60169248, 48856296, 212556591, 125285908, 98653799, 112007566, 217452140, 5555922, 45744348, 73503130, 161775644, 220445681, 117347905, 167087389, 192827476, 136018156, 131109619, 167837843, 182240958, 8391516, 229586495, 213735879, 97850511, 183893057, 194165031, 214936839, 224240891, 154115694, 138837282, 248682662, 216393363, 68549987, 232222394, 1476246, 151179556, 23831083, 67522189, 37046337, 30331306, 30809804, 180069300, 109853152, 142626223, 133024700, 213505916, 145828056, 36192707, 210076901, 18631466, 66249244, 106394530, 98937705, 62076670, 211747572, 159709517, 177020859, 69774396, 59441119, 127579775, 137311077]
[239554898, 105465088, 218365829, 203396497, 217698719, 109346344, 97770307, 148322777, 40290812, 53317582, 37400546, 22010658, 175723653, 165222218, 73768585, 222361649, 122267290, 183229434, 110253602, 236404051, 84153860, 126893068, 26600584, 13761399, 219667882, 217646206, 241830177, 9876773, 529557, 31049115, 177676138, 69558821, 243714980, 122743854, 104370347, 60772675, 122493426, 211212441, 84340898, 171023574, 191988092, 6004240, 141975672, 182382331, 60169248, 48856296, 212556591, 125285908, 98653799, 112007566, 217452140, 5555922, 45744348, 73503130, 161775644, 220445681, 117347905, 167087389, 192827476, 136018156, 131109619, 167837843, 182240958, 8391516, 229586495, 213735879, 97850511, 183893057, 194165031, 214936839, 224240891, 154115694, 138837282, 248682662, 216393363, 68549987, 232222394, 1476246, 151179556, 23831083, 67522189, 37046337, 30331306, 30809804, 180069300, 109853152, 142626223, 133024700, 213505916, 123561113, 138092197, 82592552, 175310019, 103121523, 23245329, 29484858, 144073463, 104990896, 201160449, 150056184, 82203034, 75208154, 122795044, 198934077]
[239554898, 105465088, 218365829, 203396497, 217698719, 109346344, 97770307, 148322777, 40290812, 53317582, 37400546, 22010658, 175723653, 165222218, 73768585, 222361649, 122267290, 183229434, 110253602, 236404051, 84153860, 126893068, 26600584, 13761399, 219667882, 217646206, 241830177, 9876773, 529557, 31049115, 177676138, 69558821, 243714980, 122743854, 104370347, 60772675, 122493426, 211212441, 84340898, 171023574, 191988092, 6004240, 141975672, 182382331, 60169248, 48856296, 212556591, 125285908, 98653799, 112007566, 217452140, 5555922, 45744348, 73503130, 161775644, 220445681, 117347905, 167087389, 192827476, 136018156, 131109619, 167837843, 182240958, 8391516, 229586495, 213735879, 97850511, 183893057, 194165031, 214936839, 224240891, 154115694, 138837282, 248682662, 216393363, 68549987, 232222394, 1476246, 151179556, 23831083, 67522189, 37046337, 30331306, 30809804, 180069300, 109853152, 142626223, 133024700, 117964535, 146059510, 57098611, 91433257, 38568678, 195314443, 163790292, 132089438, 135535892, 188196428, 230332710, 191028672, 38742728, 191213556, 134581700, 56359378]
[239554898, 105465088, 218365829, 203396497, 217698719, 109346344, 97770307, 148322777, 40290812, 53317582, 37400546, 22010658, 175723653, 165222218, 73768585, 222361649, 122267290, 183229434, 110253602, 236404051, 84153860, 126893068, 26600584, 13761399, 219667882, 217646206, 241830177, 9876773, 529557, 31049115, 177676138, 69558821, 243714980, 122743854, 104370347, 60772675, 122493426, 211212441, 84340898, 171023574, 191988092, 6004240, 141975672, 182382331, 60169248, 48856296, 212556591, 125285908, 98653799, 112007566, 217452140, 5555922, 45744348, 73503130, 161775644, 220445681, 117347905, 167087389, 192827476, 136018156, 131109619, 167837843, 182240958, 8391516, 229586495, 213735879, 97850511, 183893057, 194165031, 214936839, 224240891, 154115694, 138837282, 248682662, 216393363, 68549987, 232222394, 1476246, 151179556, 23831083, 186875312, 15363865, 148894419, 175412006, 162336783, 220767862, 257334, 2980324, 159935775, 57531261, 2110292, 132842143, 180764072, 146670478, 29426298, 138117769, 20096346, 48591039, 36017153, 124682740, 88522563, 101444926, 26892378, 198485815]
[239554898, 105465088, 218365829, 203396497, 217698719, 109346344, 97770307, 148322777, 40290812, 53317582, 37400546, 22010658, 175723653, 165222218, 73768585, 222361649, 122267290, 183229434, 110253602, 236404051, 84153860, 126893068, 26600584, 13761399, 219667882, 217646206, 241830177, 9876773, 529557, 31049115, 177676138, 69558821, 243714980, 122743854, 104370347, 60772675, 122493426, 211212441, 84340898, 171023574, 191988092, 6004240, 141975672, 182382331, 60169248, 48856296, 212556591, 125285908, 98653799, 112007566, 217452140, 5555922, 45744348, 73503130, 161775644, 220445681, 117347905, 167087389, 192827476, 136018156, 131109619, 167837843, 182240958, 8391516, 229586495, 213735879, 97850511, 183893057, 194165031, 214936839, 224240891, 154115694, 138837282, 248682662, 216393363, 68549987, 232222394, 1476246, 151179556, 23831083, 67522189, 37046337, 30331306, 30809804, 25267365, 33628761, 120843493, 60323715, 141937992, 214517939, 159351707, 225092483, 171806910, 228378040, 237812772, 195871251, 232599126, 115928926, 25880720, 233547739, 64376752, 172186062, 197306164, 29253139]
[239554898, 105465088, 218365829, 203396497, 217698719, 109346344, 97770307, 148322777, 40290812, 53317582, 37400546, 22010658, 175723653, 165222218, 73768585, 222361649, 122267290, 183229434, 110253602, 236404051, 84153860, 126893068, 26600584, 13761399, 219667882, 217646206, 241830177, 9876773, 529557, 31049115, 177676138, 69558821, 243714980, 122743854, 104370347, 60772675, 122493426, 211212441, 84340898, 171023574, 191988092, 6004240, 141975672, 182382331, 60169248, 48856296, 212556591, 125285908, 98653799, 112007566, 217452140, 5555922, 45744348, 73503130, 161775644, 220445681, 117347905, 167087389, 192827476, 136018156, 131109619, 167837843, 182240958, 8391516, 229586495, 213735879, 97850511, 183893057, 194165031, 214936839, 224240891, 154115694, 138837282, 248682662, 216393363, 68549987, 232222394, 1476246, 151179556, 23831083, 67522189, 37046337, 30331306, 30809804, 25267365, 33628761, 120843493, 60323715, 141937992, 214517939, 159351707, 225092483, 171806910, 180015946, 114838391, 74579433, 107756521, 133954053, 148718341, 183672911, 34694093, 121437250, 118382787, 75766360]
[239554898, 105465088, 218365829, 203396497, 217698719, 109346344, 97770307, 148322777, 40290812, 53317582, 37400546, 22010658, 175723653, 165222218, 73768585, 222361649, 122267290, 183229434, 110253602, 236404051, 84153860, 126893068, 26600584, 13761399, 219667882, 217646206, 241830177, 9876773, 529557, 31049115, 177676138, 69558821, 243714980, 122743854, 104370347, 60772675, 122493426, 211212441, 84340898, 171023574, 191988092, 6004240, 141975672, 182382331, 60169248, 48856296, 212556591, 125285908, 98653799, 112007566, 217452140, 5555922, 45744348, 73503130, 161775644, 220445681, 117347905, 167087389, 192827476, 136018156, 131109619, 167837843, 182240958, 8391516, 229586495, 213735879, 97850511, 183893057, 194165031, 214936839, 224240891, 154115694, 138837282, 248682662, 216393363, 68549987, 232222394, 1476246, 151179556, 23831083, 186875312, 15363865, 148894419, 175412006, 162336783, 220767862, 257334, 140506494, 123970020, 16967665, 162188528, 9006925, 16419828, 9832030, 101231843, 242806185, 29781802, 200735027, 59894364, 135745293, 167535140, 118993457, 212718573, 96232305]
[239554898, 105465088, 218365829, 203396497, 217698719, 109346344, 97770307, 148322777, 40290812, 53317582, 37400546, 22010658, 175723653, 165222218, 73768585, 222361649, 122267290, 183229434, 110253602, 236404051, 84153860, 126893068, 26600584, 13761399, 219667882, 217646206, 241830177, 9876773, 529557, 31049115, 177676138, 69558821, 243714980, 122743854, 104370347, 60772675, 122493426, 211212441, 84340898, 171023574, 191988092, 6004240, 141975672, 182382331, 60169248, 48856296, 212556591, 125285908, 98653799, 112007566, 217452140, 5555922, 45744348, 73503130, 161775644, 220445681, 117347905, 167087389, 192827476, 136018156, 131109619, 167837843, 182240958, 8391516, 229586495, 213735879, 97850511, 183893057, 194165031, 214936839, 224240891, 154115694, 138837282, 248682662, 216393363, 68549987, 232222394, 1476246, 151179556, 23831083, 186875312, 15363865, 148894419, 175412006, 162336783, 220767862, 257334, 2980324, 159935775, 57531261, 2110292, 132842143, 175445337, 3218014, 59524486, 195873983, 134969456, 242249109, 186640499, 119914522, 218229796, 111064755, 60005088, 16396094]
[239554898, 105465088, 218365829, 203396497, 217698719, 109346344, 97770307, 148322777, 40290812, 53317582, 37400546, 22010658, 175723653, 165222218, 73768585, 222361649, 122267290, 183229434, 110253602, 236404051, 84153860, 126893068, 26600584, 13761399, 219667882, 217646206, 241830177, 9876773, 529557, 31049115, 177676138, 69558821, 243714980, 122743854, 104370347, 60772675, 122493426, 211212441, 84340898, 171023574, 191988092, 6004240, 141975672, 182382331, 60169248, 48856296, 212556591, 125285908, 98653799, 112007566, 217452140, 5555922, 45744348, 73503130, 161775644, 220445681, 117347905, 167087389, 192827476, 136018156, 131109619, 167837843, 182240958, 8391516, 229586495, 213735879, 97850511, 183893057, 194165031, 214936839, 224240891, 154115694, 138837282, 248682662, 216393363, 68549987, 232222394, 1476246, 151179556, 23831083, 67522189, 37046337, 30331306, 30809804, 25267365, 33628761, 120843493, 60323715, 141937992, 214517939, 159351707, 225092483, 171806910, 228378040, 237812772, 201916728, 165088190, 186778219, 14214200, 210875311, 56560810, 17438649, 143022157, 234203831]
[239554898, 105465088, 218365829, 203396497, 217698719, 109346344, 97770307, 148322777, 40290812, 53317582, 37400546, 22010658, 175723653, 165222218, 73768585, 222361649, 122267290, 183229434, 110253602, 236404051, 84153860, 126893068, 26600584, 13761399, 219667882, 217646206, 241830177, 9876773, 529557, 31049115, 177676138, 69558821, 243714980, 122743854, 104370347, 60772675, 122493426, 211212441, 84340898, 171023574, 191988092, 6004240, 141975672, 182382331, 60169248, 48856296, 212556591, 125285908, 98653799, 112007566, 217452140, 5555922, 45744348, 73503130, 161775644, 220445681, 117347905, 167087389, 192827476, 136018156, 131109619, 167837843, 182240958, 8391516, 229586495, 213735879, 97850511, 183893057, 194165031, 214936839, 224240891, 154115694, 138837282, 248682662, 216393363, 68549987, 232222394, 1476246, 151179556, 23831083, 67522189, 37046337, 30331306, 30809804, 180069300, 109853152, 142626223, 133024700, 117964535, 146059510, 57098611, 73333121, 165472275, 247574085, 38256730, 108458298, 17314258, 63296127, 167988758, 76210387, 74917558, 6814584, 22241941, 104765942]
[239554898, 105465088, 218365829, 203396497, 217698719, 109346344, 97770307, 148322777, 40290812, 53317582, 37400546, 22010658, 175723653, 165222218, 73768585, 222361649, 122267290, 183229434, 110253602, 236404051, 84153860, 126893068, 26600584, 13761399, 219667882, 217646206, 241830177, 9876773, 529557, 31049115, 177676138, 69558821, 243714980, 122743854, 104370347, 60772675, 122493426, 211212441, 84340898, 171023574, 191988092, 6004240, 141975672, 182382331, 60169248, 48856296, 212556591, 125285908, 98653799, 112007566, 217452140, 5555922, 45744348, 73503130, 161775644, 220445681, 117347905, 167087389, 192827476, 136018156, 131109619, 167837843, 182240958, 8391516, 229586495, 213735879, 97850511, 183893057, 194165031, 214936839, 224240891, 154115694, 138837282, 248682662, 216393363, 68549987, 232222394, 1476246, 151179556, 23831083, 67522189, 37046337, 30331306, 30809804, 25267365, 33628761, 120843493, 60323715, 161552165, 45948928, 156724531, 189656957, 96043887, 210101002, 72206643, 198507616, 71170187, 176629760, 202485127, 34984140, 117923073, 228983757, 174465142, 170909617]
[239554898, 105465088, 218365829, 203396497, 217698719, 109346344, 97770307, 148322777, 40290812, 53317582, 37400546, 22010658, 175723653, 165222218, 73768585, 222361649, 122267290, 183229434, 110253602, 236404051, 84153860, 126893068, 26600584, 13761399, 219667882, 217646206, 241830177, 9876773, 529557, 31049115, 177676138, 69558821, 243714980, 122743854, 104370347, 60772675, 122493426, 211212441, 84340898, 171023574, 191988092, 6004240, 141975672, 182382331, 60169248, 48856296, 212556591, 125285908, 98653799, 112007566, 217452140, 5555922, 45744348, 73503130, 161775644, 220445681, 117347905, 167087389, 192827476, 136018156, 131109619, 167837843, 182240958, 8391516, 229586495, 213735879, 97850511, 183893057, 194165031, 214936839, 224240891, 154115694, 138837282, 248682662, 216393363, 68549987, 232222394, 1476246, 151179556, 23831083, 67522189, 37046337, 30331306, 30809804, 180069300, 109853152, 142626223, 133024700, 213505916, 145828056, 36192707, 210076901, 18631466, 66249244, 106394530, 98937705, 22280856, 163202874, 122481697, 47233503, 211658005, 135716525, 246059423, 146516384]
[239554898, 105465088, 218365829, 203396497, 217698719, 109346344, 97770307, 148322777, 40290812, 53317582, 37400546, 22010658, 175723653, 165222218, 73768585, 222361649, 122267290, 183229434, 110253602, 236404051, 84153860, 126893068, 26600584, 13761399, 219667882, 217646206, 241830177, 9876773, 529557, 31049115, 177676138, 69558821, 243714980, 122743854, 104370347, 60772675, 122493426, 211212441, 84340898, 171023574, 191988092, 6004240, 141975672, 182382331, 60169248, 48856296, 212556591, 125285908, 98653799, 112007566, 217452140, 5555922, 45744348, 73503130, 161775644, 220445681, 117347905, 167087389, 192827476, 136018156, 131109619, 167837843, 182240958, 8391516, 229586495, 213735879, 97850511, 183893057, 194165031, 214936839, 224240891, 154115694, 138837282, 248682662, 216393363, 68549987, 232222394, 1476246, 151179556, 23831083, 67522189, 37046337, 30331306, 30809804, 180069300, 109853152, 142626223, 133024700, 213505916, 123561113, 138092197, 82592552, 175310019, 42811066, 139804577, 248455574, 126636678, 135208304, 171280580, 137598825, 63455286, 103232724, 218061807, 125811380]
[239554898, 105465088, 218365829, 203396497, 217698719, 109346344, 97770307, 148322777, 40290812, 53317582, 37400546, 22010658, 175723653, 165222218, 73768585, 222361649, 122267290, 183229434, 110253602, 236404051, 84153860, 126893068, 26600584, 13761399, 219667882, 217646206, 241830177, 9876773, 529557, 31049115, 177676138, 69558821, 243714980, 122743854, 104370347, 60772675, 122493426, 211212441, 84340898, 171023574, 191988092, 6004240, 141975672, 182382331, 60169248, 48856296, 212556591, 125285908, 98653799, 112007566, 217452140, 5555922, 45744348, 73503130, 161775644, 220445681, 117347905, 167087389, 192827476, 136018156, 131109619, 167837843, 182240958, 8391516, 229586495, 213735879, 97850511, 183893057, 194165031, 214936839, 224240891, 154115694, 138837282, 248682662, 216393363, 68549987, 232222394, 1476246, 151179556, 23831083, 186875312, 15363865, 148894419, 175412006, 162336783, 220767862, 257334, 140506494, 123970020, 16967665, 162188528, 9006925, 70796904, 136030368, 149540707, 19177680, 119730929, 72336758, 11033292, 125586800, 242201485, 10182012, 11546808, 98821060]
[239554898, 105465088, 218365829, 203396497, 217698719, 109346344, 97770307, 148322777, 40290812, 53317582, 37400546, 22010658, 175723653, 165222218, 73768585, 222361649, 122267290, 183229434, 110253602, 236404051, 84153860, 126893068, 26600584, 13761399, 219667882, 217646206, 241830177, 9876773, 529557, 31049115, 177676138, 69558821, 243714980, 122743854, 104370347, 60772675, 122493426, 211212441, 84340898, 171023574, 191988092, 6004240, 141975672, 182382331, 60169248, 48856296, 212556591, 125285908, 98653799, 112007566, 217452140, 5555922, 45744348, 73503130, 161775644, 220445681, 117347905, 167087389, 192827476, 136018156, 131109619, 167837843, 182240958, 8391516, 229586495, 213735879, 97850511, 183893057, 194165031, 214936839, 224240891, 154115694, 138837282, 248682662, 216393363, 68549987, 232222394, 1476246, 151179556, 23831083, 67522189, 37046337, 30331306, 30809804, 180069300, 109853152, 142626223, 133024700, 213505916, 145828056, 36192707, 210076901, 18631466, 52777234, 8271894, 17663428, 4536358, 92171121, 6760031, 173755756, 247176347, 246928838, 131787969, 161228189]
[239554898, 105465088, 218365829, 203396497, 217698719, 109346344, 97770307, 148322777, 40290812, 53317582, 37400546, 22010658, 175723653, 165222218, 73768585, 222361649, 122267290, 183229434, 110253602, 236404051, 84153860, 126893068, 26600584, 13761399, 219667882, 217646206, 241830177, 9876773, 529557, 31049115, 177676138, 69558821, 243714980, 122743854, 104370347, 60772675, 122493426, 211212441, 84340898, 171023574, 191988092, 6004240, 141975672, 182382331, 60169248, 48856296, 212556591, 125285908, 98653799, 112007566, 217452140, 5555922, 45744348, 73503130, 161775644, 220445681, 117347905, 167087389, 192827476, 136018156, 131109619, 167837843, 182240958, 8391516, 229586495, 213735879, 97850511, 183893057, 194165031, 214936839, 224240891, 154115694, 138837282, 248682662, 216393363, 68549987, 232222394, 1476246, 151179556, 23831083, 186875312, 15363865, 148894419, 175412006, 162336783, 220767862, 257334, 2980324, 159935775, 57531261, 2110292, 132842143, 63114250, 213032620, 38717631, 248261742, 48707030, 155790887, 203784361, 54230230, 12878930, 158873124, 191041462, 106015954]
[239554898, 105465088, 218365829, 203396497, 217698719, 109346344, 97770307, 148322777, 40290812, 53317582, 37400546, 22010658, 175723653, 165222218, 73768585, 222361649, 122267290, 183229434, 110253602, 236404051, 84153860, 126893068, 26600584, 13761399, 219667882, 217646206, 241830177, 9876773, 529557, 31049115, 177676138, 69558821, 243714980, 122743854, 104370347, 60772675, 122493426, 211212441, 84340898, 171023574, 191988092, 6004240, 141975672, 182382331, 60169248, 48856296, 212556591, 125285908, 98653799, 112007566, 217452140, 5555922, 45744348, 73503130, 161775644, 220445681, 117347905, 167087389, 192827476, 136018156, 131109619, 167837843, 182240958, 8391516, 229586495, 213735879, 97850511, 183893057, 194165031, 214936839, 224240891, 154115694, 138837282, 248682662, 216393363, 68549987, 232222394, 1476246, 151179556, 23831083, 67522189, 37046337, 143879866, 123729297, 235762465, 220063132, 92098001, 139677268, 100353505, 130245573, 160206283, 134489364, 140612711, 49354014, 223252961, 71560665, 128536351, 187425481, 222759505, 127906753, 21168834, 198828027, 242546338, 101878816]
[239554898, 105465088, 218365829, 203396497, 217698719, 109346344, 97770307, 148322777, 40290812, 53317582, 37400546, 22010658, 175723653, 165222218, 73768585, 222361649, 122267290, 183229434, 110253602, 236404051, 84153860, 126893068, 26600584, 13761399, 219667882, 217646206, 241830177, 9876773, 529557, 31049115, 177676138, 69558821, 243714980, 122743854, 104370347, 60772675, 122493426, 211212441, 84340898, 171023574, 191988092, 6004240, 141975672, 182382331, 60169248, 48856296, 212556591, 125285908, 98653799, 112007566, 217452140, 5555922, 45744348, 73503130, 161775644, 220445681, 117347905, 167087389, 192827476, 136018156, 131109619, 167837843, 182240958, 8391516, 229586495, 213735879, 97850511, 183893057, 194165031, 214936839, 224240891, 154115694, 138837282, 248682662, 216393363, 68549987, 232222394, 1476246, 151179556, 23831083, 67522189, 37046337, 30331306, 30809804, 180069300, 109853152, 142626223, 133024700, 213505916, 123561113, 138092197, 82592552, 175310019, 103121523, 23245329, 29484858, 144073463, 104990896, 201160449, 150056184, 1384566, 108952188, 124113967, 207121190]
[239554898, 105465088, 218365829, 203396497, 217698719, 109346344, 97770307, 148322777, 40290812, 53317582, 37400546, 22010658, 175723653, 165222218, 73768585, 222361649, 122267290, 183229434, 110253602, 236404051, 84153860, 126893068, 26600584, 13761399, 219667882, 217646206, 241830177, 9876773, 529557, 31049115, 177676138, 69558821, 243714980, 122743854, 104370347, 60772675, 122493426, 211212441, 84340898, 171023574, 191988092, 6004240, 141975672, 182382331, 60169248, 48856296, 212556591, 125285908, 98653799, 112007566, 217452140, 5555922, 45744348, 73503130, 161775644, 220445681, 117347905, 167087389, 192827476, 136018156, 131109619, 167837843, 182240958, 8391516, 229586495, 213735879, 97850511, 183893057, 194165031, 214936839, 224240891, 154115694, 138837282, 248682662, 216393363, 68549987, 232222394, 1476246, 151179556, 23831083, 67522189, 37046337, 30331306, 30809804, 25267365, 33628761, 120843493, 60323715, 161552165, 221715995, 217892344, 19173152, 10149374, 172341237, 24087936, 86330242, 135916816, 12408827, 231853818, 175767485, 50179962, 76622998, 230718837, 99627480]
[239554898, 105465088, 218365829, 203396497, 217698719, 109346344, 97770307, 148322777, 40290812, 53317582, 37400546, 22010658, 175723653, 165222218, 73768585, 222361649, 122267290, 183229434, 110253602, 236404051, 84153860, 126893068, 26600584, 13761399, 219667882, 217646206, 241830177, 9876773, 529557, 31049115, 177676138, 69558821, 243714980, 122743854, 104370347, 60772675, 122493426, 211212441, 84340898, 171023574, 191988092, 6004240, 141975672, 182382331, 60169248, 48856296, 212556591, 125285908, 98653799, 112007566, 217452140, 5555922, 45744348, 73503130, 161775644, 220445681, 117347905, 167087389, 192827476, 136018156, 131109619, 167837843, 182240958, 8391516, 229586495, 213735879, 97850511, 183893057, 194165031, 214936839, 224240891, 154115694, 138837282, 248682662, 216393363, 68549987, 232222394, 1476246, 151179556, 23831083, 67522189, 37046337, 30331306, 30809804, 180069300, 109853152, 142626223, 133024700, 213505916, 123561113, 138092197, 82592552, 175310019, 42811066, 139804577, 248455574, 126636678, 135208304, 230006229, 77246301, 239914291, 91687804, 33327733, 117105679]
[239554898, 105465088, 218365829, 203396497, 217698719, 109346344, 97770307, 148322777, 40290812, 53317582, 37400546, 22010658, 175723653, 165222218, 73768585, 222361649, 122267290, 183229434, 110253602, 236404051, 84153860, 126893068, 26600584, 13761399, 219667882, 217646206, 241830177, 9876773, 529557, 31049115, 177676138, 69558821, 243714980, 122743854, 104370347, 60772675, 122493426, 211212441, 84340898, 171023574, 191988092, 6004240, 141975672, 182382331, 60169248, 48856296, 212556591, 125285908, 98653799, 112007566, 217452140, 5555922, 45744348, 73503130, 161775644, 220445681, 117347905, 167087389, 192827476, 136018156, 131109619, 167837843, 182240958, 8391516, 229586495, 213735879, 97850511, 183893057, 194165031, 214936839, 224240891, 154115694, 138837282, 248682662, 216393363, 68549987, 232222394, 1476246, 151179556, 23831083, 67522189, 37046337, 30331306, 30809804, 25267365, 33628761, 120843493, 60323715, 141937992, 214517939, 159351707, 225092483, 171806910, 228378040, 237812772, 201916728, 165088190, 120809138, 27268558, 17235598, 184959573, 82337736, 98246206, 58386463]
[239554898, 105465088, 218365829, 203396497, 217698719, 109346344, 97770307, 148322777, 40290812, 53317582, 37400546, 22010658, 175723653, 165222218, 73768585, 222361649, 122267290, 183229434, 110253602, 236404051, 84153860, 126893068, 26600584, 13761399, 219667882, 217646206, 241830177, 9876773, 529557, 31049115, 177676138, 69558821, 243714980, 122743854, 104370347, 60772675, 122493426, 211212441, 84340898, 171023574, 191988092, 6004240, 141975672, 182382331, 60169248, 48856296, 212556591, 125285908, 98653799, 112007566, 217452140, 5555922, 45744348, 73503130, 161775644, 220445681, 117347905, 167087389, 192827476, 136018156, 131109619, 167837843, 182240958, 8391516, 229586495, 213735879, 97850511, 183893057, 194165031, 214936839, 224240891, 154115694, 138837282, 248682662, 216393363, 68549987, 232222394, 1476246, 151179556, 23831083, 67522189, 37046337, 30331306, 30809804, 25267365, 33628761, 120843493, 60323715, 161552165, 45948928, 156724531, 189656957, 96043887, 210101002, 72206643, 198507616, 71170187, 176629760, 124530405, 172294663, 218806229, 19991058, 110885371, 107377307]
[239554898, 105465088, 218365829, 203396497, 217698719, 109346344, 97770307, 148322777, 40290812, 53317582, 37400546, 22010658, 175723653, 165222218, 73768585, 222361649, 122267290, 183229434, 110253602, 236404051, 84153860, 126893068, 26600584, 13761399, 219667882, 217646206, 241830177, 9876773, 529557, 31049115, 177676138, 69558821, 243714980, 122743854, 104370347, 60772675, 122493426, 211212441, 84340898, 171023574, 191988092, 6004240, 141975672, 182382331, 60169248, 48856296, 212556591, 125285908, 98653799, 112007566, 217452140, 5555922, 45744348, 73503130, 161775644, 220445681, 117347905, 167087389, 192827476, 136018156, 131109619, 167837843, 182240958, 8391516, 229586495, 213735879, 97850511, 183893057, 194165031, 214936839, 224240891, 154115694, 138837282, 248682662, 216393363, 68549987, 232222394, 1476246, 151179556, 23831083, 186875312, 15363865, 148894419, 175412006, 162336783, 220767862, 257334, 140506494, 123970020, 16967665, 83723662, 11943399, 171221150, 19320553, 143875605, 182785584, 203336787, 78572212, 69095792, 242588948, 159638042, 211267344, 81810009, 47162758]
[239554898, 105465088, 218365829, 203396497, 217698719, 109346344, 97770307, 148322777, 40290812, 53317582, 37400546, 22010658, 175723653, 165222218, 73768585, 222361649, 122267290, 183229434, 110253602, 236404051, 84153860, 126893068, 26600584, 13761399, 219667882, 217646206, 241830177, 9876773, 529557, 31049115, 177676138, 69558821, 243714980, 122743854, 104370347, 60772675, 122493426, 211212441, 84340898, 171023574, 191988092, 6004240, 141975672, 182382331, 60169248, 48856296, 212556591, 125285908, 98653799, 112007566, 217452140, 5555922, 45744348, 73503130, 161775644, 220445681, 117347905, 167087389, 192827476, 136018156, 131109619, 167837843, 182240958, 8391516, 229586495, 213735879, 97850511, 183893057, 194165031, 214936839, 224240891, 154115694, 138837282, 248682662, 216393363, 68549987, 232222394, 1476246, 151179556, 23831083, 67522189, 37046337, 30331306, 30809804, 180069300, 32947905, 205930261, 16667085, 210298056, 203809029, 78308169, 16378318, 196407529, 15753659, 160485131, 237915332, 143881255, 157330827, 106500990, 50899079, 140933821, 184301346, 7081891, 60046252]
[239554898, 105465088, 218365829, 203396497, 217698719, 109346344, 97770307, 148322777, 40290812, 53317582, 37400546, 22010658, 175723653, 165222218, 73768585, 222361649, 122267290, 183229434, 110253602, 236404051, 84153860, 126893068, 26600584, 13761399, 219667882, 217646206, 241830177, 9876773, 529557, 31049115, 177676138, 69558821, 243714980, 122743854, 104370347, 60772675, 122493426, 211212441, 84340898, 171023574, 191988092, 6004240, 141975672, 182382331, 60169248, 48856296, 212556591, 125285908, 98653799, 112007566, 217452140, 5555922, 45744348, 73503130, 161775644, 220445681, 117347905, 167087389, 192827476, 136018156, 131109619, 167837843, 182240958, 8391516, 229586495, 213735879, 97850511, 183893057, 194165031, 214936839, 224240891, 154115694, 138837282, 248682662, 216393363, 68549987, 232222394, 1476246, 151179556, 23831083, 67522189, 37046337, 30331306, 30809804, 180069300, 109853152, 142626223, 133024700, 213505916, 145828056, 36192707, 210076901, 18631466, 52777234, 8271894, 104723084, 103227377, 83603035, 211470450, 165804622, 180115844, 236364974, 236442124, 203999995]
[239554898, 105465088, 218365829, 203396497, 217698719, 109346344, 97770307, 148322777, 40290812, 53317582, 37400546, 22010658, 175723653, 165222218, 73768585, 222361649, 122267290, 183229434, 110253602, 236404051, 84153860, 126893068, 26600584, 13761399, 219667882, 217646206, 241830177, 9876773, 529557, 31049115, 177676138, 69558821, 243714980, 122743854, 104370347, 60772675, 122493426, 211212441, 84340898, 171023574, 191988092, 6004240, 141975672, 182382331, 60169248, 48856296, 212556591, 125285908, 98653799, 112007566, 217452140, 5555922, 45744348, 73503130, 161775644, 220445681, 117347905, 167087389, 192827476, 16949894, 154797606, 31554297, 227448688, 27607733, 7853203, 140242752, 68768893, 164110998, 12898830, 247773033, 204652173, 205971979, 68424825, 83740896, 201654924, 169231707, 97514553, 121528382, 248758816, 163110820, 139726861, 193829157, 94638618, 50010934, 245101943, 152894996, 85098711, 84256216, 167307796, 39557324, 111587632, 72991358, 245961368, 10151453, 130418649, 63481080, 163004059, 83483146, 178398917, 115511553, 225840349, 152225457, 195257260, 203096251]
[239554898, 105465088, 218365829, 203396497, 217698719, 109346344, 97770307, 148322777, 40290812, 53317582, 37400546, 22010658, 175723653, 165222218, 73768585, 222361649, 122267290, 183229434, 110253602, 236404051, 84153860, 126893068, 26600584, 13761399, 219667882, 217646206, 241830177, 9876773, 529557, 31049115, 177676138, 69558821, 243714980, 122743854, 104370347, 60772675, 122493426, 211212441, 84340898, 171023574, 191988092, 6004240, 141975672, 182382331, 60169248, 48856296, 212556591, 125285908, 98653799, 112007566, 217452140, 5555922, 45744348, 73503130, 161775644, 220445681, 117347905, 167087389, 192827476, 136018156, 131109619, 167837843, 182240958, 8391516, 229586495, 213735879, 97850511, 183893057, 194165031, 214936839, 224240891, 154115694, 138837282, 248682662, 216393363, 68549987, 232222394, 1476246, 151179556, 23831083, 67522189, 37046337, 30331306, 30809804, 180069300, 109853152, 142626223, 133024700, 213505916, 145828056, 36192707, 210076901, 18631466, 66249244, 106394530, 98937705, 62076670, 242177508, 239976100, 4748931, 139484610, 137944854, 230810191, 89148578]
[239554898, 105465088, 218365829, 203396497, 217698719, 109346344, 97770307, 148322777, 40290812, 53317582, 37400546, 22010658, 175723653, 165222218, 73768585, 222361649, 122267290, 183229434, 110253602, 236404051, 84153860, 126893068, 26600584, 13761399, 219667882, 217646206, 241830177, 9876773, 529557, 31049115, 177676138, 69558821, 243714980, 122743854, 104370347, 60772675, 122493426, 211212441, 84340898, 171023574, 191988092, 6004240, 141975672, 182382331, 60169248, 48856296, 212556591, 125285908, 98653799, 112007566, 217452140, 5555922, 45744348, 73503130, 161775644, 220445681, 117347905, 167087389, 192827476, 136018156, 131109619, 167837843, 182240958, 8391516, 229586495, 213735879, 97850511, 183893057, 194165031, 214936839, 224240891, 154115694, 138837282, 248682662, 216393363, 68549987, 232222394, 1476246, 151179556, 23831083, 67522189, 37046337, 30331306, 30809804, 180069300, 32947905, 205930261, 16667085, 210298056, 203809029, 78308169, 16378318, 196407529, 15753659, 160485131, 164523539, 69485263, 87357724, 10232706, 214633128, 59320060, 139564948, 193065955, 197372089]
[239554898, 105465088, 218365829, 203396497, 217698719, 109346344, 97770307, 148322777, 40290812, 53317582, 37400546, 22010658, 175723653, 165222218, 73768585, 222361649, 122267290, 183229434, 110253602, 236404051, 84153860, 126893068, 26600584, 13761399, 219667882, 217646206, 241830177, 9876773, 529557, 31049115, 177676138, 69558821, 243714980, 122743854, 104370347, 60772675, 122493426, 211212441, 84340898, 171023574, 191988092, 6004240, 141975672, 182382331, 60169248, 48856296, 212556591, 125285908, 98653799, 112007566, 217452140, 5555922, 45744348, 73503130, 161775644, 220445681, 117347905, 167087389, 192827476, 136018156, 131109619, 167837843, 182240958, 8391516, 229586495, 213735879, 97850511, 183893057, 194165031, 214936839, 224240891, 154115694, 138837282, 248682662, 216393363, 68549987, 232222394, 1476246, 151179556, 186122913, 60417403, 105641232, 103260047, 84908356, 81305338, 160418988, 65263081, 194339786, 204506009, 248186273, 173008625, 182670290, 29112124, 180697443, 196876595, 198617797, 217337664, 200490864, 151435112, 75147227, 222281628, 14453876, 28870084, 93936236]
[239554898, 105465088, 218365829, 203396497, 217698719, 109346344, 97770307, 148322777, 40290812, 53317582, 37400546, 22010658, 175723653, 165222218, 73768585, 222361649, 122267290, 183229434, 110253602, 236404051, 84153860, 126893068, 26600584, 13761399, 219667882, 217646206, 241830177, 9876773, 529557, 31049115, 177676138, 69558821, 243714980, 122743854, 104370347, 60772675, 122493426, 211212441, 84340898, 171023574, 191988092, 6004240, 141975672, 182382331, 60169248, 48856296, 212556591, 125285908, 98653799, 112007566, 217452140, 5555922, 45744348, 73503130, 161775644, 220445681, 117347905, 167087389, 192827476, 136018156, 131109619, 167837843, 182240958, 8391516, 229586495, 213735879, 97850511, 183893057, 194165031, 214936839, 224240891, 154115694, 138837282, 248682662, 216393363, 68549987, 232222394, 1476246, 151179556, 186122913, 60417403, 105641232, 103260047, 84908356, 81305338, 160418988, 65263081, 194339786, 204506009, 248186273, 173008625, 182670290, 29112124, 7406428, 28666481, 106002348, 138960132, 98355143, 143418397, 199073573, 28353430, 72446384, 86097686, 231670064]
[239554898, 105465088, 218365829, 203396497, 217698719, 109346344, 97770307, 148322777, 40290812, 53317582, 37400546, 22010658, 175723653, 165222218, 73768585, 222361649, 122267290, 183229434, 110253602, 236404051, 84153860, 126893068, 26600584, 13761399, 219667882, 217646206, 241830177, 9876773, 529557, 31049115, 177676138, 69558821, 243714980, 122743854, 104370347, 60772675, 122493426, 211212441, 84340898, 171023574, 191988092, 6004240, 141975672, 182382331, 60169248, 48856296, 212556591, 125285908, 98653799, 112007566, 217452140, 5555922, 45744348, 73503130, 161775644, 220445681, 117347905, 167087389, 192827476, 136018156, 131109619, 167837843, 182240958, 8391516, 229586495, 213735879, 97850511, 183893057, 194165031, 214936839, 224240891, 154115694, 138837282, 248682662, 216393363, 68549987, 232222394, 1476246, 151179556, 23831083, 186875312, 15363865, 148894419, 175412006, 162336783, 220767862, 257334, 2980324, 159935775, 57531261, 2110292, 132842143, 63114250, 213032620, 38717631, 248261742, 48707030, 155790887, 203784361, 54230230, 12878930, 142418243, 245609491, 246956340]
[239554898, 105465088, 218365829, 203396497, 217698719, 109346344, 97770307, 148322777, 40290812, 53317582, 37400546, 22010658, 175723653, 165222218, 73768585, 222361649, 122267290, 183229434, 110253602, 236404051, 84153860, 126893068, 26600584, 13761399, 219667882, 217646206, 241830177, 9876773, 529557, 31049115, 177676138, 69558821, 243714980, 122743854, 104370347, 60772675, 122493426, 211212441, 84340898, 171023574, 191988092, 6004240, 141975672, 182382331, 60169248, 48856296, 212556591, 125285908, 98653799, 112007566, 217452140, 5555922, 45744348, 73503130, 161775644, 220445681, 117347905, 167087389, 192827476, 136018156, 131109619, 167837843, 182240958, 8391516, 229586495, 213735879, 97850511, 183893057, 194165031, 214936839, 224240891, 154115694, 138837282, 248682662, 216393363, 68549987, 232222394, 1476246, 151179556, 23831083, 186875312, 15363865, 148894419, 175412006, 162336783, 220767862, 257334, 2980324, 159935775, 57531261, 2110292, 132842143, 175445337, 3218014, 59524486, 195873983, 134969456, 242249109, 186640499, 119914522, 218229796, 111064755, 197357840, 180618742]
[239554898, 105465088, 218365829, 203396497, 217698719, 109346344, 97770307, 148322777, 40290812, 53317582, 37400546, 22010658, 175723653, 165222218, 73768585, 222361649, 122267290, 183229434, 110253602, 236404051, 84153860, 126893068, 26600584, 13761399, 219667882, 217646206, 241830177, 9876773, 529557, 31049115, 177676138, 69558821, 243714980, 122743854, 104370347, 60772675, 122493426, 211212441, 84340898, 171023574, 191988092, 6004240, 141975672, 182382331, 60169248, 48856296, 212556591, 125285908, 98653799, 112007566, 217452140, 5555922, 45744348, 73503130, 161775644, 220445681, 117347905, 167087389, 192827476, 136018156, 131109619, 167837843, 182240958, 8391516, 229586495, 213735879, 97850511, 183893057, 194165031, 214936839, 224240891, 154115694, 138837282, 248682662, 216393363, 68549987, 232222394, 1476246, 151179556, 23831083, 67522189, 37046337, 30331306, 30809804, 25267365, 236085028, 54752257, 31154509, 112833706, 2456493, 157810119, 226487189, 246327151, 107864561, 54224376, 208770211, 220726170, 111704643, 93948395, 239805839, 188662385, 100744196, 164588416, 206838434]
[239554898, 105465088, 218365829, 203396497, 217698719, 109346344, 97770307, 148322777, 40290812, 53317582, 37400546, 22010658, 175723653, 165222218, 73768585, 222361649, 122267290, 183229434, 110253602, 236404051, 84153860, 126893068, 26600584, 13761399, 219667882, 217646206, 241830177, 9876773, 529557, 31049115, 177676138, 69558821, 243714980, 122743854, 104370347, 60772675, 122493426, 211212441, 84340898, 171023574, 191988092, 6004240, 141975672, 182382331, 60169248, 48856296, 212556591, 125285908, 98653799, 112007566, 217452140, 5555922, 45744348, 73503130, 161775644, 220445681, 117347905, 167087389, 192827476, 136018156, 131109619, 167837843, 182240958, 8391516, 229586495, 213735879, 97850511, 183893057, 194165031, 214936839, 224240891, 154115694, 138837282, 248682662, 216393363, 68549987, 232222394, 1476246, 151179556, 23831083, 186875312, 15363865, 148894419, 175412006, 162336783, 220767862, 257334, 2980324, 159935775, 57531261, 2110292, 132842143, 180764072, 146670478, 29426298, 138117769, 124771713, 173506613, 27461156, 223431827, 151786580, 213489730, 77246287, 197092106]
[239554898, 105465088, 218365829, 203396497, 217698719, 109346344, 97770307, 148322777, 40290812, 53317582, 37400546, 22010658, 175723653, 165222218, 73768585, 222361649, 122267290, 183229434, 110253602, 236404051, 84153860, 126893068, 26600584, 13761399, 219667882, 217646206, 241830177, 9876773, 529557, 31049115, 177676138, 69558821, 243714980, 122743854, 104370347, 60772675, 122493426, 211212441, 84340898, 171023574, 191988092, 6004240, 141975672, 182382331, 60169248, 48856296, 212556591, 125285908, 98653799, 112007566, 217452140, 5555922, 45744348, 73503130, 161775644, 220445681, 117347905, 167087389, 192827476, 136018156, 131109619, 167837843, 182240958, 8391516, 229586495, 213735879, 97850511, 183893057, 194165031, 214936839, 224240891, 154115694, 138837282, 248682662, 216393363, 68549987, 232222394, 1476246, 151179556, 23831083, 67522189, 37046337, 30331306, 30809804, 180069300, 109853152, 142626223, 133024700, 117964535, 146059510, 67770928, 76232463, 91833605, 16700928, 59136554, 139914429, 81923906, 197917029, 155429114, 216481984, 217728792, 224668059, 234251755, 29917520]
[239554898, 105465088, 218365829, 203396497, 217698719, 109346344, 97770307, 148322777, 40290812, 53317582, 37400546, 22010658, 175723653, 165222218, 73768585, 222361649, 122267290, 183229434, 110253602, 236404051, 84153860, 126893068, 26600584, 13761399, 219667882, 217646206, 241830177, 9876773, 529557, 31049115, 177676138, 69558821, 243714980, 122743854, 104370347, 60772675, 122493426, 211212441, 84340898, 171023574, 191988092, 6004240, 141975672, 182382331, 60169248, 48856296, 212556591, 125285908, 98653799, 112007566, 217452140, 5555922, 45744348, 73503130, 161775644, 220445681, 117347905, 167087389, 192827476, 136018156, 131109619, 167837843, 182240958, 8391516, 229586495, 213735879, 97850511, 183893057, 194165031, 214936839, 224240891, 154115694, 138837282, 248682662, 216393363, 68549987, 232222394, 1476246, 151179556, 23831083, 67522189, 37046337, 30331306, 30809804, 180069300, 109853152, 142626223, 133024700, 117964535, 146059510, 57098611, 73333121, 165472275, 247574085, 38256730, 108458298, 17314258, 63296127, 167988758, 162288853, 246130133, 122067943, 231325512, 181693768]
[239554898, 105465088, 218365829, 203396497, 217698719, 109346344, 97770307, 148322777, 40290812, 53317582, 37400546, 22010658, 175723653, 165222218, 73768585, 222361649, 122267290, 183229434, 110253602, 236404051, 84153860, 126893068, 26600584, 13761399, 219667882, 217646206, 241830177, 9876773, 529557, 31049115, 177676138, 69558821, 243714980, 122743854, 104370347, 60772675, 122493426, 211212441, 84340898, 171023574, 191988092, 6004240, 141975672, 182382331, 60169248, 48856296, 212556591, 125285908, 98653799, 112007566, 217452140, 5555922, 45744348, 73503130, 161775644, 220445681, 117347905, 167087389, 192827476, 30322964, 129797693, 162069456, 20098438, 175458121, 154340491, 200438724, 50980885, 218284050, 35865695, 35960691, 173099041, 248672976, 217120534, 97773753, 5693530, 103311836, 7361823, 87771202, 105809505, 22382340, 39666005, 202644599, 8269985, 227419249, 183354607, 194933427, 13040324, 200577707, 182868465, 214988932, 217080839, 134840078, 122769596, 246142629, 68179485, 171653099, 110778708, 80714657, 39567580, 21126624, 191955173, 143103297, 182830585, 126754892]
[239554898, 105465088, 218365829, 203396497, 217698719, 109346344, 97770307, 148322777, 40290812, 53317582, 37400546, 22010658, 175723653, 165222218, 73768585, 222361649, 122267290, 183229434, 110253602, 236404051, 84153860, 126893068, 26600584, 13761399, 219667882, 217646206, 241830177, 9876773, 529557, 31049115, 177676138, 69558821, 243714980, 122743854, 104370347, 60772675, 122493426, 211212441, 84340898, 171023574, 191988092, 6004240, 141975672, 182382331, 60169248, 48856296, 212556591, 125285908, 98653799, 112007566, 217452140, 5555922, 45744348, 73503130, 161775644, 220445681, 117347905, 167087389, 192827476, 136018156, 131109619, 167837843, 182240958, 8391516, 229586495, 213735879, 97850511, 183893057, 194165031, 214936839, 224240891, 154115694, 138837282, 248682662, 216393363, 68549987, 232222394, 1476246, 151179556, 23831083, 186875312, 15363865, 148894419, 175412006, 162336783, 220767862, 257334, 2980324, 159935775, 57531261, 2110292, 132842143, 180764072, 146670478, 29426298, 138117769, 20096346, 48591039, 36017153, 124682740, 241321565, 218959610, 109636223, 64740804]
[239554898, 105465088, 218365829, 203396497, 217698719, 109346344, 97770307, 148322777, 40290812, 53317582, 37400546, 22010658, 175723653, 165222218, 73768585, 222361649, 122267290, 183229434, 110253602, 236404051, 84153860, 126893068, 26600584, 13761399, 219667882, 217646206, 241830177, 9876773, 529557, 31049115, 177676138, 69558821, 243714980, 122743854, 104370347, 60772675, 122493426, 211212441, 84340898, 171023574, 191988092, 6004240, 141975672, 182382331, 60169248, 48856296, 212556591, 125285908, 98653799, 112007566, 217452140, 5555922, 45744348, 73503130, 161775644, 220445681, 117347905, 167087389, 192827476, 136018156, 131109619, 167837843, 182240958, 8391516, 229586495, 213735879, 97850511, 183893057, 194165031, 214936839, 224240891, 154115694, 138837282, 248682662, 216393363, 68549987, 232222394, 1476246, 151179556, 23831083, 67522189, 37046337, 30331306, 30809804, 180069300, 32947905, 92433975, 10504298, 97570684, 135634069, 114736754, 44605410, 48138700, 146004529, 33870450, 153772956, 85229674, 57394436, 179051773, 198425508, 41715358, 4641008, 244248790, 85556333]
[239554898, 105465088, 218365829, 203396497, 217698719, 109346344, 97770307, 148322777, 40290812, 53317582, 37400546, 22010658, 175723653, 165222218, 73768585, 222361649, 122267290, 183229434, 110253602, 236404051, 84153860, 126893068, 26600584, 13761399, 219667882, 217646206, 241830177, 9876773, 529557, 31049115, 177676138, 69558821, 243714980, 122743854, 104370347, 60772675, 122493426, 211212441, 84340898, 171023574, 191988092, 6004240, 141975672, 182382331, 60169248, 48856296, 212556591, 125285908, 98653799, 112007566, 217452140, 5555922, 45744348, 73503130, 161775644, 220445681, 117347905, 167087389, 192827476, 136018156, 131109619, 167837843, 182240958, 8391516, 229586495, 213735879, 97850511, 183893057, 194165031, 214936839, 224240891, 154115694, 138837282, 248682662, 216393363, 68549987, 232222394, 1476246, 151179556, 186122913, 60417403, 105641232, 103260047, 84908356, 81305338, 160418988, 65263081, 194339786, 204506009, 248186273, 173008625, 182670290, 29112124, 7406428, 28666481, 106002348, 140172784, 140573007, 131330324, 189242768, 51437895, 58336389, 11158120, 185786532]
[239554898, 105465088, 218365829, 203396497, 217698719, 109346344, 97770307, 148322777, 40290812, 53317582, 37400546, 22010658, 175723653, 165222218, 73768585, 222361649, 122267290, 183229434, 110253602, 236404051, 84153860, 126893068, 26600584, 13761399, 219667882, 217646206, 241830177, 9876773, 529557, 31049115, 177676138, 69558821, 243714980, 122743854, 104370347, 60772675, 122493426, 211212441, 84340898, 171023574, 191988092, 6004240, 141975672, 182382331, 60169248, 48856296, 212556591, 125285908, 98653799, 112007566, 217452140, 5555922, 45744348, 73503130, 161775644, 220445681, 117347905, 167087389, 192827476, 136018156, 131109619, 167837843, 182240958, 8391516, 229586495, 213735879, 97850511, 183893057, 194165031, 214936839, 224240891, 154115694, 138837282, 248682662, 216393363, 68549987, 232222394, 1476246, 151179556, 23831083, 186875312, 15363865, 148894419, 175412006, 162336783, 220767862, 257334, 2980324, 159935775, 57531261, 2110292, 132842143, 180764072, 146670478, 29426298, 138117769, 124771713, 173506613, 27461156, 124150144, 163131638, 56817785, 135792667, 93519432]
[239554898, 105465088, 218365829, 203396497, 217698719, 109346344, 97770307, 148322777, 40290812, 53317582, 37400546, 22010658, 175723653, 165222218, 73768585, 222361649, 122267290, 183229434, 110253602, 236404051, 84153860, 126893068, 26600584, 13761399, 219667882, 217646206, 241830177, 9876773, 529557, 31049115, 177676138, 69558821, 243714980, 122743854, 104370347, 60772675, 122493426, 211212441, 84340898, 171023574, 191988092, 6004240, 141975672, 182382331, 60169248, 48856296, 212556591, 125285908, 98653799, 112007566, 217452140, 5555922, 45744348, 73503130, 161775644, 220445681, 117347905, 167087389, 192827476, 136018156, 131109619, 167837843, 182240958, 8391516, 229586495, 213735879, 97850511, 183893057, 194165031, 214936839, 224240891, 154115694, 138837282, 248682662, 216393363, 68549987, 232222394, 1476246, 151179556, 23831083, 67522189, 37046337, 30331306, 30809804, 25267365, 33628761, 120843493, 60323715, 141937992, 214517939, 159351707, 225092483, 171806910, 228378040, 237812772, 201916728, 165088190, 186778219, 14214200, 210875311, 56560810, 155182725, 136306376, 6467998]
[239554898, 105465088, 218365829, 203396497, 217698719, 109346344, 97770307, 148322777, 40290812, 53317582, 37400546, 22010658, 175723653, 165222218, 73768585, 222361649, 122267290, 183229434, 110253602, 236404051, 84153860, 126893068, 26600584, 13761399, 219667882, 217646206, 241830177, 9876773, 529557, 31049115, 177676138, 69558821, 243714980, 122743854, 104370347, 60772675, 122493426, 211212441, 84340898, 171023574, 191988092, 6004240, 141975672, 182382331, 60169248, 48856296, 212556591, 125285908, 98653799, 112007566, 217452140, 5555922, 45744348, 73503130, 161775644, 220445681, 117347905, 167087389, 192827476, 136018156, 131109619, 167837843, 182240958, 8391516, 229586495, 213735879, 97850511, 183893057, 194165031, 214936839, 224240891, 154115694, 138837282, 248682662, 216393363, 68549987, 232222394, 1476246, 151179556, 186122913, 60417403, 105641232, 103260047, 84908356, 81305338, 160418988, 65263081, 194339786, 204506009, 248186273, 173008625, 182670290, 29112124, 7406428, 28666481, 106002348, 140172784, 140573007, 131330324, 106371034, 233771060, 210797048, 167005197, 138618306]
[239554898, 105465088, 218365829, 203396497, 217698719, 109346344, 97770307, 148322777, 40290812, 53317582, 37400546, 22010658, 175723653, 165222218, 73768585, 222361649, 122267290, 183229434, 110253602, 236404051, 84153860, 126893068, 26600584, 13761399, 219667882, 217646206, 241830177, 9876773, 529557, 31049115, 177676138, 69558821, 243714980, 122743854, 104370347, 60772675, 122493426, 211212441, 84340898, 171023574, 191988092, 6004240, 141975672, 182382331, 60169248, 48856296, 212556591, 125285908, 98653799, 112007566, 217452140, 5555922, 45744348, 73503130, 161775644, 220445681, 117347905, 167087389, 192827476, 136018156, 131109619, 167837843, 182240958, 8391516, 229586495, 213735879, 97850511, 183893057, 194165031, 214936839, 224240891, 154115694, 138837282, 248682662, 216393363, 68549987, 232222394, 1476246, 151179556, 23831083, 67522189, 37046337, 30331306, 30809804, 25267365, 236085028, 54752257, 31154509, 112833706, 2456493, 157810119, 226487189, 199590539, 468094, 2905358, 155156672, 66275301, 26495847, 132787066, 148377493, 79235585, 150628983, 95517698, 25741558]
[239554898, 105465088, 218365829, 203396497, 217698719, 109346344, 97770307, 148322777, 40290812, 53317582, 37400546, 22010658, 175723653, 165222218, 73768585, 222361649, 122267290, 183229434, 110253602, 236404051, 84153860, 126893068, 26600584, 13761399, 219667882, 217646206, 241830177, 9876773, 529557, 31049115, 177676138, 69558821, 243714980, 122743854, 104370347, 60772675, 122493426, 211212441, 84340898, 171023574, 191988092, 6004240, 141975672, 182382331, 60169248, 48856296, 212556591, 125285908, 98653799, 112007566, 217452140, 5555922, 45744348, 73503130, 161775644, 220445681, 117347905, 167087389, 192827476, 136018156, 131109619, 167837843, 182240958, 8391516, 229586495, 213735879, 97850511, 183893057, 194165031, 214936839, 224240891, 154115694, 138837282, 248682662, 216393363, 68549987, 232222394, 1476246, 151179556, 23831083, 67522189, 37046337, 30331306, 30809804, 180069300, 32947905, 92433975, 10504298, 97570684, 135634069, 114736754, 44605410, 48138700, 146004529, 33870450, 153772956, 85229674, 57394436, 179051773, 198425508, 236452420, 220995418, 163501968, 200899400]
[239554898, 105465088, 218365829, 203396497, 217698719, 109346344, 97770307, 148322777, 40290812, 53317582, 37400546, 22010658, 175723653, 165222218, 73768585, 222361649, 122267290, 183229434, 110253602, 236404051, 84153860, 126893068, 26600584, 13761399, 219667882, 217646206, 241830177, 9876773, 529557, 31049115, 177676138, 69558821, 243714980, 122743854, 104370347, 60772675, 122493426, 211212441, 84340898, 171023574, 191988092, 6004240, 141975672, 182382331, 60169248, 48856296, 212556591, 125285908, 98653799, 112007566, 217452140, 5555922, 45744348, 73503130, 161775644, 220445681, 117347905, 167087389, 192827476, 136018156, 131109619, 167837843, 182240958, 8391516, 229586495, 213735879, 97850511, 183893057, 194165031, 214936839, 224240891, 154115694, 138837282, 248682662, 216393363, 68549987, 232222394, 1476246, 151179556, 23831083, 67522189, 37046337, 30331306, 30809804, 180069300, 109853152, 142626223, 133024700, 213505916, 145828056, 36192707, 210076901, 18631466, 52777234, 8271894, 104723084, 171119738, 54278901, 212843278, 13705256, 18419323, 194996327, 213027073, 213459800]
[239554898, 105465088, 218365829, 203396497, 217698719, 109346344, 97770307, 148322777, 40290812, 53317582, 37400546, 22010658, 175723653, 165222218, 73768585, 222361649, 122267290, 183229434, 110253602, 236404051, 84153860, 126893068, 26600584, 13761399, 219667882, 217646206, 241830177, 9876773, 529557, 31049115, 177676138, 69558821, 243714980, 122743854, 104370347, 60772675, 122493426, 211212441, 84340898, 171023574, 191988092, 6004240, 141975672, 182382331, 60169248, 48856296, 212556591, 125285908, 98653799, 112007566, 217452140, 5555922, 45744348, 73503130, 161775644, 220445681, 117347905, 167087389, 192827476, 136018156, 131109619, 167837843, 182240958, 8391516, 229586495, 213735879, 97850511, 183893057, 194165031, 214936839, 224240891, 154115694, 138837282, 248682662, 216393363, 68549987, 232222394, 1476246, 151179556, 23831083, 67522189, 37046337, 30331306, 30809804, 180069300, 109853152, 142626223, 133024700, 117964535, 146059510, 57098611, 91433257, 38568678, 195314443, 163790292, 127761125, 45214676, 214072597, 85358987, 236004411, 142936507, 197474540, 162224279, 29709613]
[239554898, 105465088, 218365829, 203396497, 217698719, 109346344, 97770307, 148322777, 40290812, 53317582, 37400546, 22010658, 175723653, 165222218, 73768585, 222361649, 122267290, 183229434, 110253602, 236404051, 84153860, 126893068, 26600584, 13761399, 219667882, 217646206, 241830177, 9876773, 529557, 31049115, 177676138, 69558821, 243714980, 122743854, 104370347, 60772675, 122493426, 211212441, 84340898, 171023574, 191988092, 6004240, 141975672, 182382331, 60169248, 48856296, 212556591, 125285908, 98653799, 112007566, 217452140, 5555922, 45744348, 73503130, 161775644, 220445681, 117347905, 167087389, 192827476, 16949894, 154797606, 31554297, 227448688, 27607733, 7853203, 140242752, 68768893, 164110998, 12898830, 247773033, 204652173, 205971979, 68424825, 83740896, 201654924, 169231707, 97514553, 121528382, 248758816, 163110820, 139726861, 193829157, 94638618, 50010934, 245101943, 152894996, 85098711, 84256216, 167307796, 39557324, 111587632, 72991358, 245961368, 10151453, 130418649, 63481080, 163004059, 83483146, 178398917, 115511553, 225840349, 152225457, 24036885, 13776170]
[239554898, 105465088, 218365829, 203396497, 217698719, 109346344, 97770307, 148322777, 40290812, 53317582, 37400546, 22010658, 175723653, 165222218, 73768585, 222361649, 122267290, 183229434, 110253602, 236404051, 84153860, 126893068, 26600584, 13761399, 219667882, 217646206, 241830177, 9876773, 529557, 31049115, 177676138, 69558821, 243714980, 122743854, 104370347, 60772675, 122493426, 211212441, 84340898, 171023574, 191988092, 6004240, 141975672, 182382331, 60169248, 48856296, 212556591, 125285908, 98653799, 112007566, 217452140, 5555922, 45744348, 73503130, 161775644, 220445681, 117347905, 167087389, 192827476, 136018156, 131109619, 167837843, 182240958, 8391516, 229586495, 213735879, 97850511, 183893057, 194165031, 214936839, 224240891, 154115694, 138837282, 248682662, 216393363, 68549987, 232222394, 1476246, 151179556, 23831083, 186875312, 15363865, 148894419, 175412006, 162336783, 220767862, 257334, 2980324, 159935775, 57531261, 2110292, 132842143, 63114250, 213032620, 38717631, 248261742, 48707030, 155790887, 203784361, 54230230, 12878930, 158873124, 191041462, 108147400]
[239554898, 105465088, 218365829, 203396497, 217698719, 109346344, 97770307, 148322777, 40290812, 53317582, 37400546, 22010658, 175723653, 165222218, 73768585, 222361649, 122267290, 183229434, 110253602, 236404051, 84153860, 126893068, 26600584, 13761399, 219667882, 217646206, 241830177, 9876773, 529557, 31049115, 177676138, 69558821, 243714980, 122743854, 104370347, 60772675, 122493426, 211212441, 84340898, 171023574, 191988092, 6004240, 141975672, 182382331, 60169248, 48856296, 212556591, 125285908, 98653799, 112007566, 217452140, 5555922, 45744348, 73503130, 161775644, 220445681, 117347905, 167087389, 192827476, 136018156, 131109619, 167837843, 182240958, 8391516, 229586495, 213735879, 97850511, 183893057, 194165031, 214936839, 224240891, 154115694, 138837282, 248682662, 216393363, 68549987, 232222394, 1476246, 151179556, 23831083, 67522189, 37046337, 30331306, 30809804, 25267365, 33628761, 120843493, 60323715, 141937992, 214517939, 159351707, 225092483, 171806910, 186160347, 87037788, 105909858, 135293949, 170144175, 55036851, 110524894, 66328498, 70197015, 166086985, 29273621]
[239554898, 105465088, 218365829, 203396497, 217698719, 109346344, 97770307, 148322777, 40290812, 53317582, 37400546, 22010658, 175723653, 165222218, 73768585, 222361649, 122267290, 183229434, 110253602, 236404051, 84153860, 126893068, 26600584, 13761399, 219667882, 217646206, 241830177, 9876773, 529557, 31049115, 177676138, 69558821, 243714980, 122743854, 104370347, 60772675, 122493426, 211212441, 84340898, 171023574, 191988092, 6004240, 141975672, 182382331, 60169248, 48856296, 212556591, 125285908, 98653799, 112007566, 217452140, 5555922, 45744348, 73503130, 161775644, 220445681, 117347905, 167087389, 192827476, 30322964, 129797693, 162069456, 20098438, 175458121, 154340491, 200438724, 50980885, 218284050, 35865695, 35960691, 173099041, 248672976, 217120534, 97773753, 5693530, 103311836, 7361823, 87771202, 105809505, 22382340, 39666005, 110445834, 30069573, 167718405, 148353367, 35952887, 18398126, 169275655, 162024357, 85768429, 4650715, 142079766, 44230406, 120965880, 142955905, 15278037, 233140956, 65620982, 193433769, 117716058, 76023508, 198101605, 157500864, 70845475]
[239554898, 105465088, 218365829, 203396497, 217698719, 109346344, 97770307, 148322777, 40290812, 53317582, 37400546, 22010658, 175723653, 165222218, 73768585, 222361649, 122267290, 183229434, 110253602, 236404051, 84153860, 126893068, 26600584, 13761399, 219667882, 217646206, 241830177, 9876773, 529557, 31049115, 177676138, 69558821, 243714980, 122743854, 104370347, 60772675, 122493426, 211212441, 84340898, 171023574, 191988092, 6004240, 141975672, 182382331, 60169248, 48856296, 212556591, 125285908, 98653799, 112007566, 217452140, 5555922, 45744348, 73503130, 161775644, 220445681, 117347905, 167087389, 192827476, 136018156, 131109619, 167837843, 182240958, 8391516, 229586495, 213735879, 97850511, 183893057, 194165031, 214936839, 224240891, 154115694, 138837282, 248682662, 216393363, 68549987, 232222394, 1476246, 151179556, 23831083, 67522189, 37046337, 30331306, 30809804, 25267365, 33628761, 120843493, 60323715, 161552165, 45948928, 156724531, 189656957, 96043887, 210101002, 72206643, 198507616, 71170187, 176629760, 124530405, 172294663, 55490855, 166134333, 29790026, 133860204]
[239554898, 105465088, 218365829, 203396497, 217698719, 109346344, 97770307, 148322777, 40290812, 53317582, 37400546, 22010658, 175723653, 165222218, 73768585, 222361649, 122267290, 183229434, 110253602, 236404051, 84153860, 126893068, 26600584, 13761399, 219667882, 217646206, 241830177, 9876773, 529557, 31049115, 177676138, 69558821, 243714980, 122743854, 104370347, 60772675, 122493426, 211212441, 84340898, 171023574, 191988092, 6004240, 141975672, 182382331, 60169248, 48856296, 212556591, 125285908, 98653799, 112007566, 217452140, 5555922, 45744348, 73503130, 161775644, 220445681, 117347905, 167087389, 192827476, 136018156, 131109619, 167837843, 182240958, 8391516, 229586495, 213735879, 97850511, 183893057, 194165031, 214936839, 224240891, 154115694, 138837282, 248682662, 216393363, 68549987, 232222394, 1476246, 151179556, 23831083, 186875312, 15363865, 148894419, 175412006, 162336783, 220767862, 257334, 2980324, 159935775, 57531261, 2110292, 132842143, 180764072, 146670478, 29426298, 138117769, 124771713, 173506613, 48598773, 70102142, 17721308, 186144087, 135838346, 82558550]
[239554898, 105465088, 218365829, 203396497, 217698719, 109346344, 97770307, 148322777, 40290812, 53317582, 37400546, 22010658, 175723653, 165222218, 73768585, 222361649, 122267290, 183229434, 110253602, 236404051, 84153860, 126893068, 26600584, 13761399, 219667882, 217646206, 241830177, 9876773, 529557, 31049115, 177676138, 69558821, 243714980, 122743854, 104370347, 60772675, 122493426, 211212441, 84340898, 171023574, 191988092, 6004240, 141975672, 182382331, 60169248, 48856296, 212556591, 125285908, 98653799, 112007566, 217452140, 5555922, 45744348, 73503130, 161775644, 220445681, 117347905, 167087389, 192827476, 136018156, 131109619, 167837843, 182240958, 8391516, 229586495, 213735879, 97850511, 183893057, 194165031, 214936839, 224240891, 154115694, 138837282, 248682662, 216393363, 68549987, 232222394, 1476246, 151179556, 23831083, 186875312, 15363865, 148894419, 175412006, 162336783, 220767862, 257334, 2980324, 159935775, 57531261, 2110292, 132842143, 63114250, 213032620, 38717631, 248261742, 48707030, 206601718, 173305872, 167316559, 10332446, 245066038, 120233093, 57159123]
[239554898, 105465088, 218365829, 203396497, 217698719, 109346344, 97770307, 148322777, 40290812, 53317582, 37400546, 22010658, 175723653, 165222218, 73768585, 222361649, 122267290, 183229434, 110253602, 236404051, 84153860, 126893068, 26600584, 13761399, 219667882, 217646206, 241830177, 9876773, 529557, 31049115, 177676138, 69558821, 243714980, 122743854, 104370347, 60772675, 122493426, 211212441, 84340898, 171023574, 191988092, 6004240, 141975672, 182382331, 60169248, 48856296, 212556591, 125285908, 98653799, 112007566, 217452140, 5555922, 45744348, 73503130, 161775644, 220445681, 117347905, 167087389, 192827476, 136018156, 131109619, 167837843, 182240958, 8391516, 229586495, 213735879, 97850511, 183893057, 194165031, 214936839, 224240891, 154115694, 138837282, 248682662, 216393363, 68549987, 232222394, 1476246, 151179556, 23831083, 67522189, 37046337, 30331306, 30809804, 180069300, 109853152, 142626223, 133024700, 117964535, 146059510, 57098611, 91433257, 38568678, 195314443, 163790292, 127761125, 225106931, 29410280, 43751155, 15093768, 156355356, 3484158, 116906954, 227958460]
[239554898, 105465088, 218365829, 203396497, 217698719, 109346344, 97770307, 148322777, 40290812, 53317582, 37400546, 22010658, 175723653, 165222218, 73768585, 222361649, 122267290, 183229434, 110253602, 236404051, 84153860, 126893068, 26600584, 13761399, 219667882, 217646206, 241830177, 9876773, 529557, 31049115, 177676138, 69558821, 243714980, 122743854, 104370347, 60772675, 122493426, 211212441, 84340898, 171023574, 191988092, 6004240, 141975672, 182382331, 60169248, 48856296, 212556591, 125285908, 98653799, 112007566, 217452140, 5555922, 45744348, 73503130, 161775644, 220445681, 117347905, 167087389, 192827476, 136018156, 131109619, 167837843, 182240958, 8391516, 229586495, 213735879, 97850511, 183893057, 194165031, 214936839, 224240891, 154115694, 138837282, 248682662, 216393363, 68549987, 232222394, 1476246, 151179556, 23831083, 67522189, 37046337, 30331306, 30809804, 180069300, 109853152, 142626223, 133024700, 213505916, 145828056, 36192707, 210076901, 18631466, 66249244, 106394530, 98937705, 62076670, 211747572, 159709517, 208333879, 171051465, 72195883, 135247256, 206291641]
[239554898, 105465088, 218365829, 203396497, 217698719, 109346344, 97770307, 148322777, 40290812, 53317582, 37400546, 22010658, 175723653, 165222218, 73768585, 222361649, 122267290, 183229434, 110253602, 236404051, 84153860, 126893068, 26600584, 13761399, 219667882, 217646206, 241830177, 9876773, 529557, 31049115, 177676138, 69558821, 243714980, 122743854, 104370347, 60772675, 122493426, 211212441, 84340898, 171023574, 191988092, 6004240, 141975672, 182382331, 60169248, 48856296, 212556591, 125285908, 98653799, 112007566, 217452140, 5555922, 45744348, 73503130, 161775644, 220445681, 117347905, 167087389, 192827476, 136018156, 131109619, 167837843, 182240958, 8391516, 229586495, 213735879, 97850511, 183893057, 194165031, 214936839, 224240891, 154115694, 138837282, 248682662, 216393363, 68549987, 232222394, 1476246, 151179556, 23831083, 186875312, 15363865, 148894419, 175412006, 162336783, 11550932, 20137899, 212846739, 35362183, 222319767, 179472197, 30377983, 182030085, 7021174, 29850160, 245325278, 41837365, 146079937, 143709075, 211829051, 173449496, 243842368, 76726622, 234500942]
[239554898, 105465088, 218365829, 203396497, 217698719, 109346344, 97770307, 148322777, 40290812, 53317582, 37400546, 22010658, 175723653, 165222218, 73768585, 222361649, 122267290, 183229434, 110253602, 236404051, 84153860, 126893068, 26600584, 13761399, 219667882, 217646206, 241830177, 9876773, 529557, 31049115, 177676138, 69558821, 243714980, 122743854, 104370347, 60772675, 122493426, 211212441, 84340898, 171023574, 191988092, 6004240, 141975672, 182382331, 60169248, 48856296, 212556591, 125285908, 98653799, 112007566, 217452140, 5555922, 45744348, 73503130, 161775644, 220445681, 117347905, 167087389, 192827476, 136018156, 131109619, 167837843, 182240958, 8391516, 229586495, 213735879, 97850511, 183893057, 194165031, 214936839, 224240891, 154115694, 138837282, 248682662, 216393363, 68549987, 232222394, 1476246, 151179556, 23831083, 67522189, 37046337, 30331306, 30809804, 180069300, 109853152, 142626223, 133024700, 117964535, 146059510, 57098611, 91433257, 27596929, 238513360, 108481286, 209948443, 107668528, 50913205, 172430707, 159813373, 68373453, 164112807, 112047684, 175360034]
[239554898, 105465088, 218365829, 203396497, 217698719, 109346344, 97770307, 148322777, 40290812, 53317582, 37400546, 22010658, 175723653, 165222218, 73768585, 222361649, 122267290, 183229434, 110253602, 236404051, 84153860, 126893068, 26600584, 13761399, 219667882, 217646206, 241830177, 9876773, 529557, 31049115, 177676138, 69558821, 243714980, 122743854, 104370347, 60772675, 122493426, 211212441, 84340898, 171023574, 191988092, 6004240, 141975672, 182382331, 60169248, 48856296, 212556591, 125285908, 98653799, 112007566, 217452140, 5555922, 45744348, 73503130, 161775644, 220445681, 117347905, 167087389, 192827476, 136018156, 131109619, 167837843, 182240958, 8391516, 229586495, 213735879, 97850511, 183893057, 194165031, 214936839, 224240891, 154115694, 138837282, 248682662, 216393363, 68549987, 232222394, 1476246, 151179556, 23831083, 186875312, 15363865, 148894419, 235170124, 151625514, 85970942, 197269257, 56981299, 125621014, 73203161, 14762083, 123527406, 189868651, 238999946, 128491558, 49062058, 181149222, 4814286, 70349429, 17899699, 109362641, 69449907, 13119783, 115250199]
[239554898, 105465088, 218365829, 203396497, 217698719, 109346344, 97770307, 148322777, 40290812, 53317582, 37400546, 22010658, 175723653, 165222218, 73768585, 222361649, 122267290, 183229434, 110253602, 236404051, 84153860, 126893068, 26600584, 13761399, 219667882, 217646206, 241830177, 9876773, 529557, 31049115, 177676138, 69558821, 243714980, 122743854, 104370347, 60772675, 122493426, 211212441, 84340898, 171023574, 191988092, 6004240, 141975672, 182382331, 60169248, 48856296, 212556591, 125285908, 98653799, 112007566, 217452140, 5555922, 45744348, 73503130, 161775644, 220445681, 117347905, 167087389, 192827476, 136018156, 131109619, 167837843, 182240958, 8391516, 229586495, 213735879, 97850511, 183893057, 194165031, 214936839, 224240891, 154115694, 138837282, 248682662, 216393363, 68549987, 232222394, 1476246, 151179556, 23831083, 67522189, 37046337, 30331306, 30809804, 180069300, 109853152, 142626223, 133024700, 213505916, 145828056, 36192707, 210076901, 18631466, 66249244, 106394530, 98937705, 62076670, 211747572, 159709517, 177020859, 69774396, 59441119, 127579775, 190351108]
[239554898, 105465088, 218365829, 203396497, 217698719, 109346344, 97770307, 148322777, 40290812, 53317582, 37400546, 22010658, 175723653, 165222218, 73768585, 222361649, 122267290, 183229434, 110253602, 236404051, 84153860, 126893068, 26600584, 13761399, 219667882, 217646206, 241830177, 9876773, 529557, 31049115, 177676138, 69558821, 243714980, 122743854, 104370347, 60772675, 122493426, 211212441, 84340898, 171023574, 191988092, 6004240, 141975672, 182382331, 60169248, 48856296, 212556591, 125285908, 98653799, 112007566, 217452140, 5555922, 45744348, 73503130, 161775644, 220445681, 117347905, 167087389, 192827476, 30322964, 129797693, 162069456, 20098438, 175458121, 154340491, 200438724, 50980885, 218284050, 41182885, 54506857, 78043547, 1605079, 36994883, 167476512, 84602607, 136635004, 82774592, 181994661, 94214124, 242953261, 177936239, 115570111, 26692013, 2990388, 120026433, 26376298, 118170346, 33166470, 202562618, 46228497, 77391020, 36586039, 72004815, 112682012, 28505242, 118174889, 234876250, 40489333, 141832259, 135064792, 24841018, 79777615, 130579439, 114335020]
[239554898, 105465088, 218365829, 203396497, 217698719, 109346344, 97770307, 148322777, 40290812, 53317582, 37400546, 22010658, 175723653, 165222218, 73768585, 222361649, 122267290, 183229434, 110253602, 236404051, 84153860, 126893068, 26600584, 13761399, 219667882, 217646206, 241830177, 9876773, 529557, 31049115, 177676138, 69558821, 243714980, 122743854, 104370347, 60772675, 122493426, 211212441, 84340898, 171023574, 191988092, 6004240, 141975672, 182382331, 60169248, 48856296, 212556591, 125285908, 98653799, 112007566, 217452140, 5555922, 45744348, 73503130, 161775644, 220445681, 117347905, 167087389, 192827476, 136018156, 131109619, 167837843, 182240958, 8391516, 229586495, 213735879, 97850511, 183893057, 194165031, 214936839, 224240891, 154115694, 138837282, 248682662, 216393363, 68549987, 232222394, 1476246, 151179556, 23831083, 67522189, 37046337, 30331306, 30809804, 180069300, 32947905, 205930261, 16667085, 210298056, 203809029, 78308169, 16378318, 196407529, 15753659, 160485131, 164523539, 69485263, 87357724, 10232706, 28337702, 49003948, 104445823, 88181501, 44591456]
[239554898, 105465088, 218365829, 203396497, 217698719, 109346344, 97770307, 148322777, 40290812, 53317582, 37400546, 22010658, 175723653, 165222218, 73768585, 222361649, 122267290, 183229434, 110253602, 236404051, 84153860, 126893068, 26600584, 13761399, 219667882, 217646206, 241830177, 9876773, 529557, 31049115, 177676138, 69558821, 243714980, 122743854, 104370347, 60772675, 122493426, 211212441, 84340898, 171023574, 191988092, 6004240, 141975672, 182382331, 60169248, 48856296, 212556591, 125285908, 98653799, 112007566, 217452140, 5555922, 45744348, 73503130, 161775644, 220445681, 117347905, 167087389, 192827476, 30322964, 129797693, 162069456, 20098438, 175458121, 154340491, 200438724, 50980885, 218284050, 41182885, 54506857, 78043547, 1605079, 36994883, 167476512, 84602607, 136635004, 82774592, 181994661, 94214124, 242953261, 177936239, 115570111, 26692013, 2990388, 120026433, 26376298, 118170346, 33166470, 202562618, 46228497, 77391020, 36586039, 72004815, 5868703, 17944968, 237299864, 195166319, 145257292, 50226053, 203079641, 129497923, 244868432, 229245573, 179123172]
[239554898, 105465088, 218365829, 203396497, 217698719, 109346344, 97770307, 148322777, 40290812, 53317582, 37400546, 22010658, 175723653, 165222218, 73768585, 222361649, 122267290, 183229434, 110253602, 236404051, 84153860, 126893068, 26600584, 13761399, 219667882, 217646206, 241830177, 9876773, 529557, 31049115, 177676138, 69558821, 243714980, 122743854, 104370347, 60772675, 122493426, 211212441, 84340898, 171023574, 191988092, 6004240, 141975672, 182382331, 60169248, 48856296, 212556591, 125285908, 98653799, 112007566, 217452140, 5555922, 45744348, 73503130, 161775644, 220445681, 117347905, 167087389, 192827476, 30322964, 129797693, 162069456, 20098438, 175458121, 154340491, 200438724, 50980885, 218284050, 41182885, 54506857, 78043547, 1605079, 36994883, 167476512, 84602607, 136635004, 82774592, 181994661, 94214124, 242953261, 177936239, 115570111, 26692013, 2990388, 120026433, 26376298, 118170346, 33166470, 202562618, 46228497, 77391020, 36586039, 72004815, 5868703, 17944968, 237299864, 79713110, 246736336, 219932021, 64448808, 244178239, 37486994, 145095233, 177212735]
[239554898, 105465088, 218365829, 203396497, 217698719, 109346344, 97770307, 148322777, 40290812, 53317582, 37400546, 22010658, 175723653, 165222218, 73768585, 222361649, 122267290, 183229434, 110253602, 236404051, 84153860, 126893068, 26600584, 13761399, 219667882, 217646206, 241830177, 9876773, 529557, 31049115, 177676138, 69558821, 243714980, 122743854, 104370347, 60772675, 122493426, 211212441, 84340898, 171023574, 191988092, 6004240, 141975672, 182382331, 60169248, 48856296, 212556591, 125285908, 98653799, 112007566, 217452140, 5555922, 45744348, 73503130, 161775644, 220445681, 117347905, 167087389, 192827476, 136018156, 131109619, 167837843, 182240958, 8391516, 229586495, 213735879, 97850511, 183893057, 194165031, 214936839, 224240891, 154115694, 138837282, 248682662, 216393363, 68549987, 232222394, 1476246, 151179556, 23831083, 186875312, 15363865, 148894419, 175412006, 162336783, 220767862, 257334, 2980324, 159935775, 57531261, 2110292, 132842143, 175445337, 3218014, 59524486, 195873983, 87095342, 27555519, 128469637, 90992766, 69808459, 167907895, 83460714, 58107538]
[239554898, 105465088, 218365829, 203396497, 217698719, 109346344, 97770307, 148322777, 40290812, 53317582, 37400546, 22010658, 175723653, 165222218, 73768585, 222361649, 122267290, 183229434, 110253602, 236404051, 84153860, 126893068, 26600584, 13761399, 219667882, 217646206, 241830177, 9876773, 529557, 31049115, 177676138, 69558821, 243714980, 122743854, 104370347, 60772675, 122493426, 211212441, 84340898, 171023574, 191988092, 6004240, 141975672, 182382331, 60169248, 48856296, 212556591, 125285908, 98653799, 112007566, 217452140, 5555922, 45744348, 73503130, 161775644, 220445681, 117347905, 167087389, 192827476, 136018156, 131109619, 167837843, 182240958, 8391516, 229586495, 213735879, 97850511, 183893057, 194165031, 214936839, 224240891, 154115694, 138837282, 248682662, 216393363, 68549987, 232222394, 1476246, 151179556, 23831083, 186875312, 15363865, 148894419, 175412006, 162336783, 220767862, 257334, 2980324, 159935775, 57531261, 2110292, 132842143, 180764072, 146670478, 29426298, 138117769, 20096346, 48591039, 36017153, 124682740, 241321565, 218959610, 10667156, 233489013]
[239554898, 105465088, 218365829, 203396497, 217698719, 109346344, 97770307, 148322777, 40290812, 53317582, 37400546, 22010658, 175723653, 165222218, 73768585, 222361649, 122267290, 183229434, 110253602, 236404051, 84153860, 126893068, 26600584, 13761399, 219667882, 217646206, 241830177, 9876773, 529557, 31049115, 177676138, 69558821, 243714980, 122743854, 104370347, 60772675, 122493426, 211212441, 84340898, 171023574, 191988092, 6004240, 141975672, 182382331, 60169248, 48856296, 212556591, 125285908, 98653799, 112007566, 217452140, 5555922, 45744348, 73503130, 161775644, 220445681, 117347905, 167087389, 192827476, 16949894, 154797606, 31554297, 227448688, 27607733, 7853203, 140242752, 68768893, 164110998, 12898830, 247773033, 204652173, 205971979, 68424825, 160403798, 117872922, 90131011, 162593568, 230345226, 44376985, 76933, 101975899, 156083460, 117175685, 142997913, 127523190, 24591345, 117503723, 97783181, 232447133, 220089946, 25606384, 182826144, 114478306, 54705583, 33853950, 113319769, 140601050, 109748050, 91923627, 71857524, 181876032, 115112176, 94136552, 4047415]
[239554898, 105465088, 218365829, 203396497, 217698719, 109346344, 97770307, 148322777, 40290812, 53317582, 37400546, 22010658, 175723653, 165222218, 73768585, 222361649, 122267290, 183229434, 110253602, 236404051, 84153860, 126893068, 26600584, 13761399, 219667882, 217646206, 241830177, 9876773, 529557, 31049115, 177676138, 69558821, 243714980, 122743854, 104370347, 60772675, 122493426, 211212441, 84340898, 171023574, 191988092, 6004240, 141975672, 182382331, 60169248, 48856296, 212556591, 125285908, 98653799, 112007566, 217452140, 5555922, 45744348, 73503130, 161775644, 220445681, 117347905, 167087389, 192827476, 136018156, 131109619, 167837843, 182240958, 8391516, 229586495, 213735879, 97850511, 183893057, 194165031, 214936839, 224240891, 154115694, 138837282, 248682662, 216393363, 68549987, 232222394, 1476246, 151179556, 23831083, 67522189, 37046337, 30331306, 30809804, 180069300, 109853152, 142626223, 133024700, 213505916, 145828056, 36192707, 210076901, 18631466, 52777234, 8271894, 104723084, 103227377, 83603035, 145670874, 248686775, 89906296, 134505737, 78507979, 64412025]
[239554898, 105465088, 218365829, 203396497, 217698719, 109346344, 97770307, 148322777, 40290812, 53317582, 37400546, 22010658, 175723653, 165222218, 73768585, 222361649, 122267290, 183229434, 110253602, 236404051, 84153860, 126893068, 26600584, 13761399, 219667882, 217646206, 241830177, 9876773, 529557, 31049115, 177676138, 69558821, 243714980, 122743854, 104370347, 60772675, 122493426, 211212441, 84340898, 171023574, 191988092, 6004240, 141975672, 182382331, 60169248, 48856296, 212556591, 125285908, 98653799, 112007566, 217452140, 5555922, 45744348, 73503130, 161775644, 220445681, 117347905, 167087389, 192827476, 136018156, 131109619, 167837843, 182240958, 8391516, 229586495, 213735879, 97850511, 183893057, 194165031, 214936839, 224240891, 154115694, 138837282, 248682662, 216393363, 68549987, 232222394, 1476246, 151179556, 23831083, 67522189, 37046337, 30331306, 30809804, 180069300, 109853152, 142626223, 133024700, 213505916, 145828056, 36192707, 210076901, 18631466, 215945163, 194354097, 118288656, 112073061, 227711161, 2874705, 25019001, 119042219, 20757261, 229096340, 218705270]
[239554898, 105465088, 218365829, 203396497, 217698719, 109346344, 97770307, 148322777, 40290812, 53317582, 37400546, 22010658, 175723653, 165222218, 73768585, 222361649, 122267290, 183229434, 110253602, 236404051, 84153860, 126893068, 26600584, 13761399, 219667882, 217646206, 241830177, 9876773, 529557, 31049115, 177676138, 69558821, 243714980, 122743854, 104370347, 60772675, 122493426, 211212441, 84340898, 171023574, 191988092, 6004240, 141975672, 182382331, 60169248, 48856296, 212556591, 125285908, 98653799, 112007566, 217452140, 5555922, 45744348, 73503130, 161775644, 220445681, 117347905, 167087389, 192827476, 136018156, 131109619, 167837843, 182240958, 8391516, 229586495, 213735879, 97850511, 183893057, 194165031, 214936839, 224240891, 154115694, 138837282, 248682662, 216393363, 68549987, 232222394, 1476246, 151179556, 23831083, 67522189, 37046337, 30331306, 30809804, 180069300, 109853152, 142626223, 133024700, 117964535, 146059510, 67770928, 76232463, 91833605, 163571838, 57833901, 195748756, 118062300, 177267363, 126437427, 221249134, 167770073, 121699354, 154650700, 158043299]
[239554898, 105465088, 218365829, 203396497, 217698719, 109346344, 97770307, 148322777, 40290812, 53317582, 37400546, 22010658, 175723653, 165222218, 73768585, 222361649, 122267290, 183229434, 110253602, 236404051, 84153860, 126893068, 26600584, 13761399, 219667882, 217646206, 241830177, 9876773, 529557, 31049115, 177676138, 69558821, 243714980, 122743854, 104370347, 60772675, 122493426, 211212441, 84340898, 171023574, 191988092, 6004240, 141975672, 182382331, 60169248, 48856296, 212556591, 125285908, 98653799, 112007566, 217452140, 5555922, 45744348, 73503130, 161775644, 220445681, 117347905, 167087389, 192827476, 136018156, 131109619, 167837843, 182240958, 8391516, 229586495, 213735879, 97850511, 183893057, 194165031, 214936839, 224240891, 154115694, 138837282, 248682662, 216393363, 68549987, 232222394, 1476246, 151179556, 23831083, 67522189, 37046337, 30331306, 30809804, 180069300, 109853152, 142626223, 133024700, 117964535, 146059510, 67770928, 76232463, 91833605, 163571838, 57833901, 195748756, 157389207, 160441688, 245533810, 163513534, 36194765, 185318521, 69853561, 121929526]
[239554898, 105465088, 218365829, 203396497, 217698719, 109346344, 97770307, 148322777, 40290812, 53317582, 37400546, 22010658, 175723653, 165222218, 73768585, 222361649, 122267290, 183229434, 110253602, 236404051, 84153860, 126893068, 26600584, 13761399, 219667882, 217646206, 241830177, 9876773, 529557, 31049115, 177676138, 69558821, 243714980, 122743854, 104370347, 60772675, 122493426, 211212441, 84340898, 171023574, 191988092, 6004240, 141975672, 182382331, 60169248, 48856296, 212556591, 125285908, 98653799, 112007566, 217452140, 5555922, 45744348, 73503130, 161775644, 220445681, 117347905, 167087389, 192827476, 136018156, 131109619, 167837843, 182240958, 8391516, 229586495, 213735879, 97850511, 183893057, 194165031, 214936839, 224240891, 154115694, 138837282, 248682662, 216393363, 68549987, 232222394, 1476246, 151179556, 23831083, 67522189, 37046337, 30331306, 30809804, 180069300, 109853152, 142626223, 133024700, 213505916, 123561113, 138092197, 82592552, 175310019, 103121523, 23245329, 29484858, 144073463, 104990896, 201160449, 150056184, 1083072, 70741010, 139666237, 45102471]
[239554898, 105465088, 218365829, 203396497, 217698719, 109346344, 97770307, 148322777, 40290812, 53317582, 37400546, 22010658, 175723653, 165222218, 73768585, 222361649, 122267290, 183229434, 110253602, 236404051, 84153860, 126893068, 26600584, 13761399, 219667882, 217646206, 241830177, 9876773, 529557, 31049115, 177676138, 69558821, 243714980, 122743854, 104370347, 60772675, 122493426, 211212441, 84340898, 171023574, 191988092, 6004240, 141975672, 182382331, 60169248, 48856296, 212556591, 125285908, 98653799, 112007566, 217452140, 5555922, 45744348, 73503130, 161775644, 220445681, 117347905, 167087389, 192827476, 30322964, 129797693, 162069456, 20098438, 175458121, 154340491, 200438724, 50980885, 218284050, 35865695, 35960691, 173099041, 248672976, 217120534, 97773753, 5693530, 103311836, 7361823, 212275175, 195610465, 58543141, 188212498, 156770475, 16958913, 243592260, 220549079, 221076218, 88034874, 244897100, 150300874, 231037992, 121823749, 187914666, 154375674, 133933325, 85906876, 116004832, 39067517, 207532587, 79074042, 134570579, 202918813, 44103984, 72254704, 211853601]
[239554898, 105465088, 218365829, 203396497, 217698719, 109346344, 97770307, 148322777, 40290812, 53317582, 37400546, 22010658, 175723653, 165222218, 73768585, 222361649, 122267290, 183229434, 110253602, 236404051, 84153860, 126893068, 26600584, 13761399, 219667882, 217646206, 241830177, 9876773, 529557, 31049115, 177676138, 69558821, 243714980, 122743854, 104370347, 60772675, 122493426, 211212441, 84340898, 171023574, 191988092, 6004240, 141975672, 182382331, 60169248, 48856296, 212556591, 125285908, 98653799, 112007566, 217452140, 5555922, 45744348, 73503130, 161775644, 220445681, 117347905, 167087389, 192827476, 136018156, 131109619, 167837843, 182240958, 8391516, 229586495, 213735879, 97850511, 183893057, 194165031, 214936839, 224240891, 154115694, 138837282, 248682662, 216393363, 68549987, 232222394, 1476246, 151179556, 23831083, 67522189, 37046337, 30331306, 30809804, 180069300, 109853152, 142626223, 133024700, 117964535, 146059510, 57098611, 91433257, 27596929, 238513360, 108481286, 209948443, 85239108, 132667688, 85000668, 218751899, 117862195, 213227027, 127500354, 238050023]
[239554898, 105465088, 218365829, 203396497, 217698719, 109346344, 97770307, 148322777, 40290812, 53317582, 37400546, 22010658, 175723653, 165222218, 73768585, 222361649, 122267290, 183229434, 110253602, 236404051, 84153860, 126893068, 26600584, 13761399, 219667882, 217646206, 241830177, 9876773, 529557, 31049115, 177676138, 69558821, 243714980, 122743854, 104370347, 60772675, 122493426, 211212441, 84340898, 171023574, 191988092, 6004240, 141975672, 182382331, 60169248, 48856296, 212556591, 125285908, 98653799, 112007566, 217452140, 5555922, 45744348, 73503130, 161775644, 220445681, 117347905, 167087389, 192827476, 136018156, 131109619, 167837843, 182240958, 8391516, 229586495, 213735879, 97850511, 183893057, 194165031, 214936839, 224240891, 154115694, 138837282, 248682662, 216393363, 68549987, 232222394, 1476246, 151179556, 23831083, 67522189, 37046337, 30331306, 30809804, 180069300, 109853152, 142626223, 133024700, 117964535, 146059510, 57098611, 91433257, 38568678, 195314443, 169850861, 240024758, 246457470, 180796297, 209936281, 140126002, 191150488, 137439351, 226301310, 145297539]
[239554898, 105465088, 218365829, 203396497, 217698719, 109346344, 97770307, 148322777, 40290812, 53317582, 37400546, 22010658, 175723653, 165222218, 73768585, 222361649, 122267290, 183229434, 110253602, 236404051, 84153860, 126893068, 26600584, 13761399, 219667882, 217646206, 241830177, 9876773, 529557, 31049115, 177676138, 69558821, 243714980, 122743854, 104370347, 60772675, 122493426, 211212441, 84340898, 171023574, 191988092, 6004240, 141975672, 182382331, 60169248, 48856296, 212556591, 125285908, 98653799, 112007566, 217452140, 5555922, 45744348, 73503130, 161775644, 220445681, 117347905, 167087389, 192827476, 30322964, 129797693, 162069456, 20098438, 175458121, 154340491, 200438724, 50980885, 218284050, 35865695, 35960691, 173099041, 248672976, 217120534, 97773753, 5693530, 103311836, 7361823, 87771202, 105809505, 22382340, 39666005, 110445834, 30069573, 90714617, 230716197, 16119416, 184671964, 209467104, 146000494, 25141289, 40494108, 60501027, 229459517, 130626408, 39917210, 93782235, 234983649, 103210948, 170327114, 186655078, 161185472, 151435319, 82263589, 20247759]
[239554898, 105465088, 218365829, 203396497, 217698719, 109346344, 97770307, 148322777, 40290812, 53317582, 37400546, 22010658, 175723653, 165222218, 73768585, 222361649, 122267290, 183229434, 110253602, 236404051, 84153860, 126893068, 26600584, 13761399, 219667882, 217646206, 241830177, 9876773, 529557, 31049115, 177676138, 69558821, 243714980, 122743854, 104370347, 60772675, 122493426, 211212441, 84340898, 171023574, 191988092, 6004240, 141975672, 182382331, 60169248, 48856296, 212556591, 125285908, 98653799, 112007566, 217452140, 5555922, 45744348, 73503130, 161775644, 220445681, 117347905, 167087389, 192827476, 136018156, 131109619, 167837843, 182240958, 8391516, 229586495, 213735879, 97850511, 183893057, 194165031, 214936839, 224240891, 154115694, 138837282, 248682662, 216393363, 68549987, 232222394, 1476246, 151179556, 23831083, 67522189, 37046337, 30331306, 30809804, 180069300, 109853152, 142626223, 133024700, 117964535, 146059510, 57098611, 91433257, 38568678, 195314443, 163790292, 132089438, 135535892, 54485142, 175395672, 126926272, 28309940, 59678656, 25052604, 101354453]
[239554898, 105465088, 218365829, 203396497, 217698719, 109346344, 97770307, 148322777, 40290812, 53317582, 37400546, 22010658, 175723653, 165222218, 73768585, 222361649, 122267290, 183229434, 110253602, 236404051, 84153860, 126893068, 26600584, 13761399, 219667882, 217646206, 241830177, 9876773, 529557, 31049115, 177676138, 69558821, 243714980, 122743854, 104370347, 60772675, 122493426, 211212441, 84340898, 171023574, 191988092, 6004240, 141975672, 182382331, 60169248, 48856296, 212556591, 125285908, 98653799, 112007566, 217452140, 5555922, 45744348, 73503130, 161775644, 220445681, 117347905, 167087389, 192827476, 136018156, 131109619, 167837843, 182240958, 8391516, 229586495, 213735879, 97850511, 183893057, 194165031, 214936839, 224240891, 154115694, 138837282, 248682662, 216393363, 68549987, 232222394, 1476246, 151179556, 23831083, 67522189, 37046337, 30331306, 30809804, 25267365, 33628761, 120843493, 60323715, 141937992, 214517939, 159351707, 225092483, 171806910, 180015946, 114838391, 74579433, 107756521, 69291096, 219891302, 84132165, 133892243, 30543193, 176295890, 149831968]
[239554898, 105465088, 218365829, 203396497, 217698719, 109346344, 97770307, 148322777, 40290812, 53317582, 37400546, 22010658, 175723653, 165222218, 73768585, 222361649, 122267290, 183229434, 110253602, 236404051, 84153860, 126893068, 26600584, 13761399, 219667882, 217646206, 241830177, 9876773, 529557, 31049115, 177676138, 69558821, 243714980, 122743854, 104370347, 60772675, 122493426, 211212441, 84340898, 171023574, 191988092, 6004240, 141975672, 182382331, 60169248, 48856296, 212556591, 125285908, 98653799, 112007566, 217452140, 5555922, 45744348, 73503130, 161775644, 220445681, 117347905, 167087389, 192827476, 136018156, 131109619, 167837843, 182240958, 8391516, 229586495, 213735879, 97850511, 183893057, 194165031, 214936839, 224240891, 154115694, 138837282, 248682662, 216393363, 68549987, 232222394, 1476246, 151179556, 23831083, 186875312, 15363865, 148894419, 175412006, 162336783, 220767862, 257334, 2980324, 159935775, 57531261, 2110292, 132842143, 180764072, 146670478, 29426298, 138117769, 124771713, 173506613, 27461156, 223431827, 151786580, 14843414, 1957459, 50166968]
[239554898, 105465088, 218365829, 203396497, 217698719, 109346344, 97770307, 148322777, 40290812, 53317582, 37400546, 22010658, 175723653, 165222218, 73768585, 222361649, 122267290, 183229434, 110253602, 236404051, 84153860, 126893068, 26600584, 13761399, 219667882, 217646206, 241830177, 9876773, 529557, 31049115, 177676138, 69558821, 243714980, 122743854, 104370347, 60772675, 122493426, 211212441, 84340898, 171023574, 191988092, 6004240, 141975672, 182382331, 60169248, 48856296, 212556591, 125285908, 98653799, 112007566, 217452140, 5555922, 45744348, 73503130, 161775644, 220445681, 117347905, 167087389, 192827476, 136018156, 131109619, 167837843, 182240958, 8391516, 229586495, 213735879, 97850511, 183893057, 194165031, 214936839, 224240891, 154115694, 138837282, 248682662, 216393363, 68549987, 232222394, 1476246, 151179556, 23831083, 67522189, 37046337, 30331306, 30809804, 180069300, 109853152, 142626223, 133024700, 213505916, 123561113, 138092197, 82592552, 175310019, 103121523, 23245329, 29484858, 144073463, 104990896, 201160449, 150056184, 1083072, 70741010, 113226387, 152457657]
[239554898, 105465088, 218365829, 203396497, 217698719, 109346344, 97770307, 148322777, 40290812, 53317582, 37400546, 22010658, 175723653, 165222218, 73768585, 222361649, 122267290, 183229434, 110253602, 236404051, 84153860, 126893068, 26600584, 13761399, 219667882, 217646206, 241830177, 9876773, 529557, 31049115, 177676138, 69558821, 243714980, 122743854, 104370347, 60772675, 122493426, 211212441, 84340898, 171023574, 191988092, 6004240, 141975672, 182382331, 60169248, 48856296, 212556591, 125285908, 98653799, 112007566, 217452140, 5555922, 45744348, 73503130, 161775644, 220445681, 117347905, 167087389, 192827476, 136018156, 131109619, 167837843, 182240958, 8391516, 229586495, 213735879, 97850511, 183893057, 194165031, 214936839, 224240891, 154115694, 138837282, 248682662, 216393363, 68549987, 232222394, 1476246, 151179556, 23831083, 67522189, 37046337, 30331306, 30809804, 25267365, 33628761, 120843493, 60323715, 141937992, 214517939, 159351707, 225092483, 171806910, 228378040, 237812772, 201916728, 165088190, 6361737, 66562892, 42927463, 221134397, 45989711, 25428786, 218834658]
[239554898, 105465088, 218365829, 203396497, 217698719, 109346344, 97770307, 148322777, 40290812, 53317582, 37400546, 22010658, 175723653, 165222218, 73768585, 222361649, 122267290, 183229434, 110253602, 236404051, 84153860, 126893068, 26600584, 13761399, 219667882, 217646206, 241830177, 9876773, 529557, 31049115, 177676138, 69558821, 243714980, 122743854, 104370347, 60772675, 122493426, 211212441, 84340898, 171023574, 191988092, 6004240, 141975672, 182382331, 60169248, 48856296, 212556591, 125285908, 98653799, 112007566, 217452140, 5555922, 45744348, 73503130, 161775644, 220445681, 117347905, 167087389, 192827476, 30322964, 129797693, 162069456, 20098438, 175458121, 154340491, 200438724, 50980885, 218284050, 35865695, 35960691, 173099041, 248672976, 217120534, 97773753, 5693530, 103311836, 7361823, 87771202, 105809505, 22382340, 39666005, 202644599, 8269985, 227419249, 183354607, 194933427, 13040324, 200577707, 182868465, 214988932, 217080839, 134840078, 12674506, 208612539, 135818552, 131881721, 19970264, 18862316, 247540603, 101585852, 131733722, 138875918, 236563690, 236935602]
[239554898, 105465088, 218365829, 203396497, 217698719, 109346344, 97770307, 148322777, 40290812, 53317582, 37400546, 22010658, 175723653, 165222218, 73768585, 222361649, 122267290, 183229434, 110253602, 236404051, 84153860, 126893068, 26600584, 13761399, 219667882, 217646206, 241830177, 9876773, 529557, 31049115, 177676138, 69558821, 243714980, 122743854, 104370347, 60772675, 122493426, 211212441, 84340898, 171023574, 191988092, 6004240, 141975672, 182382331, 60169248, 48856296, 212556591, 125285908, 98653799, 112007566, 217452140, 5555922, 45744348, 73503130, 161775644, 220445681, 117347905, 167087389, 192827476, 136018156, 131109619, 167837843, 182240958, 8391516, 229586495, 213735879, 97850511, 183893057, 194165031, 214936839, 224240891, 154115694, 138837282, 248682662, 216393363, 68549987, 232222394, 1476246, 151179556, 23831083, 67522189, 37046337, 30331306, 30809804, 180069300, 32947905, 92433975, 10504298, 97570684, 135634069, 114736754, 44605410, 48138700, 146004529, 33870450, 153772956, 85229674, 57394436, 170809433, 154526405, 70021265, 110901335, 47777627, 124611291]
[239554898, 105465088, 218365829, 203396497, 217698719, 109346344, 97770307, 148322777, 40290812, 53317582, 37400546, 22010658, 175723653, 165222218, 73768585, 222361649, 122267290, 183229434, 110253602, 236404051, 84153860, 126893068, 26600584, 13761399, 219667882, 217646206, 241830177, 9876773, 529557, 31049115, 177676138, 69558821, 243714980, 122743854, 104370347, 60772675, 122493426, 211212441, 84340898, 171023574, 191988092, 6004240, 141975672, 182382331, 60169248, 48856296, 212556591, 125285908, 98653799, 112007566, 217452140, 5555922, 45744348, 73503130, 161775644, 220445681, 117347905, 167087389, 192827476, 136018156, 131109619, 167837843, 182240958, 8391516, 229586495, 213735879, 97850511, 183893057, 194165031, 214936839, 224240891, 154115694, 138837282, 248682662, 216393363, 68549987, 232222394, 1476246, 151179556, 23831083, 67522189, 37046337, 30331306, 30809804, 180069300, 109853152, 142626223, 133024700, 117964535, 146059510, 57098611, 91433257, 27596929, 238513360, 158285182, 6900631, 93749637, 49967267, 907908, 69378306, 166546093, 103183614, 103056331, 174820605]
[239554898, 105465088, 218365829, 203396497, 217698719, 109346344, 97770307, 148322777, 40290812, 53317582, 37400546, 22010658, 175723653, 165222218, 73768585, 222361649, 122267290, 183229434, 110253602, 236404051, 84153860, 126893068, 26600584, 13761399, 219667882, 217646206, 241830177, 9876773, 529557, 31049115, 177676138, 69558821, 243714980, 122743854, 104370347, 60772675, 122493426, 211212441, 84340898, 171023574, 191988092, 6004240, 141975672, 182382331, 60169248, 48856296, 212556591, 125285908, 98653799, 112007566, 217452140, 5555922, 45744348, 73503130, 161775644, 220445681, 117347905, 167087389, 192827476, 136018156, 131109619, 167837843, 182240958, 8391516, 229586495, 213735879, 97850511, 183893057, 194165031, 214936839, 224240891, 154115694, 138837282, 248682662, 216393363, 68549987, 232222394, 1476246, 151179556, 23831083, 67522189, 37046337, 30331306, 30809804, 180069300, 32947905, 205930261, 16667085, 210298056, 203809029, 78308169, 16378318, 196407529, 15753659, 160485131, 237915332, 143881255, 157330827, 106500990, 50899079, 118294597, 195959874, 226990430, 11154596]
[239554898, 105465088, 218365829, 203396497, 217698719, 109346344, 97770307, 148322777, 40290812, 53317582, 37400546, 22010658, 175723653, 165222218, 73768585, 222361649, 122267290, 183229434, 110253602, 236404051, 84153860, 126893068, 26600584, 13761399, 219667882, 217646206, 241830177, 9876773, 529557, 31049115, 177676138, 69558821, 243714980, 122743854, 104370347, 60772675, 122493426, 211212441, 84340898, 171023574, 191988092, 6004240, 141975672, 182382331, 60169248, 48856296, 212556591, 125285908, 98653799, 112007566, 217452140, 5555922, 45744348, 73503130, 161775644, 220445681, 117347905, 167087389, 192827476, 136018156, 131109619, 167837843, 182240958, 8391516, 229586495, 213735879, 97850511, 183893057, 194165031, 214936839, 224240891, 154115694, 138837282, 248682662, 216393363, 68549987, 232222394, 1476246, 151179556, 23831083, 186875312, 15363865, 148894419, 175412006, 162336783, 220767862, 257334, 2980324, 159935775, 57531261, 2110292, 132842143, 175445337, 3218014, 59524486, 195873983, 134969456, 242249109, 186640499, 119914522, 166939565, 214474418, 229622155, 199455363]
[239554898, 105465088, 218365829, 203396497, 217698719, 109346344, 97770307, 148322777, 40290812, 53317582, 37400546, 22010658, 175723653, 165222218, 73768585, 222361649, 122267290, 183229434, 110253602, 236404051, 84153860, 126893068, 26600584, 13761399, 219667882, 217646206, 241830177, 9876773, 529557, 31049115, 177676138, 69558821, 243714980, 122743854, 104370347, 60772675, 122493426, 211212441, 84340898, 171023574, 191988092, 6004240, 141975672, 182382331, 60169248, 48856296, 212556591, 125285908, 98653799, 112007566, 217452140, 5555922, 45744348, 73503130, 161775644, 220445681, 117347905, 167087389, 192827476, 136018156, 131109619, 167837843, 182240958, 8391516, 229586495, 213735879, 97850511, 183893057, 194165031, 214936839, 224240891, 154115694, 138837282, 248682662, 216393363, 68549987, 232222394, 1476246, 151179556, 23831083, 186875312, 15363865, 148894419, 175412006, 162336783, 220767862, 257334, 2980324, 159935775, 57531261, 2110292, 132842143, 63114250, 213032620, 38717631, 248261742, 48707030, 206601718, 173305872, 167316559, 10332446, 123424096, 205713353, 213948716]
[239554898, 105465088, 218365829, 203396497, 217698719, 109346344, 97770307, 148322777, 40290812, 53317582, 37400546, 22010658, 175723653, 165222218, 73768585, 222361649, 122267290, 183229434, 110253602, 236404051, 84153860, 126893068, 26600584, 13761399, 219667882, 217646206, 241830177, 9876773, 529557, 31049115, 177676138, 69558821, 243714980, 122743854, 104370347, 60772675, 122493426, 211212441, 84340898, 171023574, 191988092, 6004240, 141975672, 182382331, 60169248, 48856296, 212556591, 125285908, 98653799, 112007566, 217452140, 5555922, 45744348, 73503130, 161775644, 220445681, 117347905, 167087389, 192827476, 30322964, 129797693, 162069456, 20098438, 175458121, 154340491, 200438724, 50980885, 218284050, 35865695, 35960691, 173099041, 248672976, 217120534, 97773753, 5693530, 103311836, 7361823, 87771202, 105809505, 22382340, 39666005, 110445834, 30069573, 90714617, 230716197, 16119416, 184671964, 209467104, 146000494, 25141289, 40494108, 60501027, 229459517, 130626408, 39917210, 93782235, 234983649, 103210948, 170327114, 186655078, 161185472, 208799980, 109465209, 107303624]
[239554898, 105465088, 218365829, 203396497, 217698719, 109346344, 97770307, 148322777, 40290812, 53317582, 37400546, 22010658, 175723653, 165222218, 73768585, 222361649, 122267290, 183229434, 110253602, 236404051, 84153860, 126893068, 26600584, 13761399, 219667882, 217646206, 241830177, 9876773, 529557, 31049115, 177676138, 69558821, 243714980, 122743854, 104370347, 60772675, 122493426, 211212441, 84340898, 171023574, 191988092, 6004240, 141975672, 182382331, 60169248, 48856296, 212556591, 125285908, 98653799, 112007566, 217452140, 5555922, 45744348, 73503130, 161775644, 220445681, 117347905, 167087389, 192827476, 136018156, 131109619, 167837843, 182240958, 8391516, 229586495, 213735879, 97850511, 183893057, 194165031, 214936839, 224240891, 154115694, 138837282, 248682662, 216393363, 68549987, 232222394, 1476246, 151179556, 23831083, 67522189, 37046337, 30331306, 30809804, 25267365, 33628761, 120843493, 60323715, 141937992, 214517939, 159351707, 225092483, 171806910, 228378040, 237812772, 195871251, 232599126, 115928926, 25880720, 233547739, 64376752, 172186062, 197306164, 243539007]
[239554898, 105465088, 218365829, 203396497, 217698719, 109346344, 97770307, 148322777, 40290812, 53317582, 37400546, 22010658, 175723653, 165222218, 73768585, 222361649, 122267290, 183229434, 110253602, 236404051, 84153860, 126893068, 26600584, 13761399, 219667882, 217646206, 241830177, 9876773, 529557, 31049115, 177676138, 69558821, 243714980, 122743854, 104370347, 60772675, 122493426, 211212441, 84340898, 171023574, 191988092, 6004240, 141975672, 182382331, 60169248, 48856296, 212556591, 125285908, 98653799, 112007566, 217452140, 5555922, 45744348, 73503130, 161775644, 220445681, 117347905, 167087389, 192827476, 136018156, 131109619, 167837843, 182240958, 8391516, 229586495, 213735879, 97850511, 183893057, 194165031, 214936839, 224240891, 154115694, 138837282, 248682662, 216393363, 68549987, 232222394, 1476246, 151179556, 23831083, 67522189, 37046337, 30331306, 30809804, 180069300, 109853152, 142626223, 133024700, 117964535, 146059510, 57098611, 91433257, 27596929, 238513360, 108481286, 209948443, 56184597, 4053209, 89549718, 7700963, 172560252, 95108655, 28455309, 200911046]
[239554898, 105465088, 218365829, 203396497, 217698719, 109346344, 97770307, 148322777, 40290812, 53317582, 37400546, 22010658, 175723653, 165222218, 73768585, 222361649, 122267290, 183229434, 110253602, 236404051, 84153860, 126893068, 26600584, 13761399, 219667882, 217646206, 241830177, 9876773, 529557, 31049115, 177676138, 69558821, 243714980, 122743854, 104370347, 60772675, 122493426, 211212441, 84340898, 171023574, 191988092, 6004240, 141975672, 182382331, 60169248, 48856296, 212556591, 125285908, 98653799, 112007566, 217452140, 5555922, 45744348, 73503130, 161775644, 220445681, 117347905, 167087389, 192827476, 136018156, 131109619, 167837843, 182240958, 8391516, 229586495, 213735879, 97850511, 183893057, 194165031, 214936839, 224240891, 154115694, 138837282, 248682662, 216393363, 68549987, 232222394, 1476246, 151179556, 23831083, 67522189, 37046337, 30331306, 30809804, 180069300, 109853152, 142626223, 133024700, 117964535, 146059510, 57098611, 91433257, 27596929, 238513360, 108481286, 209948443, 56184597, 4053209, 89549718, 7700963, 172560252, 95108655, 126695842, 236125848]
[239554898, 105465088, 218365829, 203396497, 217698719, 109346344, 97770307, 148322777, 40290812, 53317582, 37400546, 22010658, 175723653, 165222218, 73768585, 222361649, 122267290, 183229434, 110253602, 236404051, 84153860, 126893068, 26600584, 13761399, 219667882, 217646206, 241830177, 9876773, 529557, 31049115, 177676138, 69558821, 243714980, 122743854, 104370347, 60772675, 122493426, 211212441, 84340898, 171023574, 191988092, 6004240, 141975672, 182382331, 60169248, 48856296, 212556591, 125285908, 98653799, 112007566, 217452140, 5555922, 45744348, 73503130, 161775644, 220445681, 117347905, 167087389, 192827476, 136018156, 131109619, 167837843, 182240958, 8391516, 229586495, 213735879, 97850511, 183893057, 194165031, 214936839, 224240891, 154115694, 138837282, 248682662, 216393363, 68549987, 232222394, 1476246, 151179556, 23831083, 67522189, 37046337, 30331306, 30809804, 180069300, 109853152, 142626223, 133024700, 213505916, 145828056, 36192707, 210076901, 18631466, 52777234, 8271894, 17663428, 4536358, 92171121, 6760031, 173755756, 87812423, 204359454, 14318650, 17164146]
[239554898, 105465088, 218365829, 203396497, 217698719, 109346344, 97770307, 148322777, 40290812, 53317582, 37400546, 22010658, 175723653, 165222218, 73768585, 222361649, 122267290, 183229434, 110253602, 236404051, 84153860, 126893068, 26600584, 13761399, 219667882, 217646206, 241830177, 9876773, 529557, 31049115, 177676138, 69558821, 243714980, 122743854, 104370347, 60772675, 122493426, 211212441, 84340898, 171023574, 191988092, 6004240, 141975672, 182382331, 60169248, 48856296, 212556591, 125285908, 98653799, 112007566, 217452140, 5555922, 45744348, 73503130, 161775644, 220445681, 117347905, 167087389, 192827476, 136018156, 131109619, 167837843, 182240958, 8391516, 229586495, 213735879, 97850511, 183893057, 194165031, 214936839, 224240891, 154115694, 138837282, 248682662, 216393363, 68549987, 232222394, 1476246, 151179556, 23831083, 186875312, 15363865, 148894419, 175412006, 162336783, 220767862, 257334, 143166041, 24692386, 98064457, 86943863, 188097428, 130804698, 214226392, 65375030, 240064347, 110050142, 141194250, 230085431, 242552439, 56115484, 116589072, 158350204, 240807474]
[239554898, 105465088, 218365829, 203396497, 217698719, 109346344, 97770307, 148322777, 40290812, 53317582, 37400546, 22010658, 175723653, 165222218, 73768585, 222361649, 122267290, 183229434, 110253602, 236404051, 84153860, 126893068, 26600584, 13761399, 219667882, 217646206, 241830177, 9876773, 529557, 31049115, 177676138, 69558821, 243714980, 122743854, 104370347, 60772675, 122493426, 211212441, 84340898, 171023574, 191988092, 6004240, 141975672, 182382331, 60169248, 48856296, 212556591, 125285908, 98653799, 112007566, 217452140, 5555922, 45744348, 73503130, 161775644, 220445681, 117347905, 167087389, 192827476, 136018156, 131109619, 167837843, 182240958, 8391516, 229586495, 213735879, 97850511, 183893057, 194165031, 214936839, 224240891, 154115694, 138837282, 248682662, 216393363, 68549987, 232222394, 1476246, 151179556, 23831083, 67522189, 37046337, 30331306, 30809804, 180069300, 109853152, 142626223, 133024700, 213505916, 145828056, 36192707, 210076901, 18631466, 215945163, 194354097, 118288656, 112073061, 202801511, 6119983, 246584321, 114928022, 232086375, 209144100, 165976811]
[239554898, 105465088, 218365829, 203396497, 217698719, 109346344, 97770307, 148322777, 40290812, 53317582, 37400546, 22010658, 175723653, 165222218, 73768585, 222361649, 122267290, 183229434, 110253602, 236404051, 84153860, 126893068, 26600584, 13761399, 219667882, 217646206, 241830177, 9876773, 529557, 31049115, 177676138, 69558821, 243714980, 122743854, 104370347, 60772675, 122493426, 211212441, 84340898, 171023574, 191988092, 6004240, 141975672, 182382331, 60169248, 48856296, 212556591, 125285908, 98653799, 112007566, 217452140, 5555922, 45744348, 73503130, 161775644, 220445681, 117347905, 167087389, 192827476, 136018156, 131109619, 167837843, 182240958, 8391516, 229586495, 213735879, 97850511, 183893057, 194165031, 214936839, 224240891, 154115694, 138837282, 248682662, 216393363, 68549987, 232222394, 1476246, 151179556, 23831083, 67522189, 37046337, 30331306, 30809804, 180069300, 32947905, 205930261, 16667085, 210298056, 203809029, 78308169, 16378318, 196407529, 15753659, 160485131, 164523539, 69485263, 87357724, 10232706, 214633128, 59320060, 139564948, 193065955, 213131678]
[239554898, 105465088, 218365829, 203396497, 217698719, 109346344, 97770307, 148322777, 40290812, 53317582, 37400546, 22010658, 175723653, 165222218, 73768585, 222361649, 122267290, 183229434, 110253602, 236404051, 84153860, 126893068, 26600584, 13761399, 219667882, 217646206, 241830177, 9876773, 529557, 31049115, 177676138, 69558821, 243714980, 122743854, 104370347, 60772675, 122493426, 211212441, 84340898, 171023574, 191988092, 6004240, 141975672, 182382331, 60169248, 48856296, 212556591, 125285908, 98653799, 112007566, 217452140, 5555922, 45744348, 73503130, 161775644, 220445681, 117347905, 167087389, 192827476, 136018156, 131109619, 167837843, 182240958, 8391516, 229586495, 213735879, 97850511, 183893057, 194165031, 214936839, 224240891, 154115694, 138837282, 248682662, 216393363, 68549987, 232222394, 1476246, 151179556, 23831083, 186875312, 15363865, 148894419, 175412006, 162336783, 220767862, 257334, 2980324, 159935775, 57531261, 2110292, 132842143, 175445337, 3218014, 59524486, 51877899, 69471570, 194967192, 248342848, 179953975, 99669648, 158864731, 212919253, 98117228]
[239554898, 105465088, 218365829, 203396497, 217698719, 109346344, 97770307, 148322777, 40290812, 53317582, 37400546, 22010658, 175723653, 165222218, 73768585, 222361649, 122267290, 183229434, 110253602, 236404051, 84153860, 126893068, 26600584, 13761399, 219667882, 217646206, 241830177, 9876773, 529557, 31049115, 177676138, 69558821, 243714980, 122743854, 104370347, 60772675, 122493426, 211212441, 84340898, 171023574, 191988092, 6004240, 141975672, 182382331, 60169248, 48856296, 212556591, 125285908, 98653799, 112007566, 217452140, 5555922, 45744348, 73503130, 161775644, 220445681, 117347905, 167087389, 192827476, 136018156, 131109619, 167837843, 182240958, 8391516, 229586495, 213735879, 97850511, 183893057, 194165031, 214936839, 224240891, 154115694, 138837282, 248682662, 216393363, 68549987, 232222394, 1476246, 151179556, 23831083, 67522189, 37046337, 30331306, 30809804, 25267365, 33628761, 120843493, 60323715, 141937992, 214517939, 159351707, 225092483, 171806910, 228378040, 237812772, 201916728, 165088190, 186778219, 14214200, 210875311, 56560810, 192328709, 17538047, 13887971]
[239554898, 105465088, 218365829, 203396497, 217698719, 109346344, 97770307, 148322777, 40290812, 53317582, 37400546, 22010658, 175723653, 165222218, 73768585, 222361649, 122267290, 183229434, 110253602, 236404051, 84153860, 126893068, 26600584, 13761399, 219667882, 217646206, 241830177, 9876773, 529557, 31049115, 177676138, 69558821, 243714980, 122743854, 104370347, 60772675, 122493426, 211212441, 84340898, 171023574, 191988092, 6004240, 141975672, 182382331, 60169248, 48856296, 212556591, 125285908, 98653799, 112007566, 217452140, 5555922, 45744348, 73503130, 161775644, 220445681, 117347905, 167087389, 192827476, 136018156, 131109619, 167837843, 182240958, 8391516, 229586495, 213735879, 97850511, 183893057, 194165031, 214936839, 224240891, 154115694, 138837282, 248682662, 216393363, 68549987, 232222394, 1476246, 151179556, 23831083, 186875312, 15363865, 148894419, 175412006, 162336783, 220767862, 257334, 2980324, 159935775, 57531261, 2110292, 132842143, 63114250, 213032620, 38717631, 248261742, 186829643, 117770311, 128697965, 224230569, 39930676, 234007680, 80372864, 20602012]
[239554898, 105465088, 218365829, 203396497, 217698719, 109346344, 97770307, 148322777, 40290812, 53317582, 37400546, 22010658, 175723653, 165222218, 73768585, 222361649, 122267290, 183229434, 110253602, 236404051, 84153860, 126893068, 26600584, 13761399, 219667882, 217646206, 241830177, 9876773, 529557, 31049115, 177676138, 69558821, 243714980, 122743854, 104370347, 60772675, 122493426, 211212441, 84340898, 171023574, 191988092, 6004240, 141975672, 182382331, 60169248, 48856296, 212556591, 125285908, 98653799, 112007566, 217452140, 5555922, 45744348, 73503130, 161775644, 220445681, 117347905, 167087389, 192827476, 136018156, 131109619, 167837843, 182240958, 8391516, 229586495, 213735879, 97850511, 183893057, 194165031, 214936839, 224240891, 154115694, 138837282, 248682662, 216393363, 68549987, 232222394, 1476246, 151179556, 23831083, 67522189, 37046337, 30331306, 30809804, 25267365, 33628761, 120843493, 60323715, 141937992, 214517939, 159351707, 225092483, 171806910, 228378040, 237812772, 201916728, 165088190, 186778219, 14214200, 210875311, 56560810, 17438649, 143022157, 59870642]
[239554898, 105465088, 218365829, 203396497, 217698719, 109346344, 97770307, 148322777, 40290812, 53317582, 37400546, 22010658, 175723653, 165222218, 73768585, 222361649, 122267290, 183229434, 110253602, 236404051, 84153860, 126893068, 26600584, 13761399, 219667882, 217646206, 241830177, 9876773, 529557, 31049115, 177676138, 69558821, 243714980, 122743854, 104370347, 60772675, 122493426, 211212441, 84340898, 171023574, 191988092, 6004240, 141975672, 182382331, 60169248, 48856296, 212556591, 125285908, 98653799, 112007566, 217452140, 5555922, 45744348, 73503130, 161775644, 220445681, 117347905, 167087389, 192827476, 136018156, 131109619, 167837843, 182240958, 8391516, 229586495, 213735879, 97850511, 183893057, 194165031, 214936839, 224240891, 154115694, 138837282, 248682662, 216393363, 68549987, 232222394, 1476246, 151179556, 23831083, 67522189, 37046337, 30331306, 30809804, 25267365, 33628761, 120843493, 60323715, 141937992, 214517939, 159351707, 225092483, 171806910, 228378040, 223335645, 215148842, 139616328, 248670051, 181864879, 106115424, 73209317, 228698045, 162796807, 67338416]
[239554898, 105465088, 218365829, 203396497, 217698719, 109346344, 97770307, 148322777, 40290812, 53317582, 37400546, 22010658, 175723653, 165222218, 73768585, 222361649, 122267290, 183229434, 110253602, 236404051, 84153860, 126893068, 26600584, 13761399, 219667882, 217646206, 241830177, 9876773, 529557, 31049115, 177676138, 69558821, 243714980, 122743854, 104370347, 60772675, 122493426, 211212441, 84340898, 171023574, 191988092, 6004240, 141975672, 182382331, 60169248, 48856296, 212556591, 125285908, 98653799, 112007566, 217452140, 5555922, 45744348, 73503130, 161775644, 220445681, 117347905, 167087389, 192827476, 136018156, 131109619, 167837843, 182240958, 8391516, 229586495, 213735879, 97850511, 183893057, 194165031, 214936839, 224240891, 154115694, 138837282, 248682662, 216393363, 68549987, 232222394, 1476246, 151179556, 23831083, 67522189, 37046337, 30331306, 30809804, 180069300, 109853152, 142626223, 133024700, 213505916, 123561113, 138092197, 82592552, 175310019, 103121523, 23245329, 29484858, 144073463, 104990896, 201160449, 150056184, 1384566, 57162367, 201035464, 128000112]
[239554898, 105465088, 218365829, 203396497, 217698719, 109346344, 97770307, 148322777, 40290812, 53317582, 37400546, 22010658, 175723653, 165222218, 73768585, 222361649, 122267290, 183229434, 110253602, 236404051, 84153860, 126893068, 26600584, 13761399, 219667882, 217646206, 241830177, 9876773, 529557, 31049115, 177676138, 69558821, 243714980, 122743854, 104370347, 60772675, 122493426, 211212441, 84340898, 171023574, 191988092, 6004240, 141975672, 182382331, 60169248, 48856296, 212556591, 125285908, 98653799, 112007566, 217452140, 5555922, 45744348, 73503130, 161775644, 220445681, 117347905, 167087389, 192827476, 16949894, 154797606, 31554297, 227448688, 27607733, 7853203, 140242752, 68768893, 164110998, 12898830, 247773033, 204652173, 205971979, 68424825, 83740896, 201654924, 169231707, 97514553, 121528382, 248758816, 163110820, 139726861, 193829157, 94638618, 50010934, 245101943, 152894996, 85098711, 84256216, 167307796, 39557324, 111587632, 72991358, 245961368, 10151453, 130418649, 63481080, 116455564, 28467779, 73195056, 112135734, 9054541, 128971431, 85006032, 190509659]
[239554898, 105465088, 218365829, 203396497, 217698719, 109346344, 97770307, 148322777, 40290812, 53317582, 37400546, 22010658, 175723653, 165222218, 73768585, 222361649, 122267290, 183229434, 110253602, 236404051, 84153860, 126893068, 26600584, 13761399, 219667882, 217646206, 241830177, 9876773, 529557, 31049115, 177676138, 69558821, 243714980, 122743854, 104370347, 60772675, 122493426, 211212441, 84340898, 171023574, 191988092, 6004240, 141975672, 182382331, 60169248, 48856296, 212556591, 125285908, 98653799, 112007566, 217452140, 5555922, 45744348, 73503130, 161775644, 220445681, 117347905, 167087389, 192827476, 136018156, 131109619, 167837843, 182240958, 8391516, 229586495, 213735879, 97850511, 183893057, 194165031, 214936839, 224240891, 154115694, 138837282, 248682662, 216393363, 68549987, 232222394, 1476246, 151179556, 23831083, 67522189, 37046337, 143879866, 123729297, 235762465, 220063132, 92098001, 139677268, 111910638, 125174305, 1628967, 230259817, 41442578, 105270920, 69727422, 14126595, 74528828, 94040418, 105488848, 196737081, 242394982, 92140660, 75346608, 119843559]
[239554898, 105465088, 218365829, 203396497, 217698719, 109346344, 97770307, 148322777, 40290812, 53317582, 37400546, 22010658, 175723653, 165222218, 73768585, 222361649, 122267290, 183229434, 110253602, 236404051, 84153860, 126893068, 26600584, 13761399, 219667882, 217646206, 241830177, 9876773, 529557, 31049115, 177676138, 69558821, 243714980, 122743854, 104370347, 60772675, 122493426, 211212441, 84340898, 171023574, 191988092, 6004240, 141975672, 182382331, 60169248, 48856296, 212556591, 125285908, 98653799, 112007566, 217452140, 5555922, 45744348, 73503130, 161775644, 220445681, 117347905, 167087389, 192827476, 136018156, 131109619, 167837843, 182240958, 8391516, 229586495, 213735879, 97850511, 183893057, 194165031, 214936839, 224240891, 154115694, 138837282, 248682662, 216393363, 68549987, 232222394, 1476246, 151179556, 23831083, 67522189, 37046337, 30331306, 30809804, 180069300, 109853152, 142626223, 133024700, 117964535, 146059510, 57098611, 91433257, 27596929, 238513360, 108481286, 209948443, 85239108, 132667688, 140155475, 49479876, 131163368, 58258267, 114782532, 46207590]
[239554898, 105465088, 218365829, 203396497, 217698719, 109346344, 97770307, 148322777, 40290812, 53317582, 37400546, 22010658, 175723653, 165222218, 73768585, 222361649, 122267290, 183229434, 110253602, 236404051, 84153860, 126893068, 26600584, 13761399, 219667882, 217646206, 241830177, 9876773, 529557, 31049115, 177676138, 69558821, 243714980, 122743854, 104370347, 60772675, 122493426, 211212441, 84340898, 171023574, 191988092, 6004240, 141975672, 182382331, 60169248, 48856296, 212556591, 125285908, 98653799, 112007566, 217452140, 5555922, 45744348, 73503130, 161775644, 220445681, 117347905, 167087389, 192827476, 16949894, 154797606, 31554297, 227448688, 27607733, 7853203, 140242752, 68768893, 164110998, 12898830, 247773033, 204652173, 205971979, 68424825, 83740896, 201654924, 169231707, 97514553, 121528382, 248758816, 163110820, 139726861, 193829157, 94638618, 50010934, 245101943, 152894996, 85098711, 84256216, 167307796, 39557324, 111587632, 72991358, 245961368, 10151453, 242644118, 5256703, 105898646, 34741448, 80938712, 175210216, 119163970, 21477814, 34660824, 41164766]
[239554898, 105465088, 218365829, 203396497, 217698719, 109346344, 97770307, 148322777, 40290812, 53317582, 37400546, 22010658, 175723653, 165222218, 73768585, 222361649, 122267290, 183229434, 110253602, 236404051, 84153860, 126893068, 26600584, 13761399, 219667882, 217646206, 241830177, 9876773, 529557, 31049115, 177676138, 69558821, 243714980, 122743854, 104370347, 60772675, 122493426, 211212441, 84340898, 171023574, 191988092, 6004240, 141975672, 182382331, 60169248, 48856296, 212556591, 125285908, 98653799, 112007566, 217452140, 5555922, 45744348, 73503130, 161775644, 220445681, 117347905, 167087389, 192827476, 136018156, 131109619, 167837843, 182240958, 8391516, 229586495, 213735879, 97850511, 183893057, 194165031, 214936839, 224240891, 154115694, 138837282, 248682662, 216393363, 68549987, 232222394, 1476246, 151179556, 23831083, 67522189, 37046337, 30331306, 30809804, 180069300, 109853152, 142626223, 133024700, 117964535, 146059510, 57098611, 91433257, 38568678, 195314443, 169850861, 240024758, 246457470, 180796297, 209936281, 85774478, 153946026, 36357201, 92586455, 81895196]
[239554898, 105465088, 218365829, 203396497, 217698719, 109346344, 97770307, 148322777, 40290812, 53317582, 37400546, 22010658, 175723653, 165222218, 73768585, 222361649, 122267290, 183229434, 110253602, 236404051, 84153860, 126893068, 26600584, 13761399, 219667882, 217646206, 241830177, 9876773, 529557, 31049115, 177676138, 69558821, 243714980, 122743854, 104370347, 60772675, 122493426, 211212441, 84340898, 171023574, 191988092, 6004240, 141975672, 182382331, 60169248, 48856296, 212556591, 125285908, 98653799, 112007566, 217452140, 5555922, 45744348, 73503130, 161775644, 220445681, 117347905, 167087389, 192827476, 136018156, 131109619, 167837843, 182240958, 8391516, 229586495, 213735879, 97850511, 183893057, 194165031, 214936839, 224240891, 154115694, 138837282, 248682662, 216393363, 68549987, 232222394, 1476246, 151179556, 23831083, 186875312, 15363865, 148894419, 175412006, 162336783, 220767862, 257334, 2980324, 159935775, 57531261, 2110292, 132842143, 63114250, 213032620, 38717631, 248261742, 48707030, 206601718, 173305872, 115244695, 80959837, 56751891, 234836021, 8632512]
[239554898, 105465088, 218365829, 203396497, 217698719, 109346344, 97770307, 148322777, 40290812, 53317582, 37400546, 22010658, 175723653, 165222218, 73768585, 222361649, 122267290, 183229434, 110253602, 236404051, 84153860, 126893068, 26600584, 13761399, 219667882, 217646206, 241830177, 9876773, 529557, 31049115, 177676138, 69558821, 243714980, 122743854, 104370347, 60772675, 122493426, 211212441, 84340898, 171023574, 191988092, 6004240, 141975672, 182382331, 60169248, 48856296, 212556591, 125285908, 98653799, 112007566, 217452140, 5555922, 45744348, 73503130, 161775644, 220445681, 117347905, 167087389, 192827476, 136018156, 131109619, 167837843, 182240958, 8391516, 229586495, 213735879, 97850511, 183893057, 194165031, 214936839, 224240891, 154115694, 138837282, 248682662, 216393363, 68549987, 232222394, 1476246, 151179556, 23831083, 67522189, 37046337, 30331306, 30809804, 25267365, 33628761, 120843493, 60323715, 161552165, 45948928, 156724531, 189656957, 96043887, 210101002, 72206643, 198507616, 71170187, 176629760, 202485127, 34984140, 96789850, 44692253, 18854350, 245294096]
[239554898, 105465088, 218365829, 203396497, 217698719, 109346344, 97770307, 148322777, 40290812, 53317582, 37400546, 22010658, 175723653, 165222218, 73768585, 222361649, 122267290, 183229434, 110253602, 236404051, 84153860, 126893068, 26600584, 13761399, 219667882, 217646206, 241830177, 9876773, 529557, 31049115, 177676138, 69558821, 243714980, 122743854, 104370347, 60772675, 122493426, 211212441, 84340898, 171023574, 191988092, 6004240, 141975672, 182382331, 60169248, 48856296, 212556591, 125285908, 98653799, 112007566, 217452140, 5555922, 45744348, 73503130, 161775644, 220445681, 117347905, 167087389, 192827476, 136018156, 131109619, 167837843, 182240958, 8391516, 229586495, 213735879, 97850511, 183893057, 194165031, 214936839, 224240891, 154115694, 138837282, 248682662, 216393363, 68549987, 232222394, 1476246, 151179556, 23831083, 186875312, 15363865, 148894419, 175412006, 162336783, 220767862, 257334, 2980324, 159935775, 57531261, 2110292, 132842143, 180764072, 146670478, 219318739, 176835431, 149437895, 124168872, 39918452, 207329894, 33750613, 167025032, 123013607, 154824510]
[239554898, 105465088, 218365829, 203396497, 217698719, 109346344, 97770307, 148322777, 40290812, 53317582, 37400546, 22010658, 175723653, 165222218, 73768585, 222361649, 122267290, 183229434, 110253602, 236404051, 84153860, 126893068, 26600584, 13761399, 219667882, 217646206, 241830177, 9876773, 529557, 31049115, 177676138, 69558821, 243714980, 122743854, 104370347, 60772675, 122493426, 211212441, 84340898, 171023574, 191988092, 6004240, 141975672, 182382331, 60169248, 48856296, 212556591, 125285908, 98653799, 112007566, 217452140, 5555922, 45744348, 73503130, 161775644, 220445681, 117347905, 167087389, 192827476, 136018156, 131109619, 167837843, 182240958, 8391516, 229586495, 213735879, 97850511, 183893057, 194165031, 214936839, 224240891, 154115694, 138837282, 248682662, 216393363, 68549987, 232222394, 1476246, 151179556, 23831083, 67522189, 37046337, 30331306, 30809804, 25267365, 33628761, 120843493, 60323715, 141937992, 214517939, 159351707, 225092483, 120514877, 124027030, 104876276, 136109757, 173360391, 11716214, 48364755, 238879747, 226291923, 149944453, 41102122, 235705387]
[239554898, 105465088, 218365829, 203396497, 217698719, 109346344, 97770307, 148322777, 40290812, 53317582, 37400546, 22010658, 175723653, 165222218, 73768585, 222361649, 122267290, 183229434, 110253602, 236404051, 84153860, 126893068, 26600584, 13761399, 219667882, 217646206, 241830177, 9876773, 529557, 31049115, 177676138, 69558821, 243714980, 122743854, 104370347, 60772675, 122493426, 211212441, 84340898, 171023574, 191988092, 6004240, 141975672, 182382331, 60169248, 48856296, 212556591, 125285908, 98653799, 112007566, 217452140, 5555922, 45744348, 73503130, 161775644, 220445681, 117347905, 167087389, 192827476, 136018156, 131109619, 167837843, 182240958, 8391516, 229586495, 213735879, 97850511, 183893057, 194165031, 214936839, 224240891, 154115694, 138837282, 248682662, 216393363, 68549987, 232222394, 1476246, 151179556, 23831083, 67522189, 37046337, 30331306, 30809804, 25267365, 236085028, 54752257, 31154509, 112833706, 2456493, 157810119, 226487189, 199590539, 468094, 2905358, 155156672, 66275301, 222911222, 212962531, 59953807, 138744679, 12486486, 2874148, 38387821]
[239554898, 105465088, 218365829, 203396497, 217698719, 109346344, 97770307, 148322777, 40290812, 53317582, 37400546, 22010658, 175723653, 165222218, 73768585, 222361649, 122267290, 183229434, 110253602, 236404051, 84153860, 126893068, 26600584, 13761399, 219667882, 217646206, 241830177, 9876773, 529557, 31049115, 177676138, 69558821, 243714980, 122743854, 104370347, 60772675, 122493426, 211212441, 84340898, 171023574, 191988092, 6004240, 141975672, 182382331, 60169248, 48856296, 212556591, 125285908, 98653799, 112007566, 217452140, 5555922, 45744348, 73503130, 161775644, 220445681, 117347905, 167087389, 192827476, 136018156, 131109619, 167837843, 182240958, 8391516, 229586495, 213735879, 97850511, 183893057, 194165031, 214936839, 224240891, 154115694, 138837282, 248682662, 216393363, 68549987, 232222394, 1476246, 151179556, 23831083, 67522189, 37046337, 30331306, 30809804, 180069300, 109853152, 142626223, 133024700, 117964535, 146059510, 57098611, 73333121, 165472275, 247574085, 38256730, 108458298, 17314258, 63296127, 167988758, 70250725, 190061948, 196560982, 235676241, 119806012]
[239554898, 105465088, 218365829, 203396497, 217698719, 109346344, 97770307, 148322777, 40290812, 53317582, 37400546, 22010658, 175723653, 165222218, 73768585, 222361649, 122267290, 183229434, 110253602, 236404051, 84153860, 126893068, 26600584, 13761399, 219667882, 217646206, 241830177, 9876773, 529557, 31049115, 177676138, 69558821, 243714980, 122743854, 104370347, 60772675, 122493426, 211212441, 84340898, 171023574, 191988092, 6004240, 141975672, 182382331, 60169248, 48856296, 212556591, 125285908, 98653799, 112007566, 217452140, 5555922, 45744348, 73503130, 161775644, 220445681, 117347905, 167087389, 192827476, 136018156, 131109619, 167837843, 182240958, 8391516, 229586495, 213735879, 97850511, 183893057, 194165031, 214936839, 224240891, 154115694, 138837282, 248682662, 216393363, 68549987, 232222394, 1476246, 151179556, 23831083, 67522189, 37046337, 30331306, 30809804, 180069300, 109853152, 142626223, 133024700, 117964535, 146059510, 57098611, 91433257, 27596929, 238513360, 158285182, 6900631, 93749637, 49967267, 907908, 69378306, 166546093, 103183614, 244680919, 62438994]
[239554898, 105465088, 218365829, 203396497, 217698719, 109346344, 97770307, 148322777, 40290812, 53317582, 37400546, 22010658, 175723653, 165222218, 73768585, 222361649, 122267290, 183229434, 110253602, 236404051, 84153860, 126893068, 26600584, 13761399, 219667882, 217646206, 241830177, 9876773, 529557, 31049115, 177676138, 69558821, 243714980, 122743854, 104370347, 60772675, 122493426, 211212441, 84340898, 171023574, 191988092, 6004240, 141975672, 182382331, 60169248, 48856296, 212556591, 125285908, 98653799, 112007566, 217452140, 5555922, 45744348, 73503130, 161775644, 220445681, 117347905, 167087389, 192827476, 136018156, 131109619, 167837843, 182240958, 8391516, 229586495, 213735879, 97850511, 183893057, 194165031, 214936839, 224240891, 154115694, 138837282, 248682662, 216393363, 68549987, 232222394, 1476246, 151179556, 23831083, 186875312, 15363865, 148894419, 175412006, 162336783, 220767862, 257334, 2980324, 159935775, 57531261, 2110292, 132842143, 63114250, 213032620, 38717631, 248261742, 186829643, 16759472, 143349793, 155185222, 234766588, 210337701, 153314377, 37312155]
[239554898, 105465088, 218365829, 203396497, 217698719, 109346344, 97770307, 148322777, 40290812, 53317582, 37400546, 22010658, 175723653, 165222218, 73768585, 222361649, 122267290, 183229434, 110253602, 236404051, 84153860, 126893068, 26600584, 13761399, 219667882, 217646206, 241830177, 9876773, 529557, 31049115, 177676138, 69558821, 243714980, 122743854, 104370347, 60772675, 122493426, 211212441, 84340898, 171023574, 191988092, 6004240, 141975672, 182382331, 60169248, 48856296, 212556591, 125285908, 98653799, 112007566, 217452140, 5555922, 45744348, 73503130, 161775644, 220445681, 117347905, 167087389, 192827476, 136018156, 131109619, 167837843, 182240958, 8391516, 229586495, 213735879, 97850511, 183893057, 194165031, 214936839, 224240891, 154115694, 138837282, 248682662, 216393363, 68549987, 232222394, 1476246, 151179556, 23831083, 186875312, 15363865, 148894419, 175412006, 162336783, 220767862, 257334, 2980324, 159935775, 57531261, 2110292, 132842143, 175445337, 3218014, 59524486, 195873983, 134969456, 242249109, 90696871, 48815472, 68908784, 193360551, 87365867, 81365195]
[239554898, 105465088, 218365829, 203396497, 217698719, 109346344, 97770307, 148322777, 40290812, 53317582, 37400546, 22010658, 175723653, 165222218, 73768585, 222361649, 122267290, 183229434, 110253602, 236404051, 84153860, 126893068, 26600584, 13761399, 219667882, 217646206, 241830177, 9876773, 529557, 31049115, 177676138, 69558821, 243714980, 122743854, 104370347, 60772675, 122493426, 211212441, 84340898, 171023574, 191988092, 6004240, 141975672, 182382331, 60169248, 48856296, 212556591, 125285908, 98653799, 112007566, 217452140, 5555922, 45744348, 73503130, 161775644, 220445681, 117347905, 167087389, 192827476, 136018156, 131109619, 167837843, 182240958, 8391516, 229586495, 213735879, 97850511, 183893057, 194165031, 214936839, 224240891, 154115694, 138837282, 248682662, 216393363, 68549987, 232222394, 1476246, 151179556, 23831083, 67522189, 37046337, 30331306, 30809804, 25267365, 33628761, 120843493, 60323715, 141937992, 214517939, 159351707, 225092483, 171806910, 228378040, 223335645, 215148842, 139616328, 248670051, 181864879, 106115424, 73209317, 228698045, 162733898, 118489786]
[239554898, 105465088, 218365829, 203396497, 217698719, 109346344, 97770307, 148322777, 40290812, 53317582, 37400546, 22010658, 175723653, 165222218, 73768585, 222361649, 122267290, 183229434, 110253602, 236404051, 84153860, 126893068, 26600584, 13761399, 219667882, 217646206, 241830177, 9876773, 529557, 31049115, 177676138, 69558821, 243714980, 122743854, 104370347, 60772675, 122493426, 211212441, 84340898, 171023574, 191988092, 6004240, 141975672, 182382331, 60169248, 48856296, 212556591, 125285908, 98653799, 112007566, 217452140, 5555922, 45744348, 73503130, 161775644, 220445681, 117347905, 167087389, 192827476, 136018156, 131109619, 167837843, 182240958, 8391516, 229586495, 213735879, 97850511, 183893057, 194165031, 214936839, 224240891, 154115694, 138837282, 248682662, 216393363, 68549987, 232222394, 1476246, 151179556, 23831083, 67522189, 37046337, 30331306, 30809804, 180069300, 109853152, 142626223, 133024700, 213505916, 145828056, 36192707, 210076901, 18631466, 215945163, 194354097, 118288656, 112073061, 202801511, 204383395, 55603611, 115796047, 142654663, 175324987, 78220123]
[239554898, 105465088, 218365829, 203396497, 217698719, 109346344, 97770307, 148322777, 40290812, 53317582, 37400546, 22010658, 175723653, 165222218, 73768585, 222361649, 122267290, 183229434, 110253602, 236404051, 84153860, 126893068, 26600584, 13761399, 219667882, 217646206, 241830177, 9876773, 529557, 31049115, 177676138, 69558821, 243714980, 122743854, 104370347, 60772675, 122493426, 211212441, 84340898, 171023574, 191988092, 6004240, 141975672, 182382331, 60169248, 48856296, 212556591, 125285908, 98653799, 112007566, 217452140, 5555922, 45744348, 73503130, 161775644, 220445681, 117347905, 167087389, 192827476, 136018156, 131109619, 167837843, 182240958, 8391516, 229586495, 213735879, 97850511, 183893057, 194165031, 214936839, 224240891, 154115694, 138837282, 248682662, 216393363, 68549987, 232222394, 1476246, 151179556, 23831083, 67522189, 37046337, 30331306, 30809804, 25267365, 33628761, 120843493, 60323715, 161552165, 221715995, 217892344, 19173152, 10149374, 172341237, 171235851, 131931277, 146047237, 81404556, 224911283, 4176832, 25667689, 75075392, 126472324, 96517543]
[239554898, 105465088, 218365829, 203396497, 217698719, 109346344, 97770307, 148322777, 40290812, 53317582, 37400546, 22010658, 175723653, 165222218, 73768585, 222361649, 122267290, 183229434, 110253602, 236404051, 84153860, 126893068, 26600584, 13761399, 219667882, 217646206, 241830177, 9876773, 529557, 31049115, 177676138, 69558821, 243714980, 122743854, 104370347, 60772675, 122493426, 211212441, 84340898, 171023574, 191988092, 6004240, 141975672, 182382331, 60169248, 48856296, 212556591, 125285908, 98653799, 112007566, 217452140, 5555922, 45744348, 73503130, 161775644, 220445681, 117347905, 167087389, 192827476, 136018156, 131109619, 167837843, 182240958, 8391516, 229586495, 213735879, 97850511, 183893057, 194165031, 214936839, 224240891, 154115694, 138837282, 248682662, 216393363, 68549987, 232222394, 1476246, 151179556, 23831083, 67522189, 37046337, 30331306, 30809804, 25267365, 33628761, 120843493, 60323715, 141937992, 214517939, 159351707, 225092483, 171806910, 180015946, 193909815, 209195070, 152264368, 137377006, 244794862, 200078438, 10690602, 167271346, 196914307, 240099657]
[239554898, 105465088, 218365829, 203396497, 217698719, 109346344, 97770307, 148322777, 40290812, 53317582, 37400546, 22010658, 175723653, 165222218, 73768585, 222361649, 122267290, 183229434, 110253602, 236404051, 84153860, 126893068, 26600584, 13761399, 219667882, 217646206, 241830177, 9876773, 529557, 31049115, 177676138, 69558821, 243714980, 122743854, 104370347, 60772675, 122493426, 211212441, 84340898, 171023574, 191988092, 6004240, 141975672, 182382331, 60169248, 48856296, 212556591, 125285908, 98653799, 112007566, 217452140, 5555922, 45744348, 73503130, 161775644, 220445681, 117347905, 167087389, 192827476, 136018156, 131109619, 167837843, 182240958, 8391516, 229586495, 213735879, 97850511, 183893057, 194165031, 214936839, 224240891, 154115694, 138837282, 248682662, 216393363, 68549987, 232222394, 1476246, 151179556, 23831083, 67522189, 37046337, 30331306, 30809804, 25267365, 33628761, 120843493, 60323715, 141937992, 214517939, 159351707, 225092483, 171806910, 228378040, 237812772, 201916728, 165088190, 172482161, 180536710, 78251912, 180330709, 51061067, 220434248, 188875317]
[239554898, 105465088, 218365829, 203396497, 217698719, 109346344, 97770307, 148322777, 40290812, 53317582, 37400546, 22010658, 175723653, 165222218, 73768585, 222361649, 122267290, 183229434, 110253602, 236404051, 84153860, 126893068, 26600584, 13761399, 219667882, 217646206, 241830177, 9876773, 529557, 31049115, 177676138, 69558821, 243714980, 122743854, 104370347, 60772675, 122493426, 211212441, 84340898, 171023574, 191988092, 6004240, 141975672, 182382331, 60169248, 48856296, 212556591, 125285908, 98653799, 112007566, 217452140, 5555922, 45744348, 73503130, 161775644, 220445681, 117347905, 167087389, 192827476, 136018156, 131109619, 167837843, 182240958, 8391516, 229586495, 213735879, 97850511, 183893057, 194165031, 214936839, 224240891, 154115694, 138837282, 248682662, 216393363, 68549987, 232222394, 1476246, 151179556, 23831083, 186875312, 15363865, 148894419, 175412006, 162336783, 220767862, 257334, 2980324, 159935775, 57531261, 2110292, 132842143, 63114250, 213032620, 38717631, 248261742, 48707030, 134068872, 8456722, 85004365, 90479193, 87943891, 16457901, 226148525]
[239554898, 105465088, 218365829, 203396497, 217698719, 109346344, 97770307, 148322777, 40290812, 53317582, 37400546, 22010658, 175723653, 165222218, 73768585, 222361649, 122267290, 183229434, 110253602, 236404051, 84153860, 126893068, 26600584, 13761399, 219667882, 217646206, 241830177, 9876773, 529557, 31049115, 177676138, 69558821, 243714980, 122743854, 104370347, 60772675, 122493426, 211212441, 84340898, 171023574, 191988092, 6004240, 141975672, 182382331, 60169248, 48856296, 212556591, 125285908, 98653799, 112007566, 217452140, 5555922, 45744348, 73503130, 161775644, 220445681, 117347905, 167087389, 192827476, 136018156, 131109619, 167837843, 182240958, 8391516, 229586495, 213735879, 97850511, 183893057, 194165031, 214936839, 224240891, 154115694, 138837282, 248682662, 216393363, 68549987, 232222394, 1476246, 151179556, 23831083, 67522189, 37046337, 30331306, 30809804, 180069300, 109853152, 142626223, 133024700, 213505916, 145828056, 36192707, 210076901, 18631466, 66249244, 106394530, 98937705, 22280856, 163202874, 122481697, 47233503, 211658005, 89756329, 110410102, 158066691]
[239554898, 105465088, 218365829, 203396497, 217698719, 109346344, 97770307, 148322777, 40290812, 53317582, 37400546, 22010658, 175723653, 165222218, 73768585, 222361649, 122267290, 183229434, 110253602, 236404051, 84153860, 126893068, 26600584, 13761399, 219667882, 217646206, 241830177, 9876773, 529557, 31049115, 177676138, 69558821, 243714980, 122743854, 104370347, 60772675, 122493426, 211212441, 84340898, 171023574, 191988092, 6004240, 141975672, 182382331, 60169248, 48856296, 212556591, 125285908, 98653799, 112007566, 217452140, 5555922, 45744348, 73503130, 161775644, 220445681, 117347905, 167087389, 192827476, 136018156, 131109619, 167837843, 182240958, 8391516, 229586495, 213735879, 97850511, 183893057, 194165031, 214936839, 224240891, 154115694, 138837282, 248682662, 216393363, 68549987, 232222394, 1476246, 151179556, 186122913, 60417403, 105641232, 103260047, 84908356, 81305338, 160418988, 65263081, 194339786, 204506009, 248186273, 173008625, 182670290, 29112124, 180697443, 196876595, 198617797, 217337664, 200490864, 151435112, 75147227, 165069626, 48105191, 233577297, 20604681]
[239554898, 105465088, 218365829, 203396497, 217698719, 109346344, 97770307, 148322777, 40290812, 53317582, 37400546, 22010658, 175723653, 165222218, 73768585, 222361649, 122267290, 183229434, 110253602, 236404051, 84153860, 126893068, 26600584, 13761399, 219667882, 217646206, 241830177, 9876773, 529557, 31049115, 177676138, 69558821, 243714980, 122743854, 104370347, 60772675, 122493426, 211212441, 84340898, 171023574, 191988092, 6004240, 141975672, 182382331, 60169248, 48856296, 212556591, 125285908, 98653799, 112007566, 217452140, 5555922, 45744348, 73503130, 161775644, 220445681, 117347905, 167087389, 192827476, 136018156, 131109619, 167837843, 182240958, 8391516, 229586495, 213735879, 97850511, 183893057, 194165031, 214936839, 224240891, 154115694, 138837282, 248682662, 216393363, 68549987, 232222394, 1476246, 151179556, 23831083, 67522189, 37046337, 30331306, 30809804, 180069300, 109853152, 142626223, 133024700, 213505916, 145828056, 36192707, 210076901, 18631466, 215945163, 194354097, 118288656, 112073061, 202801511, 26526868, 133327184, 155907150, 33648883, 192251357, 199521186]
[239554898, 105465088, 218365829, 203396497, 217698719, 109346344, 97770307, 148322777, 40290812, 53317582, 37400546, 22010658, 175723653, 165222218, 73768585, 222361649, 122267290, 183229434, 110253602, 236404051, 84153860, 126893068, 26600584, 13761399, 219667882, 217646206, 241830177, 9876773, 529557, 31049115, 177676138, 69558821, 243714980, 122743854, 104370347, 60772675, 122493426, 211212441, 84340898, 171023574, 191988092, 6004240, 141975672, 182382331, 60169248, 48856296, 212556591, 125285908, 98653799, 112007566, 217452140, 5555922, 45744348, 73503130, 161775644, 220445681, 117347905, 167087389, 192827476, 30322964, 129797693, 162069456, 20098438, 175458121, 154340491, 200438724, 50980885, 218284050, 41182885, 54506857, 78043547, 1605079, 36994883, 167476512, 84602607, 136635004, 82774592, 181994661, 94214124, 242953261, 177936239, 115570111, 26692013, 2990388, 120026433, 26376298, 118170346, 33166470, 202562618, 46228497, 77391020, 36586039, 72004815, 5868703, 17944968, 237299864, 195166319, 145257292, 50226053, 203079641, 129497923, 244868432, 43100642, 166091145]
[239554898, 105465088, 218365829, 203396497, 217698719, 109346344, 97770307, 148322777, 40290812, 53317582, 37400546, 22010658, 175723653, 165222218, 73768585, 222361649, 122267290, 183229434, 110253602, 236404051, 84153860, 126893068, 26600584, 13761399, 219667882, 217646206, 241830177, 9876773, 529557, 31049115, 177676138, 69558821, 243714980, 122743854, 104370347, 60772675, 122493426, 211212441, 84340898, 171023574, 191988092, 6004240, 141975672, 182382331, 60169248, 48856296, 212556591, 125285908, 98653799, 112007566, 217452140, 5555922, 45744348, 73503130, 161775644, 220445681, 117347905, 167087389, 192827476, 136018156, 131109619, 167837843, 182240958, 8391516, 229586495, 213735879, 97850511, 183893057, 194165031, 214936839, 224240891, 154115694, 138837282, 248682662, 216393363, 68549987, 232222394, 1476246, 151179556, 23831083, 67522189, 37046337, 30331306, 30809804, 25267365, 33628761, 120843493, 60323715, 141937992, 214517939, 159351707, 225092483, 171806910, 14044454, 242868175, 51611021, 103323002, 82673646, 128261622, 71717810, 115286069, 44242052, 154711270, 103853100]
[239554898, 105465088, 218365829, 203396497, 217698719, 109346344, 97770307, 148322777, 40290812, 53317582, 37400546, 22010658, 175723653, 165222218, 73768585, 222361649, 122267290, 183229434, 110253602, 236404051, 84153860, 126893068, 26600584, 13761399, 219667882, 217646206, 241830177, 9876773, 529557, 31049115, 177676138, 69558821, 243714980, 122743854, 104370347, 60772675, 122493426, 211212441, 84340898, 171023574, 191988092, 6004240, 141975672, 182382331, 60169248, 48856296, 212556591, 125285908, 98653799, 112007566, 217452140, 5555922, 45744348, 73503130, 161775644, 220445681, 117347905, 167087389, 192827476, 136018156, 131109619, 167837843, 182240958, 8391516, 229586495, 213735879, 97850511, 183893057, 194165031, 214936839, 224240891, 154115694, 138837282, 248682662, 216393363, 68549987, 232222394, 1476246, 151179556, 23831083, 67522189, 37046337, 30331306, 30809804, 180069300, 109853152, 142626223, 133024700, 117964535, 146059510, 57098611, 91433257, 38568678, 195314443, 163790292, 127761125, 225106931, 29410280, 43751155, 15093768, 156355356, 3484158, 116906954, 171484115]
[239554898, 105465088, 218365829, 203396497, 217698719, 109346344, 97770307, 148322777, 40290812, 53317582, 37400546, 22010658, 175723653, 165222218, 73768585, 222361649, 122267290, 183229434, 110253602, 236404051, 84153860, 126893068, 26600584, 13761399, 219667882, 217646206, 241830177, 9876773, 529557, 31049115, 177676138, 69558821, 243714980, 122743854, 104370347, 60772675, 122493426, 211212441, 84340898, 171023574, 191988092, 6004240, 141975672, 182382331, 60169248, 48856296, 212556591, 125285908, 98653799, 112007566, 217452140, 5555922, 45744348, 73503130, 161775644, 220445681, 117347905, 167087389, 192827476, 136018156, 131109619, 167837843, 182240958, 8391516, 229586495, 213735879, 97850511, 183893057, 194165031, 214936839, 224240891, 154115694, 138837282, 248682662, 216393363, 68549987, 232222394, 1476246, 151179556, 23831083, 67522189, 37046337, 30331306, 30809804, 25267365, 33628761, 120843493, 60323715, 141937992, 214517939, 159351707, 225092483, 171806910, 228378040, 223335645, 215148842, 139616328, 248670051, 181864879, 106115424, 73209317, 228698045, 111543511, 215067960]
[239554898, 105465088, 218365829, 203396497, 217698719, 109346344, 97770307, 148322777, 40290812, 53317582, 37400546, 22010658, 175723653, 165222218, 73768585, 222361649, 122267290, 183229434, 110253602, 236404051, 84153860, 126893068, 26600584, 13761399, 219667882, 217646206, 241830177, 9876773, 529557, 31049115, 177676138, 69558821, 243714980, 122743854, 104370347, 60772675, 122493426, 211212441, 84340898, 171023574, 191988092, 6004240, 141975672, 182382331, 60169248, 48856296, 212556591, 125285908, 98653799, 112007566, 217452140, 5555922, 45744348, 73503130, 161775644, 220445681, 117347905, 167087389, 192827476, 30322964, 129797693, 162069456, 20098438, 175458121, 154340491, 200438724, 50980885, 218284050, 35865695, 35960691, 173099041, 248672976, 217120534, 97773753, 5693530, 103311836, 7361823, 87771202, 105809505, 22382340, 39666005, 202644599, 8269985, 227419249, 183354607, 194933427, 13040324, 200577707, 182868465, 214988932, 217080839, 134840078, 122769596, 246142629, 68179485, 171653099, 110778708, 80714657, 39567580, 21126624, 191955173, 143103297, 13240921, 216183249]
[239554898, 105465088, 218365829, 203396497, 217698719, 109346344, 97770307, 148322777, 40290812, 53317582, 37400546, 22010658, 175723653, 165222218, 73768585, 222361649, 122267290, 183229434, 110253602, 236404051, 84153860, 126893068, 26600584, 13761399, 219667882, 217646206, 241830177, 9876773, 529557, 31049115, 177676138, 69558821, 243714980, 122743854, 104370347, 60772675, 122493426, 211212441, 84340898, 171023574, 191988092, 6004240, 141975672, 182382331, 60169248, 48856296, 212556591, 125285908, 98653799, 112007566, 217452140, 5555922, 45744348, 73503130, 161775644, 220445681, 117347905, 167087389, 192827476, 136018156, 131109619, 167837843, 182240958, 8391516, 229586495, 213735879, 97850511, 183893057, 194165031, 214936839, 224240891, 154115694, 138837282, 248682662, 216393363, 68549987, 232222394, 1476246, 151179556, 23831083, 67522189, 37046337, 30331306, 30809804, 180069300, 32947905, 92433975, 10504298, 97570684, 135634069, 114736754, 44605410, 48138700, 146004529, 33870450, 153772956, 85229674, 57394436, 179051773, 4213173, 4017681, 27972521, 6766769, 246259867]
[239554898, 105465088, 218365829, 203396497, 217698719, 109346344, 97770307, 148322777, 40290812, 53317582, 37400546, 22010658, 175723653, 165222218, 73768585, 222361649, 122267290, 183229434, 110253602, 236404051, 84153860, 126893068, 26600584, 13761399, 219667882, 217646206, 241830177, 9876773, 529557, 31049115, 177676138, 69558821, 243714980, 122743854, 104370347, 60772675, 122493426, 211212441, 84340898, 171023574, 191988092, 6004240, 141975672, 182382331, 60169248, 48856296, 212556591, 125285908, 98653799, 112007566, 217452140, 5555922, 45744348, 73503130, 161775644, 220445681, 117347905, 167087389, 192827476, 136018156, 131109619, 167837843, 182240958, 8391516, 229586495, 213735879, 97850511, 183893057, 194165031, 214936839, 224240891, 154115694, 138837282, 248682662, 216393363, 68549987, 232222394, 1476246, 151179556, 23831083, 67522189, 37046337, 30331306, 30809804, 180069300, 109853152, 142626223, 133024700, 117964535, 146059510, 57098611, 91433257, 27596929, 238513360, 108481286, 209948443, 56184597, 4053209, 89549718, 7700963, 172560252, 95108655, 28455309, 47500623]
[239554898, 105465088, 218365829, 203396497, 217698719, 109346344, 97770307, 148322777, 40290812, 53317582, 37400546, 22010658, 175723653, 165222218, 73768585, 222361649, 122267290, 183229434, 110253602, 236404051, 84153860, 126893068, 26600584, 13761399, 219667882, 217646206, 241830177, 9876773, 529557, 31049115, 177676138, 69558821, 243714980, 122743854, 104370347, 60772675, 122493426, 211212441, 84340898, 171023574, 191988092, 6004240, 141975672, 182382331, 60169248, 48856296, 212556591, 125285908, 98653799, 112007566, 217452140, 5555922, 45744348, 73503130, 161775644, 220445681, 117347905, 167087389, 192827476, 136018156, 131109619, 167837843, 182240958, 8391516, 229586495, 213735879, 97850511, 183893057, 194165031, 214936839, 224240891, 154115694, 138837282, 248682662, 216393363, 68549987, 232222394, 1476246, 151179556, 23831083, 67522189, 37046337, 30331306, 30809804, 180069300, 109853152, 142626223, 133024700, 213505916, 145828056, 36192707, 210076901, 18631466, 215945163, 194354097, 118288656, 188694160, 140897018, 17439300, 136967465, 28837834, 83708803, 57572295, 239691707]
[239554898, 105465088, 218365829, 203396497, 217698719, 109346344, 97770307, 148322777, 40290812, 53317582, 37400546, 22010658, 175723653, 165222218, 73768585, 222361649, 122267290, 183229434, 110253602, 236404051, 84153860, 126893068, 26600584, 13761399, 219667882, 217646206, 241830177, 9876773, 529557, 31049115, 177676138, 69558821, 243714980, 122743854, 104370347, 60772675, 122493426, 211212441, 84340898, 171023574, 191988092, 6004240, 141975672, 182382331, 60169248, 48856296, 212556591, 125285908, 98653799, 112007566, 217452140, 5555922, 45744348, 73503130, 161775644, 220445681, 117347905, 167087389, 192827476, 136018156, 131109619, 167837843, 182240958, 8391516, 229586495, 213735879, 97850511, 183893057, 194165031, 214936839, 224240891, 154115694, 138837282, 248682662, 216393363, 68549987, 232222394, 1476246, 151179556, 23831083, 67522189, 37046337, 30331306, 30809804, 180069300, 109853152, 142626223, 133024700, 213505916, 123561113, 138092197, 82592552, 175310019, 42811066, 139804577, 248455574, 126636678, 135208304, 228299589, 240888557, 233644219, 138186735, 108903547, 80901471]
[239554898, 105465088, 218365829, 203396497, 217698719, 109346344, 97770307, 148322777, 40290812, 53317582, 37400546, 22010658, 175723653, 165222218, 73768585, 222361649, 122267290, 183229434, 110253602, 236404051, 84153860, 126893068, 26600584, 13761399, 219667882, 217646206, 241830177, 9876773, 529557, 31049115, 177676138, 69558821, 243714980, 122743854, 104370347, 60772675, 122493426, 211212441, 84340898, 171023574, 191988092, 6004240, 141975672, 182382331, 60169248, 48856296, 212556591, 125285908, 98653799, 112007566, 217452140, 5555922, 45744348, 73503130, 161775644, 220445681, 117347905, 167087389, 192827476, 136018156, 131109619, 167837843, 182240958, 8391516, 229586495, 213735879, 97850511, 183893057, 194165031, 214936839, 224240891, 154115694, 138837282, 248682662, 216393363, 68549987, 232222394, 1476246, 151179556, 23831083, 67522189, 37046337, 30331306, 30809804, 180069300, 109853152, 142626223, 133024700, 117964535, 146059510, 57098611, 91433257, 27596929, 238513360, 108481286, 209948443, 107668528, 243418406, 88386531, 143725135, 215227638, 231469327, 213783444, 8463651]
[239554898, 105465088, 218365829, 203396497, 217698719, 109346344, 97770307, 148322777, 40290812, 53317582, 37400546, 22010658, 175723653, 165222218, 73768585, 222361649, 122267290, 183229434, 110253602, 236404051, 84153860, 126893068, 26600584, 13761399, 219667882, 217646206, 241830177, 9876773, 529557, 31049115, 177676138, 69558821, 243714980, 122743854, 104370347, 60772675, 122493426, 211212441, 84340898, 171023574, 191988092, 6004240, 141975672, 182382331, 60169248, 48856296, 212556591, 125285908, 98653799, 112007566, 217452140, 5555922, 45744348, 73503130, 161775644, 220445681, 117347905, 167087389, 192827476, 136018156, 131109619, 167837843, 182240958, 8391516, 229586495, 213735879, 97850511, 183893057, 194165031, 214936839, 224240891, 154115694, 138837282, 248682662, 216393363, 68549987, 232222394, 1476246, 151179556, 23831083, 67522189, 37046337, 30331306, 30809804, 180069300, 109853152, 142626223, 133024700, 213505916, 145828056, 36192707, 210076901, 18631466, 215945163, 194354097, 118288656, 112073061, 202801511, 204383395, 55603611, 115796047, 142654663, 175324987, 137613116]
[239554898, 105465088, 218365829, 203396497, 217698719, 109346344, 97770307, 148322777, 40290812, 53317582, 37400546, 22010658, 175723653, 165222218, 73768585, 222361649, 122267290, 183229434, 110253602, 236404051, 84153860, 126893068, 26600584, 13761399, 219667882, 217646206, 241830177, 9876773, 529557, 31049115, 177676138, 69558821, 243714980, 122743854, 104370347, 60772675, 122493426, 211212441, 84340898, 171023574, 191988092, 6004240, 141975672, 182382331, 60169248, 48856296, 212556591, 125285908, 98653799, 112007566, 217452140, 5555922, 45744348, 73503130, 161775644, 220445681, 117347905, 167087389, 192827476, 136018156, 131109619, 167837843, 182240958, 8391516, 229586495, 213735879, 97850511, 183893057, 194165031, 214936839, 224240891, 154115694, 138837282, 248682662, 216393363, 68549987, 232222394, 1476246, 151179556, 23831083, 67522189, 37046337, 30331306, 30809804, 180069300, 109853152, 142626223, 133024700, 213505916, 145828056, 36192707, 210076901, 18631466, 52777234, 8271894, 104723084, 103227377, 83603035, 145670874, 248686775, 89906296, 134505737, 78507979, 154839142]
[239554898, 105465088, 218365829, 203396497, 217698719, 109346344, 97770307, 148322777, 40290812, 53317582, 37400546, 22010658, 175723653, 165222218, 73768585, 222361649, 122267290, 183229434, 110253602, 236404051, 84153860, 126893068, 26600584, 13761399, 219667882, 217646206, 241830177, 9876773, 529557, 31049115, 177676138, 69558821, 243714980, 122743854, 104370347, 60772675, 122493426, 211212441, 84340898, 171023574, 191988092, 6004240, 141975672, 182382331, 60169248, 48856296, 212556591, 125285908, 98653799, 112007566, 217452140, 5555922, 45744348, 73503130, 161775644, 220445681, 117347905, 167087389, 192827476, 136018156, 131109619, 167837843, 182240958, 8391516, 229586495, 213735879, 97850511, 183893057, 194165031, 214936839, 224240891, 154115694, 138837282, 248682662, 216393363, 68549987, 232222394, 1476246, 151179556, 23831083, 67522189, 37046337, 30331306, 30809804, 180069300, 109853152, 142626223, 133024700, 117964535, 146059510, 57098611, 73333121, 129034375, 230521454, 40947847, 93560935, 99378537, 123875191, 84610236, 62593319, 2738268, 241411681, 129503861, 234947314]
[239554898, 105465088, 218365829, 203396497, 217698719, 109346344, 97770307, 148322777, 40290812, 53317582, 37400546, 22010658, 175723653, 165222218, 73768585, 222361649, 122267290, 183229434, 110253602, 236404051, 84153860, 126893068, 26600584, 13761399, 219667882, 217646206, 241830177, 9876773, 529557, 31049115, 177676138, 69558821, 243714980, 122743854, 104370347, 60772675, 122493426, 211212441, 84340898, 171023574, 191988092, 6004240, 141975672, 182382331, 60169248, 48856296, 212556591, 125285908, 98653799, 112007566, 217452140, 5555922, 45744348, 73503130, 161775644, 220445681, 117347905, 167087389, 192827476, 16949894, 154797606, 31554297, 227448688, 27607733, 7853203, 140242752, 68768893, 164110998, 12898830, 247773033, 204652173, 205971979, 68424825, 160403798, 117872922, 90131011, 162593568, 230345226, 44376985, 76933, 101975899, 156083460, 117175685, 142997913, 127523190, 24591345, 117503723, 97783181, 232447133, 220089946, 187459639, 30472219, 112344281, 2226099, 236412168, 40502974, 17697905, 409669, 29944020, 163562593, 32459029, 126158147, 103915606, 32384453]
[239554898, 105465088, 218365829, 203396497, 217698719, 109346344, 97770307, 148322777, 40290812, 53317582, 37400546, 22010658, 175723653, 165222218, 73768585, 222361649, 122267290, 183229434, 110253602, 236404051, 84153860, 126893068, 26600584, 13761399, 219667882, 217646206, 241830177, 9876773, 529557, 31049115, 177676138, 69558821, 243714980, 122743854, 104370347, 60772675, 122493426, 211212441, 84340898, 171023574, 191988092, 6004240, 141975672, 182382331, 60169248, 48856296, 212556591, 125285908, 98653799, 112007566, 217452140, 5555922, 45744348, 73503130, 161775644, 220445681, 117347905, 167087389, 192827476, 30322964, 129797693, 162069456, 20098438, 175458121, 154340491, 200438724, 50980885, 218284050, 35865695, 35960691, 173099041, 248672976, 217120534, 97773753, 5693530, 103311836, 7361823, 87771202, 105809505, 22382340, 39666005, 110445834, 30069573, 90714617, 230716197, 16119416, 184671964, 209467104, 146000494, 25141289, 40494108, 60501027, 155864249, 110164759, 152374169, 44314408, 30163918, 85564782, 49629385, 241340799, 8250221, 6238235, 89123233, 232460358]
[239554898, 105465088, 218365829, 203396497, 217698719, 109346344, 97770307, 148322777, 40290812, 53317582, 37400546, 22010658, 175723653, 165222218, 73768585, 222361649, 122267290, 183229434, 110253602, 236404051, 84153860, 126893068, 26600584, 13761399, 219667882, 217646206, 241830177, 9876773, 529557, 31049115, 177676138, 69558821, 243714980, 122743854, 104370347, 60772675, 122493426, 211212441, 84340898, 171023574, 191988092, 6004240, 141975672, 182382331, 60169248, 48856296, 212556591, 125285908, 98653799, 112007566, 217452140, 5555922, 45744348, 73503130, 161775644, 220445681, 117347905, 167087389, 192827476, 136018156, 131109619, 167837843, 182240958, 8391516, 229586495, 213735879, 97850511, 183893057, 194165031, 214936839, 224240891, 154115694, 138837282, 248682662, 216393363, 68549987, 232222394, 1476246, 151179556, 23831083, 186875312, 15363865, 148894419, 175412006, 162336783, 220767862, 257334, 2980324, 159935775, 57531261, 2110292, 132842143, 180764072, 146670478, 29426298, 138117769, 20096346, 48591039, 36017153, 124682740, 88522563, 101444926, 174720688, 11712972]
[239554898, 105465088, 218365829, 203396497, 217698719, 109346344, 97770307, 148322777, 40290812, 53317582, 37400546, 22010658, 175723653, 165222218, 73768585, 222361649, 122267290, 183229434, 110253602, 236404051, 84153860, 126893068, 26600584, 13761399, 219667882, 217646206, 241830177, 9876773, 529557, 31049115, 177676138, 69558821, 243714980, 122743854, 104370347, 60772675, 122493426, 211212441, 84340898, 171023574, 191988092, 6004240, 141975672, 182382331, 60169248, 48856296, 212556591, 125285908, 98653799, 112007566, 217452140, 5555922, 45744348, 73503130, 161775644, 220445681, 117347905, 167087389, 192827476, 136018156, 131109619, 167837843, 182240958, 8391516, 229586495, 213735879, 97850511, 183893057, 194165031, 214936839, 224240891, 154115694, 138837282, 248682662, 216393363, 68549987, 232222394, 1476246, 151179556, 23831083, 186875312, 15363865, 148894419, 175412006, 162336783, 220767862, 257334, 2980324, 159935775, 57531261, 2110292, 132842143, 175445337, 3218014, 59524486, 51877899, 69471570, 194967192, 248342848, 229784929, 88255918, 231859444, 143566204, 237277067]
[239554898, 105465088, 218365829, 203396497, 217698719, 109346344, 97770307, 148322777, 40290812, 53317582, 37400546, 22010658, 175723653, 165222218, 73768585, 222361649, 122267290, 183229434, 110253602, 236404051, 84153860, 126893068, 26600584, 13761399, 219667882, 217646206, 241830177, 9876773, 529557, 31049115, 177676138, 69558821, 243714980, 122743854, 104370347, 60772675, 122493426, 211212441, 84340898, 171023574, 191988092, 6004240, 141975672, 182382331, 60169248, 48856296, 212556591, 125285908, 98653799, 112007566, 217452140, 5555922, 45744348, 73503130, 161775644, 220445681, 117347905, 167087389, 192827476, 136018156, 131109619, 167837843, 182240958, 8391516, 229586495, 213735879, 97850511, 183893057, 194165031, 214936839, 224240891, 154115694, 138837282, 248682662, 216393363, 68549987, 232222394, 1476246, 151179556, 23831083, 67522189, 37046337, 143879866, 123729297, 235762465, 220063132, 92098001, 139677268, 100353505, 130245573, 160206283, 134489364, 140612711, 49354014, 223252961, 71560665, 128536351, 187425481, 222759505, 127906753, 21168834, 198828027, 242546338, 152139515]
[239554898, 105465088, 218365829, 203396497, 217698719, 109346344, 97770307, 148322777, 40290812, 53317582, 37400546, 22010658, 175723653, 165222218, 73768585, 222361649, 122267290, 183229434, 110253602, 236404051, 84153860, 126893068, 26600584, 13761399, 219667882, 217646206, 241830177, 9876773, 529557, 31049115, 177676138, 69558821, 243714980, 122743854, 104370347, 60772675, 122493426, 211212441, 84340898, 171023574, 191988092, 6004240, 141975672, 182382331, 60169248, 48856296, 212556591, 125285908, 98653799, 112007566, 217452140, 5555922, 45744348, 73503130, 161775644, 220445681, 117347905, 167087389, 192827476, 30322964, 129797693, 162069456, 20098438, 175458121, 154340491, 200438724, 50980885, 218284050, 35865695, 35960691, 173099041, 248672976, 217120534, 97773753, 5693530, 103311836, 7361823, 87771202, 105809505, 22382340, 39666005, 110445834, 30069573, 90714617, 230716197, 16119416, 184671964, 209467104, 146000494, 25141289, 40494108, 60501027, 229459517, 130626408, 39917210, 93782235, 234983649, 103210948, 170327114, 186655078, 161185472, 208799980, 109465209, 90586385]
[239554898, 105465088, 218365829, 203396497, 217698719, 109346344, 97770307, 148322777, 40290812, 53317582, 37400546, 22010658, 175723653, 165222218, 73768585, 222361649, 122267290, 183229434, 110253602, 236404051, 84153860, 126893068, 26600584, 13761399, 219667882, 217646206, 241830177, 9876773, 529557, 31049115, 177676138, 69558821, 243714980, 122743854, 104370347, 60772675, 122493426, 211212441, 84340898, 171023574, 191988092, 6004240, 141975672, 182382331, 60169248, 48856296, 212556591, 125285908, 98653799, 112007566, 217452140, 5555922, 45744348, 73503130, 161775644, 220445681, 117347905, 167087389, 192827476, 136018156, 131109619, 167837843, 182240958, 8391516, 229586495, 213735879, 97850511, 183893057, 194165031, 214936839, 224240891, 154115694, 138837282, 248682662, 216393363, 68549987, 232222394, 1476246, 151179556, 23831083, 186875312, 15363865, 148894419, 175412006, 162336783, 220767862, 257334, 2980324, 159935775, 57531261, 2110292, 132842143, 175445337, 3218014, 59524486, 195873983, 87095342, 193685140, 204582971, 196083750, 170630556, 218822278, 26258809, 102045597]
[239554898, 105465088, 218365829, 203396497, 217698719, 109346344, 97770307, 148322777, 40290812, 53317582, 37400546, 22010658, 175723653, 165222218, 73768585, 222361649, 122267290, 183229434, 110253602, 236404051, 84153860, 126893068, 26600584, 13761399, 219667882, 217646206, 241830177, 9876773, 529557, 31049115, 177676138, 69558821, 243714980, 122743854, 104370347, 60772675, 122493426, 211212441, 84340898, 171023574, 191988092, 6004240, 141975672, 182382331, 60169248, 48856296, 212556591, 125285908, 98653799, 112007566, 217452140, 5555922, 45744348, 73503130, 161775644, 220445681, 117347905, 167087389, 192827476, 136018156, 131109619, 167837843, 182240958, 8391516, 229586495, 213735879, 97850511, 183893057, 194165031, 214936839, 224240891, 154115694, 138837282, 248682662, 216393363, 68549987, 232222394, 1476246, 151179556, 23831083, 67522189, 37046337, 143879866, 123729297, 235762465, 220063132, 92098001, 139677268, 100353505, 130245573, 160206283, 134489364, 140612711, 49354014, 223252961, 71560665, 128536351, 187425481, 222759505, 127906753, 21168834, 198828027, 242546338, 67402435]
[239554898, 105465088, 218365829, 203396497, 217698719, 109346344, 97770307, 148322777, 40290812, 53317582, 37400546, 22010658, 175723653, 165222218, 73768585, 222361649, 122267290, 183229434, 110253602, 236404051, 84153860, 126893068, 26600584, 13761399, 219667882, 217646206, 241830177, 9876773, 529557, 31049115, 177676138, 69558821, 243714980, 122743854, 104370347, 60772675, 122493426, 211212441, 84340898, 171023574, 191988092, 6004240, 141975672, 182382331, 60169248, 48856296, 212556591, 125285908, 98653799, 112007566, 217452140, 5555922, 45744348, 73503130, 161775644, 220445681, 117347905, 167087389, 192827476, 30322964, 129797693, 162069456, 20098438, 175458121, 154340491, 200438724, 50980885, 218284050, 35865695, 35960691, 173099041, 248672976, 217120534, 97773753, 5693530, 103311836, 7361823, 87771202, 105809505, 22382340, 39666005, 110445834, 30069573, 90714617, 230716197, 16119416, 184671964, 209467104, 146000494, 25141289, 40494108, 60501027, 229459517, 130626408, 39917210, 93782235, 234983649, 103210948, 170327114, 186655078, 12750018, 226637007, 10906756, 137122611]
[239554898, 105465088, 218365829, 203396497, 217698719, 109346344, 97770307, 148322777, 40290812, 53317582, 37400546, 22010658, 175723653, 165222218, 73768585, 222361649, 122267290, 183229434, 110253602, 236404051, 84153860, 126893068, 26600584, 13761399, 219667882, 217646206, 241830177, 9876773, 529557, 31049115, 177676138, 69558821, 243714980, 122743854, 104370347, 60772675, 122493426, 211212441, 84340898, 171023574, 191988092, 6004240, 141975672, 182382331, 60169248, 48856296, 212556591, 125285908, 98653799, 112007566, 217452140, 5555922, 45744348, 73503130, 161775644, 220445681, 117347905, 167087389, 192827476, 136018156, 131109619, 167837843, 182240958, 8391516, 229586495, 213735879, 97850511, 183893057, 194165031, 214936839, 224240891, 154115694, 138837282, 248682662, 216393363, 68549987, 232222394, 1476246, 151179556, 23831083, 67522189, 37046337, 30331306, 30809804, 180069300, 109853152, 142626223, 133024700, 117964535, 146059510, 57098611, 91433257, 27596929, 238513360, 108481286, 209948443, 107668528, 50913205, 172430707, 159813373, 68373453, 99854775, 65987834, 196237105]
[239554898, 105465088, 218365829, 203396497, 217698719, 109346344, 97770307, 148322777, 40290812, 53317582, 37400546, 22010658, 175723653, 165222218, 73768585, 222361649, 122267290, 183229434, 110253602, 236404051, 84153860, 126893068, 26600584, 13761399, 219667882, 217646206, 241830177, 9876773, 529557, 31049115, 177676138, 69558821, 243714980, 122743854, 104370347, 60772675, 122493426, 211212441, 84340898, 171023574, 191988092, 6004240, 141975672, 182382331, 60169248, 48856296, 212556591, 125285908, 98653799, 112007566, 217452140, 5555922, 45744348, 73503130, 161775644, 220445681, 117347905, 167087389, 192827476, 136018156, 131109619, 167837843, 182240958, 8391516, 229586495, 213735879, 97850511, 183893057, 194165031, 214936839, 224240891, 154115694, 138837282, 248682662, 216393363, 68549987, 232222394, 1476246, 151179556, 23831083, 186875312, 15363865, 148894419, 175412006, 162336783, 220767862, 257334, 2980324, 159935775, 57531261, 2110292, 132842143, 175445337, 3218014, 59524486, 195873983, 134969456, 242249109, 186640499, 198891256, 197811840, 100041031, 8347231, 32625562]
[239554898, 105465088, 218365829, 203396497, 217698719, 109346344, 97770307, 148322777, 40290812, 53317582, 37400546, 22010658, 175723653, 165222218, 73768585, 222361649, 122267290, 183229434, 110253602, 236404051, 84153860, 126893068, 26600584, 13761399, 219667882, 217646206, 241830177, 9876773, 529557, 31049115, 177676138, 69558821, 243714980, 122743854, 104370347, 60772675, 122493426, 211212441, 84340898, 171023574, 191988092, 6004240, 141975672, 182382331, 60169248, 48856296, 212556591, 125285908, 98653799, 112007566, 217452140, 5555922, 45744348, 73503130, 161775644, 220445681, 117347905, 167087389, 192827476, 136018156, 131109619, 167837843, 182240958, 8391516, 229586495, 213735879, 97850511, 183893057, 194165031, 214936839, 224240891, 154115694, 138837282, 248682662, 216393363, 68549987, 232222394, 1476246, 151179556, 23831083, 67522189, 37046337, 30331306, 30809804, 180069300, 109853152, 142626223, 133024700, 213505916, 145828056, 36192707, 210076901, 18631466, 52777234, 8271894, 104723084, 171119738, 54278901, 212843278, 13705256, 141395705, 65645729, 184137486, 77298238]
[239554898, 105465088, 218365829, 203396497, 217698719, 109346344, 97770307, 148322777, 40290812, 53317582, 37400546, 22010658, 175723653, 165222218, 73768585, 222361649, 122267290, 183229434, 110253602, 236404051, 84153860, 126893068, 26600584, 13761399, 219667882, 217646206, 241830177, 9876773, 529557, 31049115, 177676138, 69558821, 243714980, 122743854, 104370347, 60772675, 122493426, 211212441, 84340898, 171023574, 191988092, 6004240, 141975672, 182382331, 60169248, 48856296, 212556591, 125285908, 98653799, 112007566, 217452140, 5555922, 45744348, 73503130, 161775644, 220445681, 117347905, 167087389, 192827476, 136018156, 131109619, 167837843, 182240958, 8391516, 229586495, 213735879, 97850511, 183893057, 194165031, 214936839, 224240891, 154115694, 138837282, 248682662, 216393363, 68549987, 232222394, 1476246, 151179556, 23831083, 67522189, 37046337, 30331306, 30809804, 25267365, 33628761, 120843493, 60323715, 161552165, 221715995, 217892344, 19173152, 10149374, 172341237, 24087936, 86330242, 135916816, 12408827, 178037854, 169309724, 216127950, 96120249, 137604793, 230257355]
[239554898, 105465088, 218365829, 203396497, 217698719, 109346344, 97770307, 148322777, 40290812, 53317582, 37400546, 22010658, 175723653, 165222218, 73768585, 222361649, 122267290, 183229434, 110253602, 236404051, 84153860, 126893068, 26600584, 13761399, 219667882, 217646206, 241830177, 9876773, 529557, 31049115, 177676138, 69558821, 243714980, 122743854, 104370347, 60772675, 122493426, 211212441, 84340898, 171023574, 191988092, 6004240, 141975672, 182382331, 60169248, 48856296, 212556591, 125285908, 98653799, 112007566, 217452140, 5555922, 45744348, 73503130, 161775644, 220445681, 117347905, 167087389, 192827476, 136018156, 131109619, 167837843, 182240958, 8391516, 229586495, 213735879, 97850511, 183893057, 194165031, 214936839, 224240891, 154115694, 138837282, 248682662, 216393363, 68549987, 232222394, 1476246, 151179556, 23831083, 67522189, 37046337, 30331306, 30809804, 180069300, 32947905, 205930261, 16667085, 210298056, 203809029, 78308169, 16378318, 58864223, 163849820, 108243334, 116250588, 208592148, 100321938, 47836214, 114785072, 25985816, 192936195, 121708149, 236997180]
[239554898, 105465088, 218365829, 203396497, 217698719, 109346344, 97770307, 148322777, 40290812, 53317582, 37400546, 22010658, 175723653, 165222218, 73768585, 222361649, 122267290, 183229434, 110253602, 236404051, 84153860, 126893068, 26600584, 13761399, 219667882, 217646206, 241830177, 9876773, 529557, 31049115, 177676138, 69558821, 243714980, 122743854, 104370347, 60772675, 122493426, 211212441, 84340898, 171023574, 191988092, 6004240, 141975672, 182382331, 60169248, 48856296, 212556591, 125285908, 98653799, 112007566, 217452140, 5555922, 45744348, 73503130, 161775644, 220445681, 117347905, 167087389, 192827476, 16949894, 154797606, 31554297, 227448688, 27607733, 7853203, 140242752, 68768893, 164110998, 12898830, 247773033, 204652173, 205971979, 68424825, 160403798, 117872922, 90131011, 162593568, 230345226, 44376985, 76933, 101975899, 156083460, 117175685, 142997913, 127523190, 24591345, 117503723, 97783181, 232447133, 230211305, 81743312, 234855458, 33391567, 129454213, 131653592, 149135724, 107409848, 87039528, 235261644, 206102431, 208421678, 182153917, 141183577, 247355001]
[239554898, 105465088, 218365829, 203396497, 217698719, 109346344, 97770307, 148322777, 40290812, 53317582, 37400546, 22010658, 175723653, 165222218, 73768585, 222361649, 122267290, 183229434, 110253602, 236404051, 84153860, 126893068, 26600584, 13761399, 219667882, 217646206, 241830177, 9876773, 529557, 31049115, 177676138, 69558821, 243714980, 122743854, 104370347, 60772675, 122493426, 211212441, 84340898, 171023574, 191988092, 6004240, 141975672, 182382331, 60169248, 48856296, 212556591, 125285908, 98653799, 112007566, 217452140, 5555922, 45744348, 73503130, 161775644, 220445681, 117347905, 167087389, 192827476, 136018156, 131109619, 167837843, 182240958, 8391516, 229586495, 213735879, 97850511, 183893057, 194165031, 214936839, 224240891, 154115694, 138837282, 248682662, 216393363, 68549987, 232222394, 1476246, 151179556, 23831083, 67522189, 37046337, 30331306, 30809804, 180069300, 109853152, 142626223, 133024700, 213505916, 145828056, 36192707, 210076901, 18631466, 215945163, 194354097, 118288656, 188694160, 185752404, 68221932, 111971146, 137991681, 86400261, 54925146, 194221089]
[239554898, 105465088, 218365829, 203396497, 217698719, 109346344, 97770307, 148322777, 40290812, 53317582, 37400546, 22010658, 175723653, 165222218, 73768585, 222361649, 122267290, 183229434, 110253602, 236404051, 84153860, 126893068, 26600584, 13761399, 219667882, 217646206, 241830177, 9876773, 529557, 31049115, 177676138, 69558821, 243714980, 122743854, 104370347, 60772675, 122493426, 211212441, 84340898, 171023574, 191988092, 6004240, 141975672, 182382331, 60169248, 48856296, 212556591, 125285908, 98653799, 112007566, 217452140, 5555922, 45744348, 73503130, 161775644, 220445681, 117347905, 167087389, 192827476, 136018156, 131109619, 167837843, 182240958, 8391516, 229586495, 213735879, 97850511, 183893057, 194165031, 214936839, 224240891, 154115694, 138837282, 248682662, 216393363, 68549987, 232222394, 1476246, 151179556, 186122913, 60417403, 105641232, 103260047, 84908356, 81305338, 160418988, 65263081, 194339786, 204506009, 248186273, 173008625, 182670290, 29112124, 7406428, 28666481, 106002348, 140172784, 140573007, 131330324, 247502157, 166180177, 169790050, 237605128, 165052164]
[239554898, 105465088, 218365829, 203396497, 217698719, 109346344, 97770307, 148322777, 40290812, 53317582, 37400546, 22010658, 175723653, 165222218, 73768585, 222361649, 122267290, 183229434, 110253602, 236404051, 84153860, 126893068, 26600584, 13761399, 219667882, 217646206, 241830177, 9876773, 529557, 31049115, 177676138, 69558821, 243714980, 122743854, 104370347, 60772675, 122493426, 211212441, 84340898, 171023574, 191988092, 6004240, 141975672, 182382331, 60169248, 48856296, 212556591, 125285908, 98653799, 112007566, 217452140, 5555922, 45744348, 73503130, 161775644, 220445681, 117347905, 167087389, 192827476, 136018156, 131109619, 167837843, 182240958, 8391516, 229586495, 213735879, 97850511, 183893057, 194165031, 214936839, 224240891, 154115694, 138837282, 248682662, 216393363, 68549987, 232222394, 1476246, 151179556, 23831083, 67522189, 37046337, 30331306, 30809804, 25267365, 33628761, 120843493, 60323715, 161552165, 221715995, 217892344, 19173152, 10149374, 172341237, 24087936, 86330242, 135916816, 12408827, 231853818, 175767485, 50179962, 76622998, 230718837, 167774150]
[239554898, 105465088, 218365829, 203396497, 217698719, 109346344, 97770307, 148322777, 40290812, 53317582, 37400546, 22010658, 175723653, 165222218, 73768585, 222361649, 122267290, 183229434, 110253602, 236404051, 84153860, 126893068, 26600584, 13761399, 219667882, 217646206, 241830177, 9876773, 529557, 31049115, 177676138, 69558821, 243714980, 122743854, 104370347, 60772675, 122493426, 211212441, 84340898, 171023574, 191988092, 6004240, 141975672, 182382331, 60169248, 48856296, 212556591, 125285908, 98653799, 112007566, 217452140, 5555922, 45744348, 73503130, 161775644, 220445681, 117347905, 167087389, 192827476, 136018156, 131109619, 167837843, 182240958, 8391516, 229586495, 213735879, 97850511, 183893057, 194165031, 214936839, 224240891, 154115694, 138837282, 248682662, 216393363, 68549987, 232222394, 1476246, 151179556, 23831083, 67522189, 37046337, 30331306, 30809804, 25267365, 33628761, 120843493, 60323715, 141937992, 214517939, 159351707, 225092483, 171806910, 228378040, 223335645, 215148842, 139616328, 248670051, 181864879, 106115424, 73209317, 228698045, 162796807, 1720171]
[239554898, 105465088, 218365829, 203396497, 217698719, 109346344, 97770307, 148322777, 40290812, 53317582, 37400546, 22010658, 175723653, 165222218, 73768585, 222361649, 122267290, 183229434, 110253602, 236404051, 84153860, 126893068, 26600584, 13761399, 219667882, 217646206, 241830177, 9876773, 529557, 31049115, 177676138, 69558821, 243714980, 122743854, 104370347, 60772675, 122493426, 211212441, 84340898, 171023574, 191988092, 6004240, 141975672, 182382331, 60169248, 48856296, 212556591, 125285908, 98653799, 112007566, 217452140, 5555922, 45744348, 73503130, 161775644, 220445681, 117347905, 167087389, 192827476, 136018156, 131109619, 167837843, 182240958, 8391516, 229586495, 213735879, 97850511, 183893057, 194165031, 214936839, 224240891, 154115694, 138837282, 248682662, 216393363, 68549987, 232222394, 1476246, 151179556, 23831083, 67522189, 37046337, 30331306, 30809804, 180069300, 109853152, 142626223, 133024700, 213505916, 145828056, 36192707, 210076901, 18631466, 52777234, 8271894, 104723084, 103227377, 83603035, 145670874, 248686775, 160641982, 108217997, 20274162, 109000959]
[239554898, 105465088, 218365829, 203396497, 217698719, 109346344, 97770307, 148322777, 40290812, 53317582, 37400546, 22010658, 175723653, 165222218, 73768585, 222361649, 122267290, 183229434, 110253602, 236404051, 84153860, 126893068, 26600584, 13761399, 219667882, 217646206, 241830177, 9876773, 529557, 31049115, 177676138, 69558821, 243714980, 122743854, 104370347, 60772675, 122493426, 211212441, 84340898, 171023574, 191988092, 6004240, 141975672, 182382331, 60169248, 48856296, 212556591, 125285908, 98653799, 112007566, 217452140, 5555922, 45744348, 73503130, 161775644, 220445681, 117347905, 167087389, 192827476, 136018156, 131109619, 167837843, 182240958, 8391516, 229586495, 213735879, 97850511, 183893057, 194165031, 214936839, 224240891, 154115694, 138837282, 248682662, 216393363, 68549987, 232222394, 1476246, 151179556, 23831083, 67522189, 37046337, 30331306, 30809804, 180069300, 109853152, 142626223, 133024700, 213505916, 145828056, 36192707, 210076901, 18631466, 215945163, 194354097, 118288656, 188694160, 140897018, 64230578, 66840202, 180360991, 4969193, 212856768, 149118629]
[239554898, 105465088, 218365829, 203396497, 217698719, 109346344, 97770307, 148322777, 40290812, 53317582, 37400546, 22010658, 175723653, 165222218, 73768585, 222361649, 122267290, 183229434, 110253602, 236404051, 84153860, 126893068, 26600584, 13761399, 219667882, 217646206, 241830177, 9876773, 529557, 31049115, 177676138, 69558821, 243714980, 122743854, 104370347, 60772675, 122493426, 211212441, 84340898, 171023574, 191988092, 6004240, 141975672, 182382331, 60169248, 48856296, 212556591, 125285908, 98653799, 112007566, 217452140, 5555922, 45744348, 73503130, 161775644, 220445681, 117347905, 167087389, 192827476, 136018156, 131109619, 167837843, 182240958, 8391516, 229586495, 213735879, 97850511, 183893057, 194165031, 214936839, 224240891, 154115694, 138837282, 248682662, 216393363, 68549987, 232222394, 1476246, 151179556, 23831083, 67522189, 37046337, 30331306, 30809804, 25267365, 33628761, 120843493, 60323715, 141937992, 214517939, 159351707, 225092483, 171806910, 14044454, 242868175, 51611021, 103323002, 82673646, 128261622, 71717810, 115286069, 44242052, 154711270, 129504176]
[239554898, 105465088, 218365829, 203396497, 217698719, 109346344, 97770307, 148322777, 40290812, 53317582, 37400546, 22010658, 175723653, 165222218, 73768585, 222361649, 122267290, 183229434, 110253602, 236404051, 84153860, 126893068, 26600584, 13761399, 219667882, 217646206, 241830177, 9876773, 529557, 31049115, 177676138, 69558821, 243714980, 122743854, 104370347, 60772675, 122493426, 211212441, 84340898, 171023574, 191988092, 6004240, 141975672, 182382331, 60169248, 48856296, 212556591, 125285908, 98653799, 112007566, 217452140, 5555922, 45744348, 73503130, 161775644, 220445681, 117347905, 167087389, 192827476, 136018156, 131109619, 167837843, 182240958, 8391516, 229586495, 213735879, 97850511, 183893057, 194165031, 214936839, 224240891, 154115694, 138837282, 248682662, 216393363, 68549987, 232222394, 1476246, 151179556, 23831083, 67522189, 37046337, 30331306, 30809804, 25267365, 236085028, 54752257, 31154509, 112833706, 2456493, 157810119, 226487189, 199590539, 468094, 2905358, 155156672, 66275301, 26495847, 132787066, 148377493, 95511916, 139537594, 195152628, 191336334]
[239554898, 105465088, 218365829, 203396497, 217698719, 109346344, 97770307, 148322777, 40290812, 53317582, 37400546, 22010658, 175723653, 165222218, 73768585, 222361649, 122267290, 183229434, 110253602, 236404051, 84153860, 126893068, 26600584, 13761399, 219667882, 217646206, 241830177, 9876773, 529557, 31049115, 177676138, 69558821, 243714980, 122743854, 104370347, 60772675, 122493426, 211212441, 84340898, 171023574, 191988092, 6004240, 141975672, 182382331, 60169248, 48856296, 212556591, 125285908, 98653799, 112007566, 217452140, 5555922, 45744348, 73503130, 161775644, 220445681, 117347905, 167087389, 192827476, 136018156, 131109619, 167837843, 182240958, 8391516, 229586495, 213735879, 97850511, 183893057, 194165031, 214936839, 224240891, 154115694, 138837282, 248682662, 216393363, 68549987, 232222394, 1476246, 151179556, 23831083, 67522189, 37046337, 30331306, 30809804, 180069300, 109853152, 142626223, 133024700, 117964535, 146059510, 67770928, 76232463, 91833605, 16700928, 59136554, 139914429, 81923906, 197917029, 155429114, 216481984, 217728792, 224668059, 234251755, 65936548]
[239554898, 105465088, 218365829, 203396497, 217698719, 109346344, 97770307, 148322777, 40290812, 53317582, 37400546, 22010658, 175723653, 165222218, 73768585, 222361649, 122267290, 183229434, 110253602, 236404051, 84153860, 126893068, 26600584, 13761399, 219667882, 217646206, 241830177, 9876773, 529557, 31049115, 177676138, 69558821, 243714980, 122743854, 104370347, 60772675, 122493426, 211212441, 84340898, 171023574, 191988092, 6004240, 141975672, 182382331, 60169248, 48856296, 212556591, 125285908, 98653799, 112007566, 217452140, 5555922, 45744348, 73503130, 161775644, 220445681, 117347905, 167087389, 192827476, 136018156, 131109619, 167837843, 182240958, 8391516, 229586495, 213735879, 97850511, 183893057, 194165031, 214936839, 224240891, 154115694, 138837282, 248682662, 216393363, 68549987, 232222394, 1476246, 151179556, 23831083, 67522189, 37046337, 30331306, 30809804, 180069300, 109853152, 142626223, 133024700, 213505916, 145828056, 36192707, 210076901, 18631466, 66249244, 106394530, 98937705, 62076670, 236207879, 167435298, 148324952, 222617075, 185461076, 31915937, 202826949]
[239554898, 105465088, 218365829, 203396497, 217698719, 109346344, 97770307, 148322777, 40290812, 53317582, 37400546, 22010658, 175723653, 165222218, 73768585, 222361649, 122267290, 183229434, 110253602, 236404051, 84153860, 126893068, 26600584, 13761399, 219667882, 217646206, 241830177, 9876773, 529557, 31049115, 177676138, 69558821, 243714980, 122743854, 104370347, 60772675, 122493426, 211212441, 84340898, 171023574, 191988092, 6004240, 141975672, 182382331, 60169248, 48856296, 212556591, 125285908, 98653799, 112007566, 217452140, 5555922, 45744348, 73503130, 161775644, 220445681, 117347905, 167087389, 192827476, 136018156, 131109619, 167837843, 182240958, 8391516, 229586495, 213735879, 97850511, 183893057, 194165031, 214936839, 224240891, 154115694, 138837282, 248682662, 216393363, 68549987, 232222394, 1476246, 151179556, 23831083, 67522189, 37046337, 30331306, 30809804, 25267365, 33628761, 120843493, 60323715, 141937992, 214517939, 159351707, 225092483, 171806910, 228378040, 237812772, 201916728, 165088190, 120809138, 213070510, 89359926, 175922600, 60520486, 12869043, 63786725]
[239554898, 105465088, 218365829, 203396497, 217698719, 109346344, 97770307, 148322777, 40290812, 53317582, 37400546, 22010658, 175723653, 165222218, 73768585, 222361649, 122267290, 183229434, 110253602, 236404051, 84153860, 126893068, 26600584, 13761399, 219667882, 217646206, 241830177, 9876773, 529557, 31049115, 177676138, 69558821, 243714980, 122743854, 104370347, 60772675, 122493426, 211212441, 84340898, 171023574, 191988092, 6004240, 141975672, 182382331, 60169248, 48856296, 212556591, 125285908, 98653799, 112007566, 217452140, 5555922, 45744348, 73503130, 161775644, 220445681, 117347905, 167087389, 192827476, 136018156, 131109619, 167837843, 182240958, 8391516, 229586495, 213735879, 97850511, 183893057, 194165031, 214936839, 224240891, 154115694, 138837282, 248682662, 216393363, 68549987, 232222394, 1476246, 151179556, 23831083, 186875312, 15363865, 148894419, 175412006, 162336783, 220767862, 257334, 2980324, 159935775, 57531261, 2110292, 132842143, 180764072, 146670478, 29426298, 138117769, 20096346, 48591039, 36017153, 124682740, 241321565, 218959610, 10667156, 123193333]
[239554898, 105465088, 218365829, 203396497, 217698719, 109346344, 97770307, 148322777, 40290812, 53317582, 37400546, 22010658, 175723653, 165222218, 73768585, 222361649, 122267290, 183229434, 110253602, 236404051, 84153860, 126893068, 26600584, 13761399, 219667882, 217646206, 241830177, 9876773, 529557, 31049115, 177676138, 69558821, 243714980, 122743854, 104370347, 60772675, 122493426, 211212441, 84340898, 171023574, 191988092, 6004240, 141975672, 182382331, 60169248, 48856296, 212556591, 125285908, 98653799, 112007566, 217452140, 5555922, 45744348, 73503130, 161775644, 220445681, 117347905, 167087389, 192827476, 16949894, 154797606, 31554297, 227448688, 27607733, 7853203, 140242752, 68768893, 164110998, 12898830, 247773033, 204652173, 205971979, 68424825, 83740896, 201654924, 169231707, 97514553, 121528382, 248758816, 163110820, 139726861, 193829157, 94638618, 50010934, 245101943, 152894996, 85098711, 84256216, 167307796, 39557324, 111587632, 72991358, 245961368, 10151453, 242644118, 5256703, 6435378, 172339550, 239471145, 223480314, 6770036, 74317721, 149795842, 162468106]
[239554898, 105465088, 218365829, 203396497, 217698719, 109346344, 97770307, 148322777, 40290812, 53317582, 37400546, 22010658, 175723653, 165222218, 73768585, 222361649, 122267290, 183229434, 110253602, 236404051, 84153860, 126893068, 26600584, 13761399, 219667882, 217646206, 241830177, 9876773, 529557, 31049115, 177676138, 69558821, 243714980, 122743854, 104370347, 60772675, 122493426, 211212441, 84340898, 171023574, 191988092, 6004240, 141975672, 182382331, 60169248, 48856296, 212556591, 125285908, 98653799, 112007566, 217452140, 5555922, 45744348, 73503130, 161775644, 220445681, 117347905, 167087389, 192827476, 136018156, 131109619, 167837843, 182240958, 8391516, 229586495, 213735879, 97850511, 183893057, 194165031, 214936839, 224240891, 154115694, 138837282, 248682662, 216393363, 68549987, 232222394, 1476246, 151179556, 23831083, 186875312, 15363865, 148894419, 235170124, 151625514, 164366755, 2503578, 32272102, 76783083, 87889318, 98014347, 69495547, 56656112, 208677322, 120888992, 105046440, 139421474, 96390936, 188747270, 8148833, 35467719, 158173697, 8904475, 237430836]
[239554898, 105465088, 218365829, 203396497, 217698719, 109346344, 97770307, 148322777, 40290812, 53317582, 37400546, 22010658, 175723653, 165222218, 73768585, 222361649, 122267290, 183229434, 110253602, 236404051, 84153860, 126893068, 26600584, 13761399, 219667882, 217646206, 241830177, 9876773, 529557, 31049115, 177676138, 69558821, 243714980, 122743854, 104370347, 60772675, 122493426, 211212441, 84340898, 171023574, 191988092, 6004240, 141975672, 182382331, 60169248, 48856296, 212556591, 125285908, 98653799, 112007566, 217452140, 5555922, 45744348, 73503130, 161775644, 220445681, 117347905, 167087389, 192827476, 136018156, 131109619, 167837843, 182240958, 8391516, 229586495, 213735879, 97850511, 183893057, 194165031, 214936839, 224240891, 154115694, 138837282, 248682662, 216393363, 68549987, 232222394, 1476246, 151179556, 23831083, 186875312, 15363865, 148894419, 175412006, 162336783, 220767862, 257334, 2980324, 159935775, 57531261, 2110292, 132842143, 175445337, 3218014, 59524486, 195873983, 134969456, 23498438, 132350848, 43234262, 242332553, 129138751, 101601467, 193712984]
[239554898, 105465088, 218365829, 203396497, 217698719, 109346344, 97770307, 148322777, 40290812, 53317582, 37400546, 22010658, 175723653, 165222218, 73768585, 222361649, 122267290, 183229434, 110253602, 236404051, 84153860, 126893068, 26600584, 13761399, 219667882, 217646206, 241830177, 9876773, 529557, 31049115, 177676138, 69558821, 243714980, 122743854, 104370347, 60772675, 122493426, 211212441, 84340898, 171023574, 191988092, 6004240, 141975672, 182382331, 60169248, 48856296, 212556591, 125285908, 98653799, 112007566, 217452140, 5555922, 45744348, 73503130, 161775644, 220445681, 117347905, 167087389, 192827476, 30322964, 129797693, 162069456, 20098438, 175458121, 154340491, 200438724, 50980885, 218284050, 35865695, 35960691, 173099041, 248672976, 217120534, 97773753, 5693530, 103311836, 7361823, 87771202, 105809505, 22382340, 39666005, 110445834, 30069573, 90714617, 230716197, 16119416, 184671964, 209467104, 146000494, 25141289, 40494108, 60501027, 229459517, 130626408, 39917210, 93782235, 234983649, 103210948, 170327114, 214109584, 70083636, 53904768, 208156484, 248628680]
[239554898, 105465088, 218365829, 203396497, 217698719, 109346344, 97770307, 148322777, 40290812, 53317582, 37400546, 22010658, 175723653, 165222218, 73768585, 222361649, 122267290, 183229434, 110253602, 236404051, 84153860, 126893068, 26600584, 13761399, 219667882, 217646206, 241830177, 9876773, 529557, 31049115, 177676138, 69558821, 243714980, 122743854, 104370347, 60772675, 122493426, 211212441, 84340898, 171023574, 191988092, 6004240, 141975672, 182382331, 60169248, 48856296, 212556591, 125285908, 98653799, 112007566, 217452140, 5555922, 45744348, 73503130, 161775644, 220445681, 117347905, 167087389, 192827476, 136018156, 131109619, 167837843, 182240958, 8391516, 229586495, 213735879, 97850511, 183893057, 194165031, 214936839, 224240891, 154115694, 138837282, 248682662, 216393363, 68549987, 232222394, 1476246, 151179556, 23831083, 67522189, 37046337, 30331306, 30809804, 180069300, 109853152, 142626223, 133024700, 213505916, 123561113, 138092197, 82592552, 175310019, 103121523, 23245329, 29484858, 144073463, 104990896, 201160449, 150056184, 1384566, 193317298, 44580190, 59858348]
[239554898, 105465088, 218365829, 203396497, 217698719, 109346344, 97770307, 148322777, 40290812, 53317582, 37400546, 22010658, 175723653, 165222218, 73768585, 222361649, 122267290, 183229434, 110253602, 236404051, 84153860, 126893068, 26600584, 13761399, 219667882, 217646206, 241830177, 9876773, 529557, 31049115, 177676138, 69558821, 243714980, 122743854, 104370347, 60772675, 122493426, 211212441, 84340898, 171023574, 191988092, 6004240, 141975672, 182382331, 60169248, 48856296, 212556591, 125285908, 98653799, 112007566, 217452140, 5555922, 45744348, 73503130, 161775644, 220445681, 117347905, 167087389, 192827476, 136018156, 131109619, 167837843, 182240958, 8391516, 229586495, 213735879, 97850511, 183893057, 194165031, 214936839, 224240891, 154115694, 138837282, 248682662, 216393363, 68549987, 232222394, 1476246, 151179556, 23831083, 67522189, 37046337, 30331306, 30809804, 180069300, 109853152, 142626223, 133024700, 213505916, 145828056, 36192707, 210076901, 18631466, 215945163, 194354097, 118288656, 112073061, 202801511, 204383395, 3296298, 163435793, 3713284, 222485103, 66480639]
[239554898, 105465088, 218365829, 203396497, 217698719, 109346344, 97770307, 148322777, 40290812, 53317582, 37400546, 22010658, 175723653, 165222218, 73768585, 222361649, 122267290, 183229434, 110253602, 236404051, 84153860, 126893068, 26600584, 13761399, 219667882, 217646206, 241830177, 9876773, 529557, 31049115, 177676138, 69558821, 243714980, 122743854, 104370347, 60772675, 122493426, 211212441, 84340898, 171023574, 191988092, 6004240, 141975672, 182382331, 60169248, 48856296, 212556591, 125285908, 98653799, 112007566, 217452140, 5555922, 45744348, 73503130, 161775644, 220445681, 117347905, 167087389, 192827476, 136018156, 131109619, 167837843, 182240958, 8391516, 229586495, 213735879, 97850511, 183893057, 194165031, 214936839, 224240891, 154115694, 138837282, 248682662, 216393363, 68549987, 232222394, 1476246, 151179556, 23831083, 186875312, 15363865, 148894419, 175412006, 162336783, 220767862, 257334, 2980324, 159935775, 57531261, 2110292, 132842143, 175445337, 201022537, 167541671, 86486951, 5306598, 93560583, 154603651, 144856171, 130626857, 7757910, 27434155, 143674740]
[239554898, 105465088, 218365829, 203396497, 217698719, 109346344, 97770307, 148322777, 40290812, 53317582, 37400546, 22010658, 175723653, 165222218, 73768585, 222361649, 122267290, 183229434, 110253602, 236404051, 84153860, 126893068, 26600584, 13761399, 219667882, 217646206, 241830177, 9876773, 529557, 31049115, 177676138, 69558821, 243714980, 122743854, 104370347, 60772675, 122493426, 211212441, 84340898, 171023574, 191988092, 6004240, 141975672, 182382331, 60169248, 48856296, 212556591, 125285908, 98653799, 112007566, 217452140, 5555922, 45744348, 73503130, 161775644, 220445681, 117347905, 167087389, 192827476, 136018156, 131109619, 167837843, 182240958, 8391516, 229586495, 213735879, 97850511, 183893057, 194165031, 214936839, 224240891, 154115694, 138837282, 248682662, 216393363, 68549987, 232222394, 1476246, 151179556, 23831083, 67522189, 37046337, 30331306, 30809804, 180069300, 109853152, 142626223, 133024700, 213505916, 145828056, 36192707, 210076901, 18631466, 215945163, 194354097, 118288656, 112073061, 202801511, 204383395, 3296298, 163435793, 3713284, 222485103, 236159178]
[239554898, 105465088, 218365829, 203396497, 217698719, 109346344, 97770307, 148322777, 40290812, 53317582, 37400546, 22010658, 175723653, 165222218, 73768585, 222361649, 122267290, 183229434, 110253602, 236404051, 84153860, 126893068, 26600584, 13761399, 219667882, 217646206, 241830177, 9876773, 529557, 31049115, 177676138, 69558821, 243714980, 122743854, 104370347, 60772675, 122493426, 211212441, 84340898, 171023574, 191988092, 6004240, 141975672, 182382331, 60169248, 48856296, 212556591, 125285908, 98653799, 112007566, 217452140, 5555922, 45744348, 73503130, 161775644, 220445681, 117347905, 167087389, 192827476, 136018156, 131109619, 167837843, 182240958, 8391516, 229586495, 213735879, 97850511, 183893057, 194165031, 214936839, 224240891, 154115694, 138837282, 248682662, 216393363, 68549987, 232222394, 1476246, 151179556, 23831083, 67522189, 37046337, 30331306, 30809804, 180069300, 109853152, 142626223, 133024700, 213505916, 145828056, 36192707, 210076901, 18631466, 215945163, 194354097, 118288656, 112073061, 202801511, 204383395, 55603611, 115796047, 222675116, 180443597, 14047833]
[239554898, 105465088, 218365829, 203396497, 217698719, 109346344, 97770307, 148322777, 40290812, 53317582, 37400546, 22010658, 175723653, 165222218, 73768585, 222361649, 122267290, 183229434, 110253602, 236404051, 84153860, 126893068, 26600584, 13761399, 219667882, 217646206, 241830177, 9876773, 529557, 31049115, 177676138, 69558821, 243714980, 122743854, 104370347, 60772675, 122493426, 211212441, 84340898, 171023574, 191988092, 6004240, 141975672, 182382331, 60169248, 48856296, 212556591, 125285908, 98653799, 112007566, 217452140, 5555922, 45744348, 73503130, 161775644, 220445681, 117347905, 167087389, 192827476, 30322964, 129797693, 162069456, 20098438, 175458121, 154340491, 200438724, 50980885, 218284050, 35865695, 35960691, 173099041, 248672976, 217120534, 97773753, 5693530, 103311836, 7361823, 87771202, 105809505, 22382340, 39666005, 202644599, 8269985, 227419249, 183354607, 194933427, 13040324, 200577707, 182868465, 214988932, 217080839, 134840078, 122769596, 246142629, 68179485, 42359751, 63285681, 119701561, 226358348, 45731036, 69757225, 227703165, 163954359, 46374167]
[239554898, 105465088, 218365829, 203396497, 217698719, 109346344, 97770307, 148322777, 40290812, 53317582, 37400546, 22010658, 175723653, 165222218, 73768585, 222361649, 122267290, 183229434, 110253602, 236404051, 84153860, 126893068, 26600584, 13761399, 219667882, 217646206, 241830177, 9876773, 529557, 31049115, 177676138, 69558821, 243714980, 122743854, 104370347, 60772675, 122493426, 211212441, 84340898, 171023574, 191988092, 6004240, 141975672, 182382331, 60169248, 48856296, 212556591, 125285908, 98653799, 112007566, 217452140, 5555922, 45744348, 73503130, 161775644, 220445681, 117347905, 167087389, 192827476, 136018156, 131109619, 167837843, 182240958, 8391516, 229586495, 213735879, 97850511, 183893057, 194165031, 214936839, 224240891, 154115694, 138837282, 248682662, 216393363, 68549987, 232222394, 1476246, 151179556, 23831083, 67522189, 37046337, 30331306, 30809804, 25267365, 33628761, 120843493, 60323715, 141937992, 214517939, 159351707, 225092483, 171806910, 180015946, 114838391, 74579433, 107756521, 133954053, 148718341, 183672911, 34694093, 121437250, 118382787, 179013703]
[239554898, 105465088, 218365829, 203396497, 217698719, 109346344, 97770307, 148322777, 40290812, 53317582, 37400546, 22010658, 175723653, 165222218, 73768585, 222361649, 122267290, 183229434, 110253602, 236404051, 84153860, 126893068, 26600584, 13761399, 219667882, 217646206, 241830177, 9876773, 529557, 31049115, 177676138, 69558821, 243714980, 122743854, 104370347, 60772675, 122493426, 211212441, 84340898, 171023574, 191988092, 6004240, 141975672, 182382331, 60169248, 48856296, 212556591, 125285908, 98653799, 112007566, 217452140, 5555922, 45744348, 73503130, 161775644, 220445681, 117347905, 167087389, 192827476, 136018156, 131109619, 167837843, 182240958, 8391516, 229586495, 213735879, 97850511, 183893057, 194165031, 214936839, 224240891, 154115694, 138837282, 248682662, 216393363, 68549987, 232222394, 1476246, 151179556, 23831083, 67522189, 37046337, 30331306, 30809804, 180069300, 32947905, 205930261, 16667085, 210298056, 203809029, 78308169, 16378318, 196407529, 15753659, 160485131, 237915332, 143881255, 157330827, 245128293, 164423166, 22313093, 127571248, 209105816, 25491960]
[239554898, 105465088, 218365829, 203396497, 217698719, 109346344, 97770307, 148322777, 40290812, 53317582, 37400546, 22010658, 175723653, 165222218, 73768585, 222361649, 122267290, 183229434, 110253602, 236404051, 84153860, 126893068, 26600584, 13761399, 219667882, 217646206, 241830177, 9876773, 529557, 31049115, 177676138, 69558821, 243714980, 122743854, 104370347, 60772675, 122493426, 211212441, 84340898, 171023574, 191988092, 6004240, 141975672, 182382331, 60169248, 48856296, 212556591, 125285908, 98653799, 112007566, 217452140, 5555922, 45744348, 73503130, 161775644, 220445681, 117347905, 167087389, 192827476, 136018156, 131109619, 167837843, 182240958, 8391516, 229586495, 213735879, 97850511, 183893057, 194165031, 214936839, 224240891, 154115694, 138837282, 248682662, 216393363, 68549987, 232222394, 1476246, 151179556, 23831083, 186875312, 15363865, 148894419, 175412006, 162336783, 220767862, 257334, 2980324, 159935775, 57531261, 2110292, 132842143, 180764072, 146670478, 29426298, 138117769, 124771713, 173506613, 27461156, 95779946, 6822344, 139017291, 91421649, 183367833]
[239554898, 105465088, 218365829, 203396497, 217698719, 109346344, 97770307, 148322777, 40290812, 53317582, 37400546, 22010658, 175723653, 165222218, 73768585, 222361649, 122267290, 183229434, 110253602, 236404051, 84153860, 126893068, 26600584, 13761399, 219667882, 217646206, 241830177, 9876773, 529557, 31049115, 177676138, 69558821, 243714980, 122743854, 104370347, 60772675, 122493426, 211212441, 84340898, 171023574, 191988092, 6004240, 141975672, 182382331, 60169248, 48856296, 212556591, 125285908, 98653799, 112007566, 217452140, 5555922, 45744348, 73503130, 161775644, 220445681, 117347905, 167087389, 192827476, 136018156, 131109619, 167837843, 182240958, 8391516, 229586495, 213735879, 97850511, 183893057, 194165031, 214936839, 224240891, 154115694, 138837282, 248682662, 216393363, 68549987, 232222394, 1476246, 151179556, 23831083, 67522189, 37046337, 30331306, 30809804, 180069300, 109853152, 142626223, 133024700, 213505916, 145828056, 36192707, 210076901, 18631466, 52777234, 8271894, 104723084, 103227377, 83603035, 211470450, 93876837, 58707326, 221283384, 222071348, 157136055]
[239554898, 105465088, 218365829, 203396497, 217698719, 109346344, 97770307, 148322777, 40290812, 53317582, 37400546, 22010658, 175723653, 165222218, 73768585, 222361649, 122267290, 183229434, 110253602, 236404051, 84153860, 126893068, 26600584, 13761399, 219667882, 217646206, 241830177, 9876773, 529557, 31049115, 177676138, 69558821, 243714980, 122743854, 104370347, 60772675, 122493426, 211212441, 84340898, 171023574, 191988092, 6004240, 141975672, 182382331, 60169248, 48856296, 212556591, 125285908, 98653799, 112007566, 217452140, 5555922, 45744348, 73503130, 161775644, 220445681, 117347905, 167087389, 192827476, 136018156, 131109619, 167837843, 182240958, 8391516, 229586495, 213735879, 97850511, 183893057, 194165031, 214936839, 224240891, 154115694, 138837282, 248682662, 216393363, 68549987, 232222394, 1476246, 151179556, 23831083, 67522189, 37046337, 30331306, 30809804, 180069300, 109853152, 142626223, 133024700, 117964535, 146059510, 57098611, 73333121, 165472275, 247574085, 38256730, 108458298, 17314258, 63296127, 171026776, 200092087, 13040316, 232034823, 224188757, 161613506]
[239554898, 105465088, 218365829, 203396497, 217698719, 109346344, 97770307, 148322777, 40290812, 53317582, 37400546, 22010658, 175723653, 165222218, 73768585, 222361649, 122267290, 183229434, 110253602, 236404051, 84153860, 126893068, 26600584, 13761399, 219667882, 217646206, 241830177, 9876773, 529557, 31049115, 177676138, 69558821, 243714980, 122743854, 104370347, 60772675, 122493426, 211212441, 84340898, 171023574, 191988092, 6004240, 141975672, 182382331, 60169248, 48856296, 212556591, 125285908, 98653799, 112007566, 217452140, 5555922, 45744348, 73503130, 161775644, 220445681, 117347905, 167087389, 192827476, 30322964, 129797693, 162069456, 20098438, 175458121, 154340491, 200438724, 50980885, 218284050, 41182885, 54506857, 78043547, 1605079, 36994883, 167476512, 84602607, 136635004, 82774592, 181994661, 94214124, 242953261, 177936239, 115570111, 26692013, 2990388, 120026433, 26376298, 118170346, 33166470, 202562618, 46228497, 77391020, 36586039, 72004815, 5868703, 17944968, 237299864, 79713110, 246736336, 198711197, 64255975, 6672660, 187980212, 115416549, 173157555]
[239554898, 105465088, 218365829, 203396497, 217698719, 109346344, 97770307, 148322777, 40290812, 53317582, 37400546, 22010658, 175723653, 165222218, 73768585, 222361649, 122267290, 183229434, 110253602, 236404051, 84153860, 126893068, 26600584, 13761399, 219667882, 217646206, 241830177, 9876773, 529557, 31049115, 177676138, 69558821, 243714980, 122743854, 104370347, 60772675, 122493426, 211212441, 84340898, 171023574, 191988092, 6004240, 141975672, 182382331, 60169248, 48856296, 212556591, 125285908, 98653799, 112007566, 217452140, 5555922, 45744348, 73503130, 161775644, 220445681, 117347905, 167087389, 192827476, 136018156, 131109619, 167837843, 182240958, 8391516, 229586495, 213735879, 97850511, 183893057, 194165031, 214936839, 224240891, 154115694, 138837282, 248682662, 216393363, 68549987, 232222394, 1476246, 151179556, 23831083, 67522189, 37046337, 30331306, 30809804, 180069300, 32947905, 92433975, 10504298, 97570684, 135634069, 114736754, 44605410, 48138700, 146004529, 33870450, 153772956, 85229674, 57394436, 170809433, 154526405, 70021265, 110901335, 64343764, 177679402]
[239554898, 105465088, 218365829, 203396497, 217698719, 109346344, 97770307, 148322777, 40290812, 53317582, 37400546, 22010658, 175723653, 165222218, 73768585, 222361649, 122267290, 183229434, 110253602, 236404051, 84153860, 126893068, 26600584, 13761399, 219667882, 217646206, 241830177, 9876773, 529557, 31049115, 177676138, 69558821, 243714980, 122743854, 104370347, 60772675, 122493426, 211212441, 84340898, 171023574, 191988092, 6004240, 141975672, 182382331, 60169248, 48856296, 212556591, 125285908, 98653799, 112007566, 217452140, 5555922, 45744348, 73503130, 161775644, 220445681, 117347905, 167087389, 192827476, 136018156, 131109619, 167837843, 182240958, 8391516, 229586495, 213735879, 97850511, 183893057, 194165031, 214936839, 224240891, 154115694, 138837282, 248682662, 216393363, 68549987, 232222394, 1476246, 151179556, 23831083, 67522189, 37046337, 30331306, 30809804, 180069300, 109853152, 142626223, 133024700, 117964535, 146059510, 57098611, 73333121, 165472275, 247574085, 38256730, 108458298, 17314258, 63296127, 167988758, 141713045, 29631926, 165844852, 189149285, 184656303]
[239554898, 105465088, 218365829, 203396497, 217698719, 109346344, 97770307, 148322777, 40290812, 53317582, 37400546, 22010658, 175723653, 165222218, 73768585, 222361649, 122267290, 183229434, 110253602, 236404051, 84153860, 126893068, 26600584, 13761399, 219667882, 217646206, 241830177, 9876773, 529557, 31049115, 177676138, 69558821, 243714980, 122743854, 104370347, 60772675, 122493426, 211212441, 84340898, 171023574, 191988092, 6004240, 141975672, 182382331, 60169248, 48856296, 212556591, 125285908, 98653799, 112007566, 217452140, 5555922, 45744348, 73503130, 161775644, 220445681, 117347905, 167087389, 192827476, 16949894, 154797606, 31554297, 227448688, 27607733, 7853203, 140242752, 68768893, 164110998, 12898830, 247773033, 204652173, 205971979, 68424825, 160403798, 117872922, 90131011, 162593568, 230345226, 44376985, 76933, 101975899, 156083460, 117175685, 142997913, 127523190, 24591345, 117503723, 97783181, 232447133, 220089946, 187459639, 30472219, 112344281, 2226099, 236412168, 40502974, 17697905, 409669, 29944020, 210192841, 88894054, 62515781, 114647272, 247913538]
[239554898, 105465088, 218365829, 203396497, 217698719, 109346344, 97770307, 148322777, 40290812, 53317582, 37400546, 22010658, 175723653, 165222218, 73768585, 222361649, 122267290, 183229434, 110253602, 236404051, 84153860, 126893068, 26600584, 13761399, 219667882, 217646206, 241830177, 9876773, 529557, 31049115, 177676138, 69558821, 243714980, 122743854, 104370347, 60772675, 122493426, 211212441, 84340898, 171023574, 191988092, 6004240, 141975672, 182382331, 60169248, 48856296, 212556591, 125285908, 98653799, 112007566, 217452140, 5555922, 45744348, 73503130, 161775644, 220445681, 117347905, 167087389, 192827476, 136018156, 131109619, 167837843, 182240958, 8391516, 229586495, 213735879, 97850511, 183893057, 194165031, 214936839, 224240891, 154115694, 138837282, 248682662, 216393363, 68549987, 232222394, 1476246, 151179556, 23831083, 67522189, 37046337, 30331306, 30809804, 25267365, 33628761, 120843493, 60323715, 141937992, 214517939, 159351707, 225092483, 171806910, 14044454, 242868175, 51611021, 103323002, 82673646, 209696386, 168223732, 190658279, 94966188, 242810426, 123824212]
[239554898, 105465088, 218365829, 203396497, 217698719, 109346344, 97770307, 148322777, 40290812, 53317582, 37400546, 22010658, 175723653, 165222218, 73768585, 222361649, 122267290, 183229434, 110253602, 236404051, 84153860, 126893068, 26600584, 13761399, 219667882, 217646206, 241830177, 9876773, 529557, 31049115, 177676138, 69558821, 243714980, 122743854, 104370347, 60772675, 122493426, 211212441, 84340898, 171023574, 191988092, 6004240, 141975672, 182382331, 60169248, 48856296, 212556591, 125285908, 98653799, 112007566, 217452140, 5555922, 45744348, 73503130, 161775644, 220445681, 117347905, 167087389, 192827476, 136018156, 131109619, 167837843, 182240958, 8391516, 229586495, 213735879, 97850511, 183893057, 194165031, 214936839, 224240891, 154115694, 138837282, 248682662, 216393363, 68549987, 232222394, 1476246, 151179556, 23831083, 67522189, 37046337, 30331306, 30809804, 25267365, 33628761, 120843493, 60323715, 161552165, 221715995, 217892344, 19173152, 10149374, 172341237, 132632039, 213864804, 173890789, 108364976, 175221064, 106603090, 79437741, 35714229, 65327119, 168311284]
[239554898, 105465088, 218365829, 203396497, 217698719, 109346344, 97770307, 148322777, 40290812, 53317582, 37400546, 22010658, 175723653, 165222218, 73768585, 222361649, 122267290, 183229434, 110253602, 236404051, 84153860, 126893068, 26600584, 13761399, 219667882, 217646206, 241830177, 9876773, 529557, 31049115, 177676138, 69558821, 243714980, 122743854, 104370347, 60772675, 122493426, 211212441, 84340898, 171023574, 191988092, 6004240, 141975672, 182382331, 60169248, 48856296, 212556591, 125285908, 98653799, 112007566, 217452140, 5555922, 45744348, 73503130, 161775644, 220445681, 117347905, 167087389, 192827476, 30322964, 129797693, 162069456, 20098438, 175458121, 154340491, 200438724, 50980885, 218284050, 35865695, 35960691, 173099041, 248672976, 217120534, 97773753, 5693530, 103311836, 7361823, 87771202, 105809505, 22382340, 39666005, 202644599, 8269985, 227419249, 183354607, 194933427, 13040324, 200577707, 182868465, 214988932, 217080839, 134840078, 122769596, 246142629, 68179485, 171653099, 397352, 133878064, 127272763, 209264059, 200638571, 82573626, 225723668, 107142581]
[239554898, 105465088, 218365829, 203396497, 217698719, 109346344, 97770307, 148322777, 40290812, 53317582, 37400546, 22010658, 175723653, 165222218, 73768585, 222361649, 122267290, 183229434, 110253602, 236404051, 84153860, 126893068, 26600584, 13761399, 219667882, 217646206, 241830177, 9876773, 529557, 31049115, 177676138, 69558821, 243714980, 122743854, 104370347, 60772675, 122493426, 211212441, 84340898, 171023574, 191988092, 6004240, 141975672, 182382331, 60169248, 48856296, 212556591, 125285908, 98653799, 112007566, 217452140, 5555922, 45744348, 73503130, 161775644, 220445681, 117347905, 167087389, 192827476, 136018156, 131109619, 167837843, 182240958, 8391516, 229586495, 213735879, 97850511, 183893057, 194165031, 214936839, 224240891, 154115694, 138837282, 248682662, 216393363, 68549987, 232222394, 1476246, 151179556, 23831083, 67522189, 37046337, 30331306, 30809804, 180069300, 109853152, 142626223, 133024700, 213505916, 145828056, 36192707, 210076901, 18631466, 66249244, 106394530, 98937705, 62076670, 149131071, 129795181, 86924942, 141328965, 235054037, 77034477, 163170724]
[239554898, 105465088, 218365829, 203396497, 217698719, 109346344, 97770307, 148322777, 40290812, 53317582, 37400546, 22010658, 175723653, 165222218, 73768585, 222361649, 122267290, 183229434, 110253602, 236404051, 84153860, 126893068, 26600584, 13761399, 219667882, 217646206, 241830177, 9876773, 529557, 31049115, 177676138, 69558821, 243714980, 122743854, 104370347, 60772675, 122493426, 148485447, 54444742, 145919880, 210587957, 24065028, 92194467, 184408202, 113301009, 174534257, 35828330, 104013576, 223631372, 190102004, 193855147, 224840670, 16160201, 132389284, 105989868, 120765623, 175165649, 2273480, 96205406, 136667222, 140775232, 30860236, 153647730, 139913489, 181883717, 87162853, 19818419, 195854133, 147790891, 191743672, 38956690, 233114487, 54959544, 168924960, 105653715, 164928671, 236893657, 167950514, 122872628, 248046114, 97392621, 147937910, 197833605, 50470365, 82315875, 37326955, 142534797, 136679235, 120575934, 126328875, 163220121, 130242101, 202652095, 36231677, 225255151, 76530555, 170365623, 78152497, 154711766, 50753427, 164723736, 70690938, 248151751, 14905489]
[239554898, 105465088, 218365829, 203396497, 217698719, 109346344, 97770307, 148322777, 40290812, 53317582, 37400546, 22010658, 175723653, 165222218, 73768585, 222361649, 122267290, 183229434, 110253602, 236404051, 84153860, 126893068, 26600584, 13761399, 219667882, 217646206, 241830177, 9876773, 529557, 31049115, 177676138, 69558821, 243714980, 122743854, 104370347, 60772675, 122493426, 211212441, 84340898, 171023574, 191988092, 6004240, 141975672, 182382331, 60169248, 48856296, 212556591, 125285908, 98653799, 112007566, 217452140, 5555922, 45744348, 73503130, 161775644, 220445681, 117347905, 167087389, 192827476, 136018156, 131109619, 167837843, 182240958, 8391516, 229586495, 213735879, 97850511, 183893057, 194165031, 214936839, 224240891, 154115694, 138837282, 248682662, 216393363, 68549987, 232222394, 1476246, 151179556, 23831083, 186875312, 15363865, 148894419, 175412006, 162336783, 220767862, 257334, 140506494, 123970020, 16967665, 162188528, 9006925, 16419828, 9832030, 101231843, 242806185, 184700778, 178941896, 229122355, 186011294, 238674224, 248986504, 31075050, 158291900]
[239554898, 105465088, 218365829, 203396497, 217698719, 109346344, 97770307, 148322777, 40290812, 53317582, 37400546, 22010658, 175723653, 165222218, 73768585, 222361649, 122267290, 183229434, 110253602, 236404051, 84153860, 126893068, 26600584, 13761399, 219667882, 217646206, 241830177, 9876773, 529557, 31049115, 177676138, 69558821, 243714980, 122743854, 104370347, 60772675, 122493426, 211212441, 84340898, 171023574, 191988092, 6004240, 141975672, 182382331, 60169248, 48856296, 212556591, 125285908, 98653799, 112007566, 217452140, 5555922, 45744348, 73503130, 161775644, 220445681, 117347905, 167087389, 192827476, 30322964, 129797693, 162069456, 20098438, 175458121, 154340491, 200438724, 50980885, 218284050, 35865695, 35960691, 173099041, 248672976, 217120534, 97773753, 5693530, 103311836, 7361823, 87771202, 105809505, 22382340, 39666005, 202644599, 8269985, 227419249, 183354607, 194933427, 13040324, 200577707, 182868465, 214988932, 217080839, 134840078, 122769596, 246142629, 68179485, 171653099, 397352, 133878064, 84040777, 207257794, 221267447, 182167827, 86946458, 136355047]
[239554898, 105465088, 218365829, 203396497, 217698719, 109346344, 97770307, 148322777, 40290812, 53317582, 37400546, 22010658, 175723653, 165222218, 73768585, 222361649, 122267290, 183229434, 110253602, 236404051, 84153860, 126893068, 26600584, 13761399, 219667882, 217646206, 241830177, 9876773, 529557, 31049115, 177676138, 69558821, 243714980, 122743854, 104370347, 60772675, 122493426, 211212441, 84340898, 171023574, 191988092, 6004240, 141975672, 182382331, 60169248, 48856296, 212556591, 125285908, 98653799, 112007566, 217452140, 5555922, 45744348, 73503130, 161775644, 220445681, 117347905, 167087389, 192827476, 136018156, 131109619, 167837843, 182240958, 8391516, 229586495, 213735879, 97850511, 183893057, 194165031, 214936839, 224240891, 154115694, 138837282, 248682662, 216393363, 68549987, 232222394, 1476246, 151179556, 23831083, 67522189, 37046337, 30331306, 30809804, 180069300, 109853152, 142626223, 133024700, 213505916, 145828056, 36192707, 210076901, 18631466, 66249244, 106394530, 98937705, 62076670, 236207879, 200810389, 117472547, 148400284, 131850934, 45577992, 233615667]
[239554898, 105465088, 218365829, 203396497, 217698719, 109346344, 97770307, 148322777, 40290812, 53317582, 37400546, 22010658, 175723653, 165222218, 73768585, 222361649, 122267290, 183229434, 110253602, 236404051, 84153860, 126893068, 26600584, 13761399, 219667882, 217646206, 241830177, 9876773, 529557, 31049115, 177676138, 69558821, 243714980, 122743854, 104370347, 60772675, 122493426, 211212441, 84340898, 171023574, 191988092, 6004240, 141975672, 182382331, 60169248, 48856296, 212556591, 125285908, 98653799, 112007566, 217452140, 5555922, 45744348, 73503130, 161775644, 220445681, 117347905, 167087389, 192827476, 136018156, 131109619, 167837843, 182240958, 8391516, 229586495, 213735879, 97850511, 183893057, 194165031, 214936839, 224240891, 154115694, 138837282, 248682662, 216393363, 68549987, 232222394, 1476246, 151179556, 23831083, 186875312, 15363865, 148894419, 235170124, 151625514, 85970942, 197269257, 56981299, 125621014, 73203161, 14762083, 123527406, 189868651, 238999946, 128491558, 49062058, 181149222, 4814286, 70349429, 17899699, 109362641, 248964318, 191278488, 232985087]
[239554898, 105465088, 218365829, 203396497, 217698719, 109346344, 97770307, 148322777, 40290812, 53317582, 37400546, 22010658, 175723653, 165222218, 73768585, 222361649, 122267290, 183229434, 110253602, 236404051, 84153860, 126893068, 26600584, 13761399, 219667882, 217646206, 241830177, 9876773, 529557, 31049115, 177676138, 69558821, 243714980, 122743854, 104370347, 60772675, 122493426, 211212441, 84340898, 171023574, 191988092, 6004240, 141975672, 182382331, 60169248, 48856296, 212556591, 125285908, 98653799, 112007566, 217452140, 5555922, 45744348, 73503130, 161775644, 220445681, 117347905, 167087389, 192827476, 30322964, 129797693, 162069456, 20098438, 175458121, 154340491, 200438724, 50980885, 218284050, 35865695, 35960691, 173099041, 248672976, 217120534, 97773753, 5693530, 103311836, 7361823, 87771202, 105809505, 22382340, 39666005, 202644599, 8269985, 227419249, 183354607, 194933427, 13040324, 200577707, 182868465, 214988932, 217080839, 134840078, 122769596, 246142629, 68179485, 171653099, 110778708, 80714657, 39567580, 21126624, 191955173, 143103297, 13240921, 214288145]
[239554898, 105465088, 218365829, 203396497, 217698719, 109346344, 97770307, 148322777, 40290812, 53317582, 37400546, 22010658, 175723653, 165222218, 73768585, 222361649, 122267290, 183229434, 110253602, 236404051, 84153860, 126893068, 26600584, 13761399, 219667882, 217646206, 241830177, 9876773, 529557, 31049115, 177676138, 69558821, 243714980, 122743854, 104370347, 60772675, 122493426, 211212441, 84340898, 171023574, 191988092, 6004240, 141975672, 182382331, 60169248, 48856296, 212556591, 125285908, 98653799, 112007566, 217452140, 5555922, 45744348, 73503130, 161775644, 220445681, 117347905, 167087389, 192827476, 136018156, 131109619, 167837843, 182240958, 8391516, 229586495, 213735879, 97850511, 183893057, 194165031, 214936839, 224240891, 154115694, 138837282, 248682662, 216393363, 68549987, 232222394, 1476246, 151179556, 23831083, 186875312, 15363865, 148894419, 235170124, 151625514, 85970942, 197269257, 56981299, 125621014, 73203161, 14762083, 123527406, 189868651, 238999946, 128491558, 49062058, 181149222, 4814286, 70349429, 17899699, 109362641, 160690843, 248686335, 239936]
[239554898, 105465088, 218365829, 203396497, 217698719, 109346344, 97770307, 148322777, 40290812, 53317582, 37400546, 22010658, 175723653, 165222218, 73768585, 222361649, 122267290, 183229434, 110253602, 236404051, 84153860, 126893068, 26600584, 13761399, 219667882, 217646206, 241830177, 9876773, 529557, 31049115, 177676138, 69558821, 243714980, 122743854, 104370347, 60772675, 122493426, 211212441, 84340898, 171023574, 191988092, 6004240, 141975672, 182382331, 60169248, 48856296, 212556591, 125285908, 98653799, 112007566, 217452140, 5555922, 45744348, 73503130, 161775644, 220445681, 117347905, 167087389, 192827476, 136018156, 131109619, 167837843, 182240958, 8391516, 229586495, 213735879, 97850511, 183893057, 194165031, 214936839, 224240891, 154115694, 138837282, 248682662, 216393363, 68549987, 232222394, 1476246, 151179556, 23831083, 67522189, 37046337, 30331306, 30809804, 180069300, 109853152, 142626223, 133024700, 213505916, 145828056, 36192707, 210076901, 18631466, 52777234, 8271894, 17663428, 4536358, 92171121, 6760031, 173755756, 223934049, 221848427, 61567012, 134860091]
[239554898, 105465088, 218365829, 203396497, 217698719, 109346344, 97770307, 148322777, 40290812, 53317582, 37400546, 22010658, 175723653, 165222218, 73768585, 222361649, 122267290, 183229434, 110253602, 236404051, 84153860, 126893068, 26600584, 13761399, 219667882, 217646206, 241830177, 9876773, 529557, 31049115, 177676138, 69558821, 243714980, 122743854, 104370347, 60772675, 122493426, 211212441, 84340898, 171023574, 191988092, 6004240, 141975672, 182382331, 60169248, 48856296, 212556591, 125285908, 98653799, 112007566, 217452140, 5555922, 45744348, 73503130, 161775644, 220445681, 117347905, 167087389, 192827476, 136018156, 131109619, 167837843, 182240958, 8391516, 229586495, 213735879, 97850511, 183893057, 194165031, 214936839, 224240891, 154115694, 138837282, 248682662, 216393363, 68549987, 232222394, 1476246, 151179556, 23831083, 67522189, 37046337, 30331306, 30809804, 25267365, 33628761, 120843493, 60323715, 161552165, 45948928, 156724531, 189656957, 96043887, 210101002, 72206643, 198507616, 71170187, 176629760, 124530405, 172294663, 196774041, 88505551, 65725284, 208929732]
[239554898, 105465088, 218365829, 203396497, 217698719, 109346344, 97770307, 148322777, 40290812, 53317582, 37400546, 22010658, 175723653, 165222218, 73768585, 222361649, 122267290, 183229434, 110253602, 236404051, 84153860, 126893068, 26600584, 13761399, 219667882, 217646206, 241830177, 9876773, 529557, 31049115, 177676138, 69558821, 243714980, 122743854, 104370347, 60772675, 122493426, 211212441, 84340898, 171023574, 191988092, 6004240, 141975672, 182382331, 60169248, 48856296, 212556591, 125285908, 98653799, 112007566, 217452140, 5555922, 45744348, 73503130, 161775644, 220445681, 117347905, 167087389, 192827476, 136018156, 131109619, 167837843, 182240958, 8391516, 229586495, 213735879, 97850511, 183893057, 194165031, 214936839, 224240891, 154115694, 138837282, 248682662, 216393363, 68549987, 232222394, 1476246, 151179556, 23831083, 186875312, 15363865, 148894419, 175412006, 162336783, 220767862, 257334, 2980324, 159935775, 57531261, 2110292, 132842143, 180764072, 146670478, 29426298, 138117769, 124771713, 173506613, 27461156, 124150144, 201762488, 81798093, 79241366, 226211149]
[239554898, 105465088, 218365829, 203396497, 217698719, 109346344, 97770307, 148322777, 40290812, 53317582, 37400546, 22010658, 175723653, 165222218, 73768585, 222361649, 122267290, 183229434, 110253602, 236404051, 84153860, 126893068, 26600584, 13761399, 219667882, 217646206, 241830177, 9876773, 529557, 31049115, 177676138, 69558821, 243714980, 122743854, 104370347, 60772675, 122493426, 211212441, 84340898, 171023574, 191988092, 6004240, 141975672, 182382331, 60169248, 48856296, 212556591, 125285908, 98653799, 112007566, 217452140, 5555922, 45744348, 73503130, 161775644, 220445681, 117347905, 167087389, 192827476, 30322964, 129797693, 162069456, 20098438, 175458121, 154340491, 200438724, 50980885, 218284050, 35865695, 35960691, 173099041, 248672976, 217120534, 97773753, 5693530, 103311836, 7361823, 87771202, 105809505, 22382340, 39666005, 110445834, 30069573, 90714617, 230716197, 16119416, 184671964, 209467104, 146000494, 25141289, 40494108, 60501027, 155864249, 110164759, 152374169, 44314408, 30163918, 85564782, 49629385, 241340799, 8250221, 141720288, 25183466, 170486395]
[239554898, 105465088, 218365829, 203396497, 217698719, 109346344, 97770307, 148322777, 40290812, 53317582, 37400546, 22010658, 175723653, 165222218, 73768585, 222361649, 122267290, 183229434, 110253602, 236404051, 84153860, 126893068, 26600584, 13761399, 219667882, 217646206, 241830177, 9876773, 529557, 31049115, 177676138, 69558821, 243714980, 122743854, 104370347, 60772675, 122493426, 211212441, 84340898, 171023574, 191988092, 6004240, 141975672, 182382331, 60169248, 48856296, 212556591, 125285908, 98653799, 112007566, 217452140, 5555922, 45744348, 73503130, 161775644, 220445681, 117347905, 167087389, 192827476, 136018156, 131109619, 167837843, 182240958, 8391516, 229586495, 213735879, 97850511, 183893057, 194165031, 214936839, 224240891, 154115694, 138837282, 248682662, 216393363, 68549987, 232222394, 1476246, 151179556, 23831083, 67522189, 37046337, 30331306, 30809804, 180069300, 109853152, 142626223, 133024700, 213505916, 145828056, 36192707, 210076901, 18631466, 215945163, 194354097, 118288656, 112073061, 227711161, 2874705, 25019001, 119042219, 20757261, 199854653, 247905213]
[239554898, 105465088, 218365829, 203396497, 217698719, 109346344, 97770307, 148322777, 40290812, 53317582, 37400546, 22010658, 175723653, 165222218, 73768585, 222361649, 122267290, 183229434, 110253602, 236404051, 84153860, 126893068, 26600584, 13761399, 219667882, 217646206, 241830177, 9876773, 529557, 31049115, 177676138, 69558821, 243714980, 122743854, 104370347, 60772675, 122493426, 211212441, 84340898, 171023574, 191988092, 6004240, 141975672, 182382331, 60169248, 48856296, 212556591, 125285908, 98653799, 112007566, 217452140, 5555922, 45744348, 73503130, 161775644, 220445681, 117347905, 167087389, 192827476, 136018156, 131109619, 167837843, 182240958, 8391516, 229586495, 213735879, 97850511, 183893057, 194165031, 214936839, 224240891, 154115694, 138837282, 248682662, 216393363, 68549987, 232222394, 1476246, 151179556, 23831083, 67522189, 37046337, 30331306, 30809804, 180069300, 32947905, 205930261, 16667085, 210298056, 203809029, 78308169, 16378318, 196407529, 15753659, 160485131, 164523539, 69485263, 87357724, 10232706, 28337702, 85633645, 238485890, 227826627, 16488930]
[239554898, 105465088, 218365829, 203396497, 217698719, 109346344, 97770307, 148322777, 40290812, 53317582, 37400546, 22010658, 175723653, 165222218, 73768585, 222361649, 122267290, 183229434, 110253602, 236404051, 84153860, 126893068, 26600584, 13761399, 219667882, 217646206, 241830177, 9876773, 529557, 31049115, 177676138, 69558821, 243714980, 122743854, 104370347, 60772675, 122493426, 211212441, 84340898, 171023574, 191988092, 6004240, 141975672, 182382331, 60169248, 48856296, 212556591, 125285908, 98653799, 112007566, 217452140, 5555922, 45744348, 73503130, 161775644, 220445681, 117347905, 167087389, 192827476, 136018156, 131109619, 167837843, 182240958, 8391516, 229586495, 213735879, 97850511, 183893057, 194165031, 214936839, 224240891, 154115694, 138837282, 248682662, 216393363, 68549987, 232222394, 1476246, 151179556, 23831083, 67522189, 37046337, 30331306, 30809804, 180069300, 109853152, 142626223, 133024700, 117964535, 146059510, 57098611, 91433257, 27596929, 238513360, 108481286, 209948443, 107668528, 50913205, 172430707, 159813373, 68373453, 99854775, 242468597, 50752609]
[239554898, 105465088, 218365829, 203396497, 217698719, 109346344, 97770307, 148322777, 40290812, 53317582, 37400546, 22010658, 175723653, 165222218, 73768585, 222361649, 122267290, 183229434, 110253602, 236404051, 84153860, 126893068, 26600584, 13761399, 219667882, 217646206, 241830177, 9876773, 529557, 31049115, 177676138, 69558821, 243714980, 122743854, 104370347, 60772675, 122493426, 211212441, 84340898, 171023574, 191988092, 6004240, 141975672, 182382331, 60169248, 48856296, 212556591, 125285908, 98653799, 112007566, 217452140, 5555922, 45744348, 73503130, 161775644, 220445681, 117347905, 167087389, 192827476, 136018156, 131109619, 167837843, 182240958, 8391516, 229586495, 213735879, 97850511, 183893057, 194165031, 214936839, 224240891, 154115694, 138837282, 248682662, 216393363, 68549987, 232222394, 1476246, 151179556, 23831083, 186875312, 15363865, 148894419, 175412006, 162336783, 220767862, 257334, 140506494, 123970020, 16967665, 83723662, 11943399, 171221150, 19320553, 143875605, 182785584, 203336787, 206664492, 242549690, 34849924, 204734417, 192809519, 99136203, 213187765]
[239554898, 105465088, 218365829, 203396497, 217698719, 109346344, 97770307, 148322777, 40290812, 53317582, 37400546, 22010658, 175723653, 165222218, 73768585, 222361649, 122267290, 183229434, 110253602, 236404051, 84153860, 126893068, 26600584, 13761399, 219667882, 217646206, 241830177, 9876773, 529557, 31049115, 177676138, 69558821, 243714980, 122743854, 104370347, 60772675, 122493426, 211212441, 84340898, 171023574, 191988092, 6004240, 141975672, 182382331, 60169248, 48856296, 212556591, 125285908, 98653799, 112007566, 217452140, 5555922, 45744348, 73503130, 161775644, 220445681, 117347905, 167087389, 192827476, 136018156, 131109619, 167837843, 182240958, 8391516, 229586495, 213735879, 97850511, 183893057, 194165031, 214936839, 224240891, 154115694, 138837282, 248682662, 216393363, 68549987, 232222394, 1476246, 151179556, 23831083, 186875312, 15363865, 148894419, 175412006, 162336783, 220767862, 257334, 2980324, 159935775, 57531261, 2110292, 132842143, 175445337, 3218014, 59524486, 195873983, 134969456, 242249109, 186640499, 119914522, 166939565, 214474418, 208594185, 126823075]
[239554898, 105465088, 218365829, 203396497, 217698719, 109346344, 97770307, 148322777, 40290812, 53317582, 37400546, 22010658, 175723653, 165222218, 73768585, 222361649, 122267290, 183229434, 110253602, 236404051, 84153860, 126893068, 26600584, 13761399, 219667882, 217646206, 241830177, 9876773, 529557, 31049115, 177676138, 69558821, 243714980, 122743854, 104370347, 60772675, 122493426, 211212441, 84340898, 171023574, 191988092, 6004240, 141975672, 182382331, 60169248, 48856296, 212556591, 125285908, 98653799, 112007566, 217452140, 5555922, 45744348, 73503130, 161775644, 220445681, 117347905, 167087389, 192827476, 136018156, 131109619, 167837843, 182240958, 8391516, 229586495, 213735879, 97850511, 183893057, 194165031, 214936839, 224240891, 154115694, 138837282, 248682662, 216393363, 68549987, 232222394, 1476246, 151179556, 23831083, 67522189, 37046337, 30331306, 30809804, 180069300, 109853152, 142626223, 133024700, 213505916, 145828056, 36192707, 210076901, 18631466, 66249244, 106394530, 98937705, 22280856, 163202874, 122481697, 47233503, 184906668, 72702792, 105630673, 125206158]
[239554898, 105465088, 218365829, 203396497, 217698719, 109346344, 97770307, 148322777, 40290812, 53317582, 37400546, 22010658, 175723653, 165222218, 73768585, 222361649, 122267290, 183229434, 110253602, 236404051, 84153860, 126893068, 26600584, 13761399, 219667882, 217646206, 241830177, 9876773, 529557, 31049115, 177676138, 69558821, 243714980, 122743854, 104370347, 60772675, 122493426, 211212441, 84340898, 171023574, 191988092, 6004240, 141975672, 182382331, 60169248, 48856296, 212556591, 125285908, 98653799, 112007566, 217452140, 5555922, 45744348, 73503130, 161775644, 220445681, 117347905, 167087389, 192827476, 30322964, 129797693, 162069456, 20098438, 175458121, 154340491, 200438724, 50980885, 218284050, 35865695, 35960691, 173099041, 248672976, 217120534, 97773753, 5693530, 103311836, 7361823, 87771202, 105809505, 22382340, 39666005, 110445834, 30069573, 167718405, 148353367, 35952887, 18398126, 131689514, 87282603, 71592258, 19510767, 36981584, 169901166, 6993812, 97074571, 245927872, 37113438, 55892894, 8993408, 114807978, 27366176, 46202877, 154987776, 123791248]
[239554898, 105465088, 218365829, 203396497, 217698719, 109346344, 97770307, 148322777, 40290812, 53317582, 37400546, 22010658, 175723653, 165222218, 73768585, 222361649, 122267290, 183229434, 110253602, 236404051, 84153860, 126893068, 26600584, 13761399, 219667882, 217646206, 241830177, 9876773, 529557, 31049115, 177676138, 69558821, 243714980, 122743854, 104370347, 60772675, 122493426, 211212441, 84340898, 171023574, 191988092, 6004240, 141975672, 182382331, 60169248, 48856296, 212556591, 125285908, 98653799, 112007566, 217452140, 5555922, 45744348, 73503130, 161775644, 220445681, 117347905, 167087389, 192827476, 136018156, 131109619, 167837843, 182240958, 8391516, 229586495, 213735879, 97850511, 183893057, 194165031, 214936839, 224240891, 154115694, 138837282, 248682662, 216393363, 68549987, 232222394, 1476246, 151179556, 23831083, 186875312, 15363865, 148894419, 175412006, 162336783, 220767862, 257334, 2980324, 159935775, 57531261, 2110292, 132842143, 175445337, 3218014, 59524486, 195873983, 87095342, 27555519, 128469637, 90992766, 140601150, 212537235, 234263465, 202895515]
[239554898, 105465088, 218365829, 203396497, 217698719, 109346344, 97770307, 148322777, 40290812, 53317582, 37400546, 22010658, 175723653, 165222218, 73768585, 222361649, 122267290, 183229434, 110253602, 236404051, 84153860, 126893068, 26600584, 13761399, 219667882, 217646206, 241830177, 9876773, 529557, 31049115, 177676138, 69558821, 243714980, 122743854, 104370347, 60772675, 122493426, 211212441, 84340898, 171023574, 191988092, 6004240, 141975672, 182382331, 60169248, 48856296, 212556591, 125285908, 98653799, 112007566, 217452140, 5555922, 45744348, 73503130, 161775644, 220445681, 117347905, 167087389, 192827476, 136018156, 131109619, 167837843, 182240958, 8391516, 229586495, 213735879, 97850511, 183893057, 194165031, 214936839, 224240891, 154115694, 138837282, 248682662, 216393363, 68549987, 232222394, 1476246, 151179556, 23831083, 67522189, 37046337, 30331306, 30809804, 25267365, 33628761, 120843493, 60323715, 141937992, 214517939, 159351707, 225092483, 171806910, 228378040, 237812772, 201916728, 165088190, 186778219, 14214200, 210875311, 56560810, 17438649, 238043959, 190238372]
[239554898, 105465088, 218365829, 203396497, 217698719, 109346344, 97770307, 148322777, 40290812, 53317582, 37400546, 22010658, 175723653, 165222218, 73768585, 222361649, 122267290, 183229434, 110253602, 236404051, 84153860, 126893068, 26600584, 13761399, 219667882, 217646206, 241830177, 9876773, 529557, 31049115, 177676138, 69558821, 243714980, 122743854, 104370347, 60772675, 122493426, 211212441, 84340898, 171023574, 191988092, 6004240, 141975672, 182382331, 60169248, 48856296, 212556591, 125285908, 98653799, 112007566, 217452140, 5555922, 45744348, 73503130, 161775644, 220445681, 117347905, 167087389, 192827476, 136018156, 131109619, 167837843, 182240958, 8391516, 229586495, 213735879, 97850511, 183893057, 194165031, 214936839, 224240891, 154115694, 138837282, 248682662, 216393363, 68549987, 232222394, 1476246, 151179556, 23831083, 67522189, 37046337, 30331306, 30809804, 25267365, 33628761, 120843493, 60323715, 141937992, 214517939, 159351707, 225092483, 171806910, 228378040, 221916661, 53727406, 131804216, 92279835, 196189658, 25523027, 102430352, 240217516, 130841408, 134923273]
[239554898, 105465088, 218365829, 203396497, 217698719, 109346344, 97770307, 148322777, 40290812, 53317582, 37400546, 22010658, 175723653, 165222218, 73768585, 222361649, 122267290, 183229434, 110253602, 236404051, 84153860, 126893068, 26600584, 13761399, 219667882, 217646206, 241830177, 9876773, 529557, 31049115, 177676138, 69558821, 243714980, 122743854, 104370347, 60772675, 122493426, 211212441, 84340898, 171023574, 191988092, 6004240, 141975672, 182382331, 60169248, 48856296, 212556591, 125285908, 98653799, 112007566, 217452140, 5555922, 45744348, 73503130, 161775644, 220445681, 117347905, 167087389, 192827476, 136018156, 131109619, 167837843, 182240958, 8391516, 229586495, 213735879, 97850511, 183893057, 194165031, 214936839, 224240891, 154115694, 138837282, 248682662, 216393363, 68549987, 232222394, 1476246, 151179556, 23831083, 67522189, 37046337, 30331306, 30809804, 180069300, 109853152, 142626223, 133024700, 213505916, 145828056, 36192707, 210076901, 18631466, 215945163, 194354097, 118288656, 112073061, 202801511, 204383395, 55603611, 115796047, 222675116, 180443597, 78915984]
[239554898, 105465088, 218365829, 203396497, 217698719, 109346344, 97770307, 148322777, 40290812, 53317582, 37400546, 22010658, 175723653, 165222218, 73768585, 222361649, 122267290, 183229434, 110253602, 236404051, 84153860, 126893068, 26600584, 13761399, 219667882, 217646206, 241830177, 9876773, 529557, 31049115, 177676138, 69558821, 243714980, 122743854, 104370347, 60772675, 122493426, 211212441, 84340898, 171023574, 191988092, 6004240, 141975672, 182382331, 60169248, 48856296, 212556591, 125285908, 98653799, 112007566, 217452140, 5555922, 45744348, 73503130, 161775644, 220445681, 117347905, 167087389, 192827476, 136018156, 131109619, 167837843, 182240958, 8391516, 229586495, 213735879, 97850511, 183893057, 194165031, 214936839, 224240891, 154115694, 138837282, 248682662, 216393363, 68549987, 232222394, 1476246, 151179556, 23831083, 67522189, 37046337, 30331306, 30809804, 180069300, 109853152, 142626223, 133024700, 117964535, 146059510, 57098611, 73333121, 165472275, 247574085, 38256730, 108458298, 17314258, 63296127, 171026776, 200092087, 13040316, 232034823, 224188757, 195760119]
[239554898, 105465088, 218365829, 203396497, 217698719, 109346344, 97770307, 148322777, 40290812, 53317582, 37400546, 22010658, 175723653, 165222218, 73768585, 222361649, 122267290, 183229434, 110253602, 236404051, 84153860, 126893068, 26600584, 13761399, 219667882, 217646206, 241830177, 9876773, 529557, 31049115, 177676138, 69558821, 243714980, 122743854, 104370347, 60772675, 122493426, 211212441, 84340898, 171023574, 191988092, 6004240, 141975672, 182382331, 60169248, 48856296, 212556591, 125285908, 98653799, 112007566, 217452140, 5555922, 45744348, 73503130, 161775644, 220445681, 117347905, 167087389, 192827476, 30322964, 129797693, 162069456, 20098438, 175458121, 154340491, 200438724, 50980885, 218284050, 35865695, 35960691, 173099041, 248672976, 217120534, 97773753, 5693530, 103311836, 7361823, 87771202, 105809505, 22382340, 39666005, 110445834, 30069573, 90714617, 230716197, 16119416, 184671964, 209467104, 146000494, 25141289, 40494108, 60501027, 229459517, 130626408, 39917210, 93782235, 234983649, 103210948, 170327114, 186655078, 161185472, 151435319, 20054781, 103760600]
[239554898, 105465088, 218365829, 203396497, 217698719, 109346344, 97770307, 148322777, 40290812, 53317582, 37400546, 22010658, 175723653, 165222218, 73768585, 222361649, 122267290, 183229434, 110253602, 236404051, 84153860, 126893068, 26600584, 13761399, 219667882, 217646206, 241830177, 9876773, 529557, 31049115, 177676138, 69558821, 243714980, 122743854, 104370347, 60772675, 122493426, 211212441, 84340898, 171023574, 191988092, 6004240, 141975672, 182382331, 60169248, 48856296, 212556591, 125285908, 98653799, 112007566, 217452140, 5555922, 45744348, 73503130, 161775644, 220445681, 117347905, 167087389, 192827476, 136018156, 131109619, 167837843, 182240958, 8391516, 229586495, 213735879, 97850511, 183893057, 194165031, 214936839, 224240891, 154115694, 138837282, 248682662, 216393363, 68549987, 232222394, 1476246, 151179556, 23831083, 67522189, 37046337, 30331306, 30809804, 180069300, 109853152, 142626223, 133024700, 213505916, 145828056, 36192707, 210076901, 18631466, 66249244, 106394530, 98937705, 62076670, 211747572, 159709517, 177020859, 69774396, 59441119, 127579775, 21466854]
[239554898, 105465088, 218365829, 203396497, 217698719, 109346344, 97770307, 148322777, 40290812, 53317582, 37400546, 22010658, 175723653, 165222218, 73768585, 222361649, 122267290, 183229434, 110253602, 236404051, 84153860, 126893068, 26600584, 13761399, 219667882, 217646206, 241830177, 9876773, 529557, 31049115, 177676138, 69558821, 243714980, 122743854, 104370347, 60772675, 122493426, 211212441, 84340898, 171023574, 191988092, 6004240, 141975672, 182382331, 60169248, 48856296, 212556591, 125285908, 98653799, 112007566, 217452140, 5555922, 45744348, 73503130, 161775644, 220445681, 117347905, 167087389, 192827476, 136018156, 131109619, 167837843, 182240958, 8391516, 229586495, 213735879, 97850511, 183893057, 194165031, 214936839, 224240891, 154115694, 138837282, 248682662, 216393363, 68549987, 232222394, 1476246, 151179556, 23831083, 67522189, 37046337, 30331306, 30809804, 180069300, 109853152, 142626223, 133024700, 213505916, 145828056, 36192707, 210076901, 18631466, 215945163, 194354097, 146649287, 3758129, 237707380, 28284948, 193679035, 92618366, 182056804, 229141043, 236889193]
[239554898, 105465088, 218365829, 203396497, 217698719, 109346344, 97770307, 148322777, 40290812, 53317582, 37400546, 22010658, 175723653, 165222218, 73768585, 222361649, 122267290, 183229434, 110253602, 236404051, 84153860, 126893068, 26600584, 13761399, 219667882, 217646206, 241830177, 9876773, 529557, 31049115, 177676138, 69558821, 243714980, 122743854, 104370347, 60772675, 122493426, 211212441, 84340898, 171023574, 191988092, 6004240, 141975672, 182382331, 60169248, 48856296, 212556591, 125285908, 98653799, 112007566, 217452140, 5555922, 45744348, 73503130, 161775644, 220445681, 117347905, 167087389, 192827476, 136018156, 131109619, 167837843, 182240958, 8391516, 229586495, 213735879, 97850511, 183893057, 194165031, 214936839, 224240891, 154115694, 138837282, 248682662, 216393363, 68549987, 232222394, 1476246, 151179556, 23831083, 67522189, 37046337, 30331306, 30809804, 25267365, 33628761, 120843493, 60323715, 141937992, 214517939, 159351707, 225092483, 171806910, 228378040, 223335645, 215148842, 139616328, 248670051, 181864879, 106115424, 73209317, 228698045, 111543511, 106063553]
[239554898, 105465088, 218365829, 203396497, 217698719, 109346344, 97770307, 148322777, 40290812, 53317582, 37400546, 22010658, 175723653, 165222218, 73768585, 222361649, 122267290, 183229434, 110253602, 236404051, 84153860, 126893068, 26600584, 13761399, 219667882, 217646206, 241830177, 9876773, 529557, 31049115, 177676138, 69558821, 243714980, 122743854, 104370347, 60772675, 122493426, 211212441, 84340898, 171023574, 191988092, 6004240, 141975672, 182382331, 60169248, 48856296, 212556591, 125285908, 98653799, 112007566, 217452140, 5555922, 45744348, 73503130, 161775644, 220445681, 117347905, 167087389, 192827476, 136018156, 131109619, 167837843, 182240958, 8391516, 229586495, 213735879, 97850511, 183893057, 194165031, 214936839, 224240891, 154115694, 138837282, 248682662, 216393363, 68549987, 232222394, 1476246, 151179556, 23831083, 67522189, 37046337, 30331306, 30809804, 180069300, 109853152, 142626223, 133024700, 117964535, 146059510, 57098611, 91433257, 27596929, 238513360, 108481286, 209948443, 85239108, 132667688, 140155475, 49479876, 131163368, 21717543, 16594175, 123456343]
[239554898, 105465088, 218365829, 203396497, 217698719, 109346344, 97770307, 148322777, 40290812, 53317582, 37400546, 22010658, 175723653, 165222218, 73768585, 222361649, 122267290, 183229434, 110253602, 236404051, 84153860, 126893068, 26600584, 13761399, 219667882, 217646206, 241830177, 9876773, 529557, 31049115, 177676138, 69558821, 243714980, 122743854, 104370347, 60772675, 122493426, 211212441, 84340898, 171023574, 191988092, 6004240, 141975672, 182382331, 60169248, 48856296, 212556591, 125285908, 98653799, 112007566, 217452140, 5555922, 45744348, 73503130, 161775644, 220445681, 117347905, 167087389, 192827476, 136018156, 131109619, 167837843, 182240958, 8391516, 229586495, 213735879, 97850511, 183893057, 194165031, 214936839, 224240891, 154115694, 138837282, 248682662, 216393363, 68549987, 232222394, 1476246, 151179556, 23831083, 67522189, 37046337, 30331306, 30809804, 180069300, 109853152, 142626223, 133024700, 117964535, 146059510, 57098611, 91433257, 27596929, 238513360, 158285182, 6900631, 93749637, 49967267, 907908, 69378306, 166546093, 103183614, 24298783, 50503971]
[239554898, 105465088, 218365829, 203396497, 217698719, 109346344, 97770307, 148322777, 40290812, 53317582, 37400546, 22010658, 175723653, 165222218, 73768585, 222361649, 122267290, 183229434, 110253602, 236404051, 84153860, 126893068, 26600584, 13761399, 219667882, 217646206, 241830177, 9876773, 529557, 31049115, 177676138, 69558821, 243714980, 122743854, 104370347, 60772675, 122493426, 211212441, 84340898, 171023574, 191988092, 6004240, 141975672, 182382331, 60169248, 48856296, 212556591, 125285908, 98653799, 112007566, 217452140, 5555922, 45744348, 73503130, 161775644, 220445681, 117347905, 167087389, 192827476, 136018156, 131109619, 167837843, 182240958, 8391516, 229586495, 213735879, 97850511, 183893057, 194165031, 214936839, 224240891, 154115694, 138837282, 248682662, 216393363, 68549987, 232222394, 1476246, 151179556, 23831083, 186875312, 15363865, 148894419, 175412006, 168126738, 83924598, 52617114, 228894594, 209367575, 170450776, 39142411, 83496250, 10781404, 229056616, 36842840, 242977381, 2378202, 169840748, 4745758, 7608045, 239845527, 17279328, 192549479, 154364429]
[239554898, 105465088, 218365829, 203396497, 217698719, 109346344, 97770307, 148322777, 40290812, 53317582, 37400546, 22010658, 175723653, 165222218, 73768585, 222361649, 122267290, 183229434, 110253602, 236404051, 84153860, 126893068, 26600584, 13761399, 219667882, 217646206, 241830177, 9876773, 529557, 31049115, 177676138, 69558821, 243714980, 122743854, 104370347, 60772675, 122493426, 211212441, 84340898, 171023574, 191988092, 6004240, 141975672, 182382331, 60169248, 48856296, 212556591, 125285908, 98653799, 112007566, 217452140, 5555922, 45744348, 73503130, 161775644, 220445681, 117347905, 167087389, 192827476, 136018156, 131109619, 167837843, 182240958, 8391516, 229586495, 213735879, 97850511, 183893057, 194165031, 214936839, 224240891, 154115694, 138837282, 248682662, 216393363, 68549987, 232222394, 1476246, 151179556, 23831083, 186875312, 15363865, 148894419, 175412006, 162336783, 220767862, 257334, 2980324, 159935775, 57531261, 2110292, 132842143, 175445337, 3218014, 59524486, 195873983, 134969456, 242249109, 186640499, 119914522, 218229796, 111064755, 16306940, 89551968]
[239554898, 105465088, 218365829, 203396497, 217698719, 109346344, 97770307, 148322777, 40290812, 53317582, 37400546, 22010658, 175723653, 165222218, 73768585, 222361649, 122267290, 183229434, 110253602, 236404051, 84153860, 126893068, 26600584, 13761399, 219667882, 217646206, 241830177, 9876773, 529557, 31049115, 177676138, 69558821, 243714980, 122743854, 104370347, 60772675, 122493426, 211212441, 84340898, 171023574, 191988092, 6004240, 141975672, 182382331, 60169248, 48856296, 212556591, 125285908, 98653799, 112007566, 217452140, 5555922, 45744348, 73503130, 161775644, 220445681, 117347905, 167087389, 192827476, 136018156, 131109619, 167837843, 182240958, 8391516, 229586495, 213735879, 97850511, 183893057, 194165031, 214936839, 224240891, 154115694, 138837282, 248682662, 216393363, 68549987, 232222394, 1476246, 151179556, 186122913, 60417403, 105641232, 103260047, 84908356, 81305338, 160418988, 65263081, 194339786, 204506009, 248186273, 173008625, 182670290, 29112124, 180697443, 196876595, 198617797, 217337664, 200490864, 151435112, 75147227, 222281628, 147457727, 40505141, 184022776]
[239554898, 105465088, 218365829, 203396497, 217698719, 109346344, 97770307, 148322777, 40290812, 53317582, 37400546, 22010658, 175723653, 165222218, 73768585, 222361649, 122267290, 183229434, 110253602, 236404051, 84153860, 126893068, 26600584, 13761399, 219667882, 217646206, 241830177, 9876773, 529557, 31049115, 177676138, 69558821, 243714980, 122743854, 104370347, 60772675, 122493426, 211212441, 84340898, 171023574, 191988092, 6004240, 141975672, 182382331, 60169248, 48856296, 212556591, 125285908, 98653799, 112007566, 217452140, 5555922, 45744348, 73503130, 161775644, 220445681, 117347905, 167087389, 192827476, 136018156, 131109619, 167837843, 182240958, 8391516, 229586495, 213735879, 97850511, 183893057, 194165031, 214936839, 224240891, 154115694, 138837282, 248682662, 216393363, 68549987, 232222394, 1476246, 151179556, 23831083, 67522189, 37046337, 30331306, 30809804, 25267365, 33628761, 120843493, 60323715, 161552165, 45948928, 156724531, 189656957, 96043887, 210101002, 72206643, 198507616, 71170187, 176629760, 124530405, 172294663, 230235502, 151447894, 220402013, 65562012]
[239554898, 105465088, 218365829, 203396497, 217698719, 109346344, 97770307, 148322777, 40290812, 53317582, 37400546, 22010658, 175723653, 165222218, 73768585, 222361649, 122267290, 183229434, 110253602, 236404051, 84153860, 126893068, 26600584, 13761399, 219667882, 217646206, 241830177, 9876773, 529557, 31049115, 177676138, 69558821, 243714980, 122743854, 104370347, 60772675, 122493426, 211212441, 84340898, 171023574, 191988092, 6004240, 141975672, 182382331, 60169248, 48856296, 212556591, 125285908, 98653799, 112007566, 217452140, 5555922, 45744348, 73503130, 161775644, 220445681, 117347905, 167087389, 192827476, 136018156, 131109619, 167837843, 182240958, 8391516, 229586495, 213735879, 97850511, 183893057, 194165031, 214936839, 224240891, 154115694, 138837282, 248682662, 216393363, 68549987, 232222394, 1476246, 151179556, 23831083, 67522189, 37046337, 30331306, 30809804, 180069300, 109853152, 142626223, 133024700, 117964535, 146059510, 57098611, 91433257, 27596929, 238513360, 108481286, 209948443, 56184597, 4053209, 89549718, 7700963, 172560252, 60053166, 23531912, 232034315]
[239554898, 105465088, 218365829, 203396497, 217698719, 109346344, 97770307, 148322777, 40290812, 53317582, 37400546, 22010658, 175723653, 165222218, 73768585, 222361649, 122267290, 183229434, 110253602, 236404051, 84153860, 126893068, 26600584, 13761399, 219667882, 217646206, 241830177, 9876773, 529557, 31049115, 177676138, 69558821, 243714980, 122743854, 104370347, 60772675, 122493426, 211212441, 84340898, 171023574, 191988092, 6004240, 141975672, 182382331, 60169248, 48856296, 212556591, 125285908, 98653799, 112007566, 217452140, 5555922, 45744348, 73503130, 161775644, 220445681, 117347905, 167087389, 192827476, 136018156, 131109619, 167837843, 182240958, 8391516, 229586495, 213735879, 97850511, 183893057, 194165031, 214936839, 224240891, 154115694, 138837282, 248682662, 216393363, 68549987, 232222394, 1476246, 151179556, 23831083, 67522189, 37046337, 30331306, 30809804, 180069300, 109853152, 142626223, 133024700, 117964535, 146059510, 57098611, 91433257, 38568678, 195314443, 163790292, 127761125, 225106931, 29410280, 9309069, 8465642, 32214940, 168412101, 215873223, 212411747]
[239554898, 105465088, 218365829, 203396497, 217698719, 109346344, 97770307, 148322777, 40290812, 53317582, 37400546, 22010658, 175723653, 165222218, 73768585, 222361649, 122267290, 183229434, 110253602, 236404051, 84153860, 126893068, 26600584, 13761399, 219667882, 217646206, 241830177, 9876773, 529557, 31049115, 177676138, 69558821, 243714980, 122743854, 104370347, 60772675, 122493426, 211212441, 84340898, 171023574, 191988092, 6004240, 141975672, 182382331, 60169248, 48856296, 212556591, 125285908, 98653799, 112007566, 217452140, 5555922, 45744348, 73503130, 161775644, 220445681, 117347905, 167087389, 192827476, 16949894, 154797606, 31554297, 227448688, 27607733, 7853203, 140242752, 68768893, 164110998, 12898830, 247773033, 204652173, 205971979, 68424825, 160403798, 117872922, 90131011, 162593568, 230345226, 44376985, 76933, 101975899, 156083460, 117175685, 142997913, 127523190, 24591345, 117503723, 97783181, 232447133, 230211305, 81743312, 234855458, 33391567, 129454213, 131653592, 149135724, 107409848, 159793210, 87294981, 62038168, 196441843, 99274621, 67375885, 242132522]
[239554898, 105465088, 218365829, 203396497, 217698719, 109346344, 97770307, 148322777, 40290812, 53317582, 37400546, 22010658, 175723653, 165222218, 73768585, 222361649, 122267290, 183229434, 110253602, 236404051, 84153860, 126893068, 26600584, 13761399, 219667882, 217646206, 241830177, 9876773, 529557, 31049115, 177676138, 69558821, 243714980, 122743854, 104370347, 60772675, 122493426, 211212441, 84340898, 171023574, 191988092, 6004240, 141975672, 182382331, 60169248, 48856296, 212556591, 125285908, 98653799, 112007566, 217452140, 5555922, 45744348, 73503130, 161775644, 220445681, 117347905, 167087389, 192827476, 136018156, 131109619, 167837843, 182240958, 8391516, 229586495, 213735879, 97850511, 183893057, 194165031, 214936839, 224240891, 154115694, 138837282, 248682662, 216393363, 68549987, 232222394, 1476246, 151179556, 23831083, 67522189, 37046337, 30331306, 30809804, 25267365, 236085028, 54752257, 31154509, 112833706, 2456493, 157810119, 226487189, 199590539, 468094, 2905358, 155156672, 66275301, 222911222, 210775047, 73540757, 139493571, 121347311, 121533695, 160069533]
[239554898, 105465088, 218365829, 203396497, 217698719, 109346344, 97770307, 148322777, 40290812, 53317582, 37400546, 22010658, 175723653, 165222218, 73768585, 222361649, 122267290, 183229434, 110253602, 236404051, 84153860, 126893068, 26600584, 13761399, 219667882, 217646206, 241830177, 9876773, 529557, 31049115, 177676138, 69558821, 243714980, 122743854, 104370347, 60772675, 122493426, 211212441, 84340898, 171023574, 191988092, 6004240, 141975672, 182382331, 60169248, 48856296, 212556591, 125285908, 98653799, 112007566, 217452140, 5555922, 45744348, 73503130, 161775644, 220445681, 117347905, 167087389, 192827476, 136018156, 131109619, 167837843, 182240958, 8391516, 229586495, 213735879, 97850511, 183893057, 194165031, 214936839, 224240891, 154115694, 138837282, 248682662, 216393363, 68549987, 232222394, 1476246, 151179556, 23831083, 67522189, 37046337, 30331306, 30809804, 25267365, 33628761, 120843493, 60323715, 141937992, 214517939, 159351707, 225092483, 171806910, 228378040, 237812772, 201916728, 165088190, 172482161, 180536710, 78251912, 180330709, 51061067, 49692492, 94467584]
[239554898, 105465088, 218365829, 203396497, 217698719, 109346344, 97770307, 148322777, 40290812, 53317582, 37400546, 22010658, 175723653, 165222218, 73768585, 222361649, 122267290, 183229434, 110253602, 236404051, 84153860, 126893068, 26600584, 13761399, 219667882, 217646206, 241830177, 9876773, 529557, 31049115, 177676138, 69558821, 243714980, 122743854, 104370347, 60772675, 122493426, 211212441, 84340898, 171023574, 191988092, 6004240, 141975672, 182382331, 60169248, 48856296, 212556591, 125285908, 98653799, 112007566, 217452140, 5555922, 45744348, 73503130, 161775644, 220445681, 117347905, 167087389, 192827476, 136018156, 131109619, 167837843, 182240958, 8391516, 229586495, 213735879, 97850511, 183893057, 194165031, 214936839, 224240891, 154115694, 138837282, 248682662, 216393363, 68549987, 232222394, 1476246, 151179556, 23831083, 67522189, 37046337, 30331306, 30809804, 180069300, 109853152, 142626223, 133024700, 117964535, 146059510, 57098611, 91433257, 27596929, 238513360, 108481286, 209948443, 107668528, 15828164, 161373223, 51784327, 216022930, 14178596, 57394565, 189143633]
[239554898, 105465088, 218365829, 203396497, 217698719, 109346344, 97770307, 148322777, 40290812, 53317582, 37400546, 22010658, 175723653, 165222218, 73768585, 222361649, 122267290, 183229434, 110253602, 236404051, 84153860, 126893068, 26600584, 13761399, 219667882, 217646206, 241830177, 9876773, 529557, 31049115, 177676138, 69558821, 243714980, 122743854, 104370347, 60772675, 122493426, 211212441, 84340898, 171023574, 191988092, 6004240, 141975672, 182382331, 60169248, 48856296, 212556591, 125285908, 98653799, 112007566, 217452140, 5555922, 45744348, 73503130, 161775644, 220445681, 117347905, 167087389, 192827476, 136018156, 131109619, 167837843, 182240958, 8391516, 229586495, 213735879, 97850511, 183893057, 194165031, 214936839, 224240891, 154115694, 138837282, 248682662, 216393363, 68549987, 232222394, 1476246, 151179556, 23831083, 67522189, 37046337, 30331306, 30809804, 25267365, 33628761, 120843493, 60323715, 141937992, 214517939, 159351707, 225092483, 171806910, 228378040, 237812772, 201916728, 165088190, 172482161, 180536710, 78251912, 180330709, 51061067, 220434248, 40434755]
[239554898, 105465088, 218365829, 203396497, 217698719, 109346344, 97770307, 148322777, 40290812, 53317582, 37400546, 22010658, 175723653, 165222218, 73768585, 222361649, 122267290, 183229434, 110253602, 236404051, 84153860, 126893068, 26600584, 13761399, 219667882, 217646206, 241830177, 9876773, 529557, 31049115, 177676138, 69558821, 243714980, 122743854, 104370347, 60772675, 122493426, 211212441, 84340898, 171023574, 191988092, 6004240, 141975672, 182382331, 60169248, 48856296, 212556591, 125285908, 98653799, 112007566, 217452140, 5555922, 45744348, 73503130, 161775644, 220445681, 117347905, 167087389, 192827476, 136018156, 131109619, 167837843, 182240958, 8391516, 229586495, 213735879, 97850511, 183893057, 194165031, 214936839, 224240891, 154115694, 138837282, 248682662, 216393363, 68549987, 232222394, 1476246, 151179556, 23831083, 67522189, 37046337, 30331306, 30809804, 25267365, 33628761, 120843493, 60323715, 141937992, 214517939, 159351707, 225092483, 171806910, 228378040, 237812772, 195871251, 232599126, 115928926, 25880720, 233547739, 114783857, 183056786, 70513913, 206715650]
[239554898, 105465088, 218365829, 203396497, 217698719, 109346344, 97770307, 148322777, 40290812, 53317582, 37400546, 22010658, 175723653, 165222218, 73768585, 222361649, 122267290, 183229434, 110253602, 236404051, 84153860, 126893068, 26600584, 13761399, 219667882, 217646206, 241830177, 9876773, 529557, 31049115, 177676138, 69558821, 243714980, 122743854, 104370347, 60772675, 122493426, 211212441, 84340898, 171023574, 191988092, 6004240, 141975672, 182382331, 60169248, 48856296, 212556591, 125285908, 98653799, 112007566, 217452140, 5555922, 45744348, 73503130, 161775644, 220445681, 117347905, 167087389, 192827476, 136018156, 131109619, 167837843, 182240958, 8391516, 229586495, 213735879, 97850511, 183893057, 194165031, 214936839, 224240891, 154115694, 138837282, 248682662, 216393363, 68549987, 232222394, 1476246, 151179556, 23831083, 67522189, 37046337, 30331306, 30809804, 180069300, 109853152, 142626223, 133024700, 117964535, 146059510, 57098611, 73333121, 165472275, 247574085, 38256730, 108458298, 17314258, 63296127, 167988758, 141713045, 29631926, 165844852, 189149285, 64552971]
[239554898, 105465088, 218365829, 203396497, 217698719, 109346344, 97770307, 148322777, 40290812, 53317582, 37400546, 22010658, 175723653, 165222218, 73768585, 222361649, 122267290, 183229434, 110253602, 236404051, 84153860, 126893068, 26600584, 13761399, 219667882, 217646206, 241830177, 9876773, 529557, 31049115, 177676138, 69558821, 243714980, 122743854, 104370347, 60772675, 122493426, 211212441, 84340898, 171023574, 191988092, 6004240, 141975672, 182382331, 60169248, 48856296, 212556591, 125285908, 98653799, 112007566, 217452140, 5555922, 45744348, 73503130, 161775644, 220445681, 117347905, 167087389, 192827476, 136018156, 131109619, 167837843, 182240958, 8391516, 229586495, 213735879, 97850511, 183893057, 194165031, 214936839, 224240891, 154115694, 138837282, 248682662, 216393363, 68549987, 232222394, 1476246, 151179556, 23831083, 67522189, 37046337, 30331306, 30809804, 180069300, 109853152, 142626223, 133024700, 213505916, 145828056, 36192707, 210076901, 18631466, 52777234, 8271894, 17663428, 4536358, 92171121, 6760031, 173755756, 87812423, 25401967, 36413332, 100777165]
[239554898, 105465088, 218365829, 203396497, 217698719, 109346344, 97770307, 148322777, 40290812, 53317582, 37400546, 22010658, 175723653, 165222218, 73768585, 222361649, 122267290, 183229434, 110253602, 236404051, 84153860, 126893068, 26600584, 13761399, 219667882, 217646206, 241830177, 9876773, 529557, 31049115, 177676138, 69558821, 243714980, 122743854, 104370347, 60772675, 122493426, 211212441, 84340898, 171023574, 191988092, 6004240, 141975672, 182382331, 60169248, 48856296, 212556591, 125285908, 98653799, 112007566, 217452140, 5555922, 45744348, 73503130, 161775644, 220445681, 117347905, 167087389, 192827476, 136018156, 131109619, 167837843, 182240958, 8391516, 229586495, 213735879, 97850511, 183893057, 194165031, 214936839, 224240891, 154115694, 138837282, 248682662, 216393363, 68549987, 232222394, 1476246, 151179556, 23831083, 67522189, 37046337, 30331306, 30809804, 25267365, 33628761, 120843493, 60323715, 161552165, 45948928, 156724531, 189656957, 96043887, 210101002, 72206643, 198507616, 71170187, 176629760, 124530405, 172294663, 230235502, 151447894, 200450681, 101427174]
[239554898, 105465088, 218365829, 203396497, 217698719, 109346344, 97770307, 148322777, 40290812, 53317582, 37400546, 22010658, 175723653, 165222218, 73768585, 222361649, 122267290, 183229434, 110253602, 236404051, 84153860, 126893068, 26600584, 13761399, 219667882, 217646206, 241830177, 9876773, 529557, 31049115, 177676138, 69558821, 243714980, 122743854, 104370347, 60772675, 122493426, 211212441, 84340898, 171023574, 191988092, 6004240, 141975672, 182382331, 60169248, 48856296, 212556591, 125285908, 98653799, 112007566, 217452140, 5555922, 45744348, 73503130, 161775644, 220445681, 117347905, 167087389, 192827476, 16949894, 154797606, 31554297, 227448688, 27607733, 7853203, 140242752, 68768893, 164110998, 12898830, 247773033, 204652173, 205971979, 68424825, 160403798, 117872922, 90131011, 162593568, 230345226, 44376985, 76933, 101975899, 156083460, 117175685, 142997913, 127523190, 24591345, 117503723, 97783181, 232447133, 230211305, 81743312, 234855458, 33391567, 129454213, 131653592, 149135724, 107409848, 159793210, 87294981, 62038168, 185340389, 101416600, 169028732, 8095818]
[239554898, 105465088, 218365829, 203396497, 217698719, 109346344, 97770307, 148322777, 40290812, 53317582, 37400546, 22010658, 175723653, 165222218, 73768585, 222361649, 122267290, 183229434, 110253602, 236404051, 84153860, 126893068, 26600584, 13761399, 219667882, 217646206, 241830177, 9876773, 529557, 31049115, 177676138, 69558821, 243714980, 122743854, 104370347, 60772675, 122493426, 211212441, 84340898, 171023574, 191988092, 6004240, 141975672, 182382331, 60169248, 48856296, 212556591, 125285908, 98653799, 112007566, 217452140, 5555922, 45744348, 73503130, 161775644, 220445681, 117347905, 167087389, 192827476, 136018156, 131109619, 167837843, 182240958, 8391516, 229586495, 213735879, 97850511, 183893057, 194165031, 214936839, 224240891, 154115694, 138837282, 248682662, 216393363, 68549987, 232222394, 1476246, 151179556, 23831083, 67522189, 37046337, 30331306, 30809804, 180069300, 109853152, 142626223, 133024700, 117964535, 146059510, 57098611, 91433257, 27596929, 238513360, 108481286, 209948443, 107668528, 50913205, 172430707, 159813373, 68373453, 164112807, 112047684, 234484809]
[239554898, 105465088, 218365829, 203396497, 217698719, 109346344, 97770307, 148322777, 40290812, 53317582, 37400546, 22010658, 175723653, 165222218, 73768585, 222361649, 122267290, 183229434, 110253602, 236404051, 84153860, 126893068, 26600584, 13761399, 219667882, 217646206, 241830177, 9876773, 529557, 31049115, 177676138, 69558821, 243714980, 122743854, 104370347, 60772675, 122493426, 211212441, 84340898, 171023574, 191988092, 6004240, 141975672, 182382331, 60169248, 48856296, 212556591, 125285908, 98653799, 112007566, 217452140, 5555922, 45744348, 73503130, 161775644, 220445681, 117347905, 167087389, 192827476, 136018156, 131109619, 167837843, 182240958, 8391516, 229586495, 213735879, 97850511, 183893057, 194165031, 214936839, 224240891, 154115694, 138837282, 248682662, 216393363, 68549987, 232222394, 1476246, 151179556, 23831083, 67522189, 37046337, 30331306, 30809804, 25267365, 33628761, 120843493, 60323715, 141937992, 214517939, 159351707, 225092483, 171806910, 228378040, 237812772, 201916728, 165088190, 186778219, 14214200, 210875311, 56560810, 155182725, 136306376, 84523430]
[239554898, 105465088, 218365829, 203396497, 217698719, 109346344, 97770307, 148322777, 40290812, 53317582, 37400546, 22010658, 175723653, 165222218, 73768585, 222361649, 122267290, 183229434, 110253602, 236404051, 84153860, 126893068, 26600584, 13761399, 219667882, 217646206, 241830177, 9876773, 529557, 31049115, 177676138, 69558821, 243714980, 122743854, 104370347, 60772675, 122493426, 211212441, 84340898, 171023574, 191988092, 6004240, 141975672, 182382331, 60169248, 48856296, 212556591, 125285908, 98653799, 112007566, 217452140, 5555922, 45744348, 73503130, 161775644, 220445681, 117347905, 167087389, 192827476, 30322964, 129797693, 162069456, 20098438, 175458121, 154340491, 200438724, 50980885, 218284050, 35865695, 35960691, 173099041, 248672976, 217120534, 97773753, 5693530, 103311836, 7361823, 87771202, 105809505, 22382340, 39666005, 110445834, 30069573, 90714617, 230716197, 16119416, 184671964, 209467104, 146000494, 25141289, 40494108, 60501027, 155864249, 110164759, 152374169, 44314408, 30163918, 85564782, 49629385, 241340799, 8250221, 6238235, 32408965, 38424843]
[239554898, 105465088, 218365829, 203396497, 217698719, 109346344, 97770307, 148322777, 40290812, 53317582, 37400546, 22010658, 175723653, 165222218, 73768585, 222361649, 122267290, 183229434, 110253602, 236404051, 84153860, 126893068, 26600584, 13761399, 219667882, 217646206, 241830177, 9876773, 529557, 31049115, 177676138, 69558821, 243714980, 122743854, 104370347, 60772675, 122493426, 211212441, 84340898, 171023574, 191988092, 6004240, 141975672, 182382331, 60169248, 48856296, 212556591, 125285908, 98653799, 112007566, 217452140, 5555922, 45744348, 73503130, 161775644, 220445681, 117347905, 167087389, 192827476, 136018156, 131109619, 167837843, 182240958, 8391516, 229586495, 213735879, 97850511, 183893057, 194165031, 214936839, 224240891, 154115694, 138837282, 248682662, 216393363, 68549987, 232222394, 1476246, 151179556, 23831083, 67522189, 37046337, 30331306, 30809804, 180069300, 109853152, 142626223, 133024700, 213505916, 145828056, 36192707, 210076901, 18631466, 52777234, 8271894, 17663428, 4536358, 92171121, 6760031, 173755756, 223934049, 191519381, 94215915, 156280383]
[239554898, 105465088, 218365829, 203396497, 217698719, 109346344, 97770307, 148322777, 40290812, 53317582, 37400546, 22010658, 175723653, 165222218, 73768585, 222361649, 122267290, 183229434, 110253602, 236404051, 84153860, 126893068, 26600584, 13761399, 219667882, 217646206, 241830177, 9876773, 529557, 31049115, 177676138, 69558821, 243714980, 122743854, 104370347, 60772675, 122493426, 211212441, 84340898, 171023574, 191988092, 6004240, 141975672, 182382331, 60169248, 48856296, 212556591, 125285908, 98653799, 112007566, 217452140, 5555922, 45744348, 73503130, 161775644, 220445681, 117347905, 167087389, 192827476, 136018156, 131109619, 167837843, 182240958, 8391516, 229586495, 213735879, 97850511, 183893057, 194165031, 214936839, 224240891, 154115694, 138837282, 248682662, 216393363, 68549987, 232222394, 1476246, 151179556, 23831083, 186875312, 15363865, 148894419, 175412006, 162336783, 220767862, 257334, 2980324, 159935775, 57531261, 2110292, 132842143, 175445337, 3218014, 59524486, 195873983, 134969456, 23498438, 132350848, 190870189, 10785124, 200010403, 34360450, 174833662]
[239554898, 105465088, 218365829, 203396497, 217698719, 109346344, 97770307, 148322777, 40290812, 53317582, 37400546, 22010658, 175723653, 165222218, 73768585, 222361649, 122267290, 183229434, 110253602, 236404051, 84153860, 126893068, 26600584, 13761399, 219667882, 217646206, 241830177, 9876773, 529557, 31049115, 177676138, 69558821, 243714980, 122743854, 104370347, 60772675, 122493426, 211212441, 84340898, 171023574, 191988092, 6004240, 141975672, 182382331, 60169248, 48856296, 212556591, 125285908, 98653799, 112007566, 217452140, 5555922, 45744348, 73503130, 161775644, 220445681, 117347905, 167087389, 192827476, 136018156, 131109619, 167837843, 182240958, 8391516, 229586495, 213735879, 97850511, 183893057, 194165031, 214936839, 224240891, 154115694, 138837282, 248682662, 216393363, 68549987, 232222394, 1476246, 151179556, 23831083, 67522189, 37046337, 30331306, 30809804, 25267365, 33628761, 120843493, 60323715, 141937992, 214517939, 201065391, 201106302, 81179160, 78904333, 136686539, 218707391, 125641983, 138861970, 93319068, 166048597, 32113204, 16109423, 103249701, 213484132]
[239554898, 105465088, 218365829, 203396497, 217698719, 109346344, 97770307, 148322777, 40290812, 53317582, 37400546, 22010658, 175723653, 165222218, 73768585, 222361649, 122267290, 183229434, 110253602, 236404051, 84153860, 126893068, 26600584, 13761399, 219667882, 217646206, 241830177, 9876773, 529557, 31049115, 177676138, 69558821, 243714980, 122743854, 104370347, 60772675, 122493426, 211212441, 84340898, 171023574, 191988092, 6004240, 141975672, 182382331, 60169248, 48856296, 212556591, 125285908, 98653799, 112007566, 217452140, 5555922, 45744348, 73503130, 161775644, 220445681, 117347905, 167087389, 192827476, 136018156, 131109619, 167837843, 182240958, 8391516, 229586495, 213735879, 97850511, 183893057, 194165031, 214936839, 224240891, 154115694, 138837282, 248682662, 216393363, 68549987, 232222394, 1476246, 151179556, 23831083, 67522189, 37046337, 30331306, 30809804, 180069300, 109853152, 142626223, 133024700, 213505916, 145828056, 36192707, 210076901, 18631466, 52777234, 8271894, 104723084, 103227377, 83603035, 145670874, 248686775, 89906296, 134505737, 10249459, 111209116]
[239554898, 105465088, 218365829, 203396497, 217698719, 109346344, 97770307, 148322777, 40290812, 53317582, 37400546, 22010658, 175723653, 165222218, 73768585, 222361649, 122267290, 183229434, 110253602, 236404051, 84153860, 126893068, 26600584, 13761399, 219667882, 217646206, 241830177, 9876773, 529557, 31049115, 177676138, 69558821, 243714980, 122743854, 104370347, 60772675, 122493426, 211212441, 84340898, 171023574, 191988092, 6004240, 141975672, 182382331, 60169248, 48856296, 212556591, 125285908, 98653799, 112007566, 217452140, 5555922, 45744348, 73503130, 161775644, 220445681, 117347905, 167087389, 192827476, 136018156, 131109619, 167837843, 182240958, 8391516, 229586495, 213735879, 97850511, 183893057, 194165031, 214936839, 224240891, 154115694, 138837282, 248682662, 216393363, 68549987, 232222394, 1476246, 151179556, 186122913, 60417403, 105641232, 103260047, 84908356, 81305338, 160418988, 65263081, 194339786, 204506009, 248186273, 173008625, 182670290, 29112124, 7406428, 28666481, 106002348, 138960132, 98355143, 143418397, 199073573, 28353430, 21083247, 154162550, 98864131]
[239554898, 105465088, 218365829, 203396497, 217698719, 109346344, 97770307, 148322777, 40290812, 53317582, 37400546, 22010658, 175723653, 165222218, 73768585, 222361649, 122267290, 183229434, 110253602, 236404051, 84153860, 126893068, 26600584, 13761399, 219667882, 217646206, 241830177, 9876773, 529557, 31049115, 177676138, 69558821, 243714980, 122743854, 104370347, 60772675, 122493426, 211212441, 84340898, 171023574, 191988092, 6004240, 141975672, 182382331, 60169248, 48856296, 212556591, 125285908, 98653799, 112007566, 217452140, 5555922, 45744348, 73503130, 161775644, 220445681, 117347905, 167087389, 192827476, 136018156, 131109619, 167837843, 182240958, 8391516, 229586495, 213735879, 97850511, 183893057, 194165031, 214936839, 224240891, 154115694, 138837282, 248682662, 216393363, 68549987, 232222394, 1476246, 151179556, 23831083, 67522189, 37046337, 30331306, 30809804, 25267365, 33628761, 120843493, 60323715, 141937992, 214517939, 159351707, 225092483, 171806910, 14044454, 242868175, 51611021, 103323002, 82673646, 209696386, 168223732, 190658279, 26973833, 169384447, 210078249]
[239554898, 105465088, 218365829, 203396497, 217698719, 109346344, 97770307, 148322777, 40290812, 53317582, 37400546, 22010658, 175723653, 165222218, 73768585, 222361649, 122267290, 183229434, 110253602, 236404051, 84153860, 126893068, 26600584, 13761399, 219667882, 217646206, 241830177, 9876773, 529557, 31049115, 177676138, 69558821, 243714980, 122743854, 104370347, 60772675, 122493426, 211212441, 84340898, 171023574, 191988092, 6004240, 141975672, 182382331, 60169248, 48856296, 212556591, 125285908, 98653799, 112007566, 217452140, 5555922, 45744348, 73503130, 161775644, 220445681, 117347905, 167087389, 192827476, 136018156, 131109619, 167837843, 182240958, 8391516, 229586495, 213735879, 97850511, 183893057, 194165031, 214936839, 224240891, 154115694, 138837282, 248682662, 216393363, 68549987, 232222394, 1476246, 151179556, 23831083, 67522189, 37046337, 30331306, 30809804, 25267365, 33628761, 120843493, 60323715, 161552165, 45948928, 156724531, 189656957, 96043887, 210101002, 72206643, 198507616, 71170187, 176629760, 124530405, 172294663, 230235502, 151447894, 200450681, 126874476]
[239554898, 105465088, 218365829, 203396497, 217698719, 109346344, 97770307, 148322777, 40290812, 53317582, 37400546, 22010658, 175723653, 165222218, 73768585, 222361649, 122267290, 183229434, 110253602, 236404051, 84153860, 126893068, 26600584, 13761399, 219667882, 217646206, 241830177, 9876773, 529557, 31049115, 177676138, 69558821, 243714980, 122743854, 104370347, 60772675, 122493426, 211212441, 84340898, 171023574, 191988092, 6004240, 141975672, 182382331, 60169248, 48856296, 212556591, 125285908, 98653799, 112007566, 217452140, 5555922, 45744348, 73503130, 161775644, 220445681, 117347905, 167087389, 192827476, 136018156, 131109619, 167837843, 182240958, 8391516, 229586495, 213735879, 97850511, 183893057, 194165031, 214936839, 224240891, 154115694, 138837282, 248682662, 216393363, 68549987, 232222394, 1476246, 151179556, 23831083, 67522189, 37046337, 30331306, 30809804, 180069300, 109853152, 142626223, 133024700, 213505916, 145828056, 36192707, 210076901, 18631466, 52777234, 8271894, 104723084, 103227377, 83603035, 211470450, 93876837, 58707326, 28911259, 116673352, 147426156]
[239554898, 105465088, 218365829, 203396497, 217698719, 109346344, 97770307, 148322777, 40290812, 53317582, 37400546, 22010658, 175723653, 165222218, 73768585, 222361649, 122267290, 183229434, 110253602, 236404051, 84153860, 126893068, 26600584, 13761399, 219667882, 217646206, 241830177, 9876773, 529557, 31049115, 177676138, 69558821, 243714980, 122743854, 104370347, 60772675, 122493426, 211212441, 84340898, 171023574, 191988092, 6004240, 141975672, 182382331, 60169248, 48856296, 212556591, 125285908, 98653799, 112007566, 217452140, 5555922, 45744348, 73503130, 161775644, 220445681, 117347905, 167087389, 192827476, 136018156, 131109619, 167837843, 182240958, 8391516, 229586495, 213735879, 97850511, 183893057, 194165031, 214936839, 224240891, 154115694, 138837282, 248682662, 216393363, 68549987, 232222394, 1476246, 151179556, 23831083, 67522189, 37046337, 30331306, 30809804, 180069300, 109853152, 142626223, 133024700, 213505916, 123561113, 138092197, 82592552, 175310019, 103121523, 23245329, 29484858, 144073463, 104990896, 201160449, 150056184, 82203034, 164687435, 13657531, 85884954]
[239554898, 105465088, 218365829, 203396497, 217698719, 109346344, 97770307, 148322777, 40290812, 53317582, 37400546, 22010658, 175723653, 165222218, 73768585, 222361649, 122267290, 183229434, 110253602, 236404051, 84153860, 126893068, 26600584, 13761399, 219667882, 217646206, 241830177, 9876773, 529557, 31049115, 177676138, 69558821, 243714980, 122743854, 104370347, 60772675, 122493426, 211212441, 84340898, 171023574, 191988092, 6004240, 141975672, 182382331, 60169248, 48856296, 212556591, 125285908, 98653799, 112007566, 217452140, 5555922, 45744348, 73503130, 161775644, 220445681, 117347905, 167087389, 192827476, 136018156, 131109619, 167837843, 182240958, 8391516, 229586495, 213735879, 97850511, 183893057, 194165031, 214936839, 224240891, 154115694, 138837282, 248682662, 216393363, 68549987, 232222394, 1476246, 151179556, 23831083, 67522189, 37046337, 30331306, 30809804, 180069300, 109853152, 142626223, 133024700, 213505916, 145828056, 36192707, 210076901, 18631466, 215945163, 194354097, 118288656, 112073061, 202801511, 204383395, 3296298, 163435793, 3713284, 222485103, 43298355]
[239554898, 105465088, 218365829, 203396497, 217698719, 109346344, 97770307, 148322777, 40290812, 53317582, 37400546, 22010658, 175723653, 165222218, 73768585, 222361649, 122267290, 183229434, 110253602, 236404051, 84153860, 126893068, 26600584, 13761399, 219667882, 217646206, 241830177, 9876773, 529557, 31049115, 177676138, 69558821, 243714980, 122743854, 104370347, 60772675, 122493426, 211212441, 84340898, 171023574, 191988092, 6004240, 141975672, 182382331, 60169248, 48856296, 212556591, 125285908, 98653799, 112007566, 217452140, 5555922, 45744348, 73503130, 161775644, 220445681, 117347905, 167087389, 192827476, 136018156, 131109619, 167837843, 162545458, 245820378, 4853377, 55392287, 248891722, 32733621, 35717106, 131450113, 49316366, 208156944, 228729607, 141055458, 230786542, 195312563, 205207643, 103725310, 160900297, 79589817, 226744146, 122711634, 67137749, 84300393, 11440666, 193721780, 159919775, 79712968, 50624353, 163098840, 67036828, 209718743, 244194752, 27104258, 107424270, 5872890, 112493328, 173144368, 132636967, 124676207, 218066021, 200317446, 32507659, 191272338]
[239554898, 105465088, 218365829, 203396497, 217698719, 109346344, 97770307, 148322777, 40290812, 53317582, 37400546, 22010658, 175723653, 165222218, 73768585, 222361649, 122267290, 183229434, 110253602, 236404051, 84153860, 126893068, 26600584, 13761399, 219667882, 217646206, 241830177, 9876773, 529557, 31049115, 177676138, 69558821, 243714980, 122743854, 104370347, 60772675, 122493426, 211212441, 84340898, 171023574, 191988092, 6004240, 141975672, 182382331, 60169248, 48856296, 212556591, 125285908, 98653799, 112007566, 217452140, 5555922, 45744348, 73503130, 161775644, 220445681, 117347905, 167087389, 192827476, 136018156, 131109619, 167837843, 182240958, 8391516, 229586495, 213735879, 97850511, 183893057, 194165031, 214936839, 224240891, 154115694, 138837282, 248682662, 216393363, 68549987, 232222394, 1476246, 151179556, 23831083, 67522189, 37046337, 30331306, 30809804, 180069300, 109853152, 142626223, 133024700, 117964535, 146059510, 57098611, 91433257, 38568678, 195314443, 163790292, 127761125, 225106931, 29410280, 43751155, 15093768, 156355356, 3484158, 162198704, 147284191]
[239554898, 105465088, 218365829, 203396497, 217698719, 109346344, 97770307, 148322777, 40290812, 53317582, 37400546, 22010658, 175723653, 165222218, 73768585, 222361649, 122267290, 183229434, 110253602, 236404051, 84153860, 126893068, 26600584, 13761399, 219667882, 217646206, 241830177, 9876773, 529557, 31049115, 177676138, 69558821, 243714980, 122743854, 104370347, 60772675, 122493426, 211212441, 84340898, 171023574, 191988092, 6004240, 141975672, 182382331, 60169248, 48856296, 212556591, 125285908, 98653799, 112007566, 217452140, 5555922, 45744348, 73503130, 161775644, 220445681, 117347905, 167087389, 192827476, 136018156, 131109619, 167837843, 182240958, 8391516, 229586495, 213735879, 97850511, 183893057, 194165031, 214936839, 224240891, 154115694, 138837282, 248682662, 216393363, 68549987, 232222394, 1476246, 151179556, 23831083, 67522189, 37046337, 30331306, 30809804, 25267365, 33628761, 120843493, 60323715, 141937992, 214517939, 159351707, 225092483, 171806910, 14044454, 242868175, 51611021, 103323002, 82673646, 209696386, 168223732, 190658279, 94966188, 166500670, 26320834]
[239554898, 105465088, 218365829, 203396497, 217698719, 109346344, 97770307, 148322777, 40290812, 53317582, 37400546, 22010658, 175723653, 165222218, 73768585, 222361649, 122267290, 183229434, 110253602, 236404051, 84153860, 126893068, 26600584, 13761399, 219667882, 217646206, 241830177, 9876773, 529557, 31049115, 177676138, 69558821, 243714980, 122743854, 104370347, 60772675, 122493426, 211212441, 84340898, 171023574, 191988092, 6004240, 141975672, 182382331, 60169248, 48856296, 212556591, 125285908, 98653799, 112007566, 217452140, 5555922, 45744348, 73503130, 161775644, 220445681, 117347905, 167087389, 192827476, 30322964, 129797693, 162069456, 20098438, 175458121, 154340491, 200438724, 50980885, 218284050, 41182885, 54506857, 78043547, 1605079, 36994883, 167476512, 84602607, 136635004, 82774592, 181994661, 94214124, 242953261, 177936239, 115570111, 26692013, 2990388, 120026433, 26376298, 118170346, 33166470, 202562618, 46228497, 77391020, 36586039, 72004815, 5868703, 17944968, 237299864, 79713110, 246736336, 128999162, 127695463, 144599101, 22486695, 205670855, 244662149]
[239554898, 105465088, 218365829, 203396497, 217698719, 109346344, 97770307, 148322777, 40290812, 53317582, 37400546, 22010658, 175723653, 165222218, 73768585, 222361649, 122267290, 183229434, 110253602, 236404051, 84153860, 126893068, 26600584, 13761399, 219667882, 217646206, 241830177, 9876773, 529557, 31049115, 177676138, 69558821, 243714980, 122743854, 104370347, 60772675, 122493426, 211212441, 84340898, 171023574, 191988092, 6004240, 141975672, 182382331, 60169248, 48856296, 212556591, 125285908, 98653799, 112007566, 217452140, 5555922, 45744348, 73503130, 161775644, 220445681, 117347905, 167087389, 192827476, 136018156, 131109619, 167837843, 182240958, 8391516, 229586495, 213735879, 97850511, 183893057, 194165031, 214936839, 224240891, 154115694, 138837282, 248682662, 216393363, 68549987, 232222394, 1476246, 151179556, 23831083, 67522189, 37046337, 30331306, 30809804, 25267365, 33628761, 120843493, 60323715, 141937992, 214517939, 201065391, 201106302, 81179160, 78904333, 136686539, 218707391, 125641983, 138861970, 93319068, 166048597, 32113204, 155693716, 54528667, 189875953]
[239554898, 105465088, 218365829, 203396497, 217698719, 109346344, 97770307, 148322777, 40290812, 53317582, 37400546, 22010658, 175723653, 165222218, 73768585, 222361649, 122267290, 183229434, 110253602, 236404051, 84153860, 126893068, 26600584, 13761399, 219667882, 217646206, 241830177, 9876773, 529557, 31049115, 177676138, 69558821, 243714980, 122743854, 104370347, 60772675, 122493426, 211212441, 84340898, 171023574, 191988092, 6004240, 141975672, 182382331, 60169248, 48856296, 212556591, 125285908, 98653799, 112007566, 217452140, 5555922, 45744348, 73503130, 161775644, 220445681, 117347905, 167087389, 192827476, 136018156, 131109619, 167837843, 182240958, 8391516, 229586495, 213735879, 97850511, 183893057, 194165031, 214936839, 224240891, 154115694, 138837282, 248682662, 216393363, 68549987, 232222394, 1476246, 151179556, 23831083, 67522189, 37046337, 30331306, 30809804, 180069300, 109853152, 142626223, 133024700, 213505916, 145828056, 36192707, 210076901, 18631466, 215945163, 194354097, 118288656, 112073061, 202801511, 6119983, 246584321, 114928022, 232086375, 208509165, 140815318]
[239554898, 105465088, 218365829, 203396497, 217698719, 109346344, 97770307, 148322777, 40290812, 53317582, 37400546, 22010658, 175723653, 165222218, 73768585, 222361649, 122267290, 183229434, 110253602, 236404051, 84153860, 126893068, 26600584, 13761399, 219667882, 217646206, 241830177, 9876773, 529557, 31049115, 177676138, 69558821, 243714980, 122743854, 104370347, 60772675, 122493426, 211212441, 84340898, 171023574, 191988092, 6004240, 141975672, 182382331, 60169248, 48856296, 212556591, 125285908, 98653799, 112007566, 217452140, 5555922, 45744348, 73503130, 161775644, 220445681, 117347905, 167087389, 192827476, 136018156, 131109619, 167837843, 182240958, 8391516, 229586495, 213735879, 97850511, 183893057, 194165031, 214936839, 224240891, 154115694, 138837282, 248682662, 216393363, 68549987, 232222394, 1476246, 151179556, 186122913, 60417403, 105641232, 103260047, 84908356, 81305338, 160418988, 65263081, 194339786, 204506009, 248186273, 173008625, 182670290, 29112124, 7406428, 28666481, 106002348, 138960132, 98355143, 143418397, 199073573, 28353430, 72446384, 86097686, 129092208]
[239554898, 105465088, 218365829, 203396497, 217698719, 109346344, 97770307, 148322777, 40290812, 53317582, 37400546, 22010658, 175723653, 165222218, 73768585, 222361649, 122267290, 183229434, 110253602, 236404051, 84153860, 126893068, 26600584, 13761399, 219667882, 217646206, 241830177, 9876773, 529557, 31049115, 177676138, 69558821, 243714980, 122743854, 104370347, 60772675, 122493426, 211212441, 84340898, 171023574, 191988092, 6004240, 141975672, 182382331, 60169248, 48856296, 212556591, 125285908, 98653799, 112007566, 217452140, 5555922, 45744348, 73503130, 161775644, 220445681, 117347905, 167087389, 192827476, 136018156, 131109619, 167837843, 182240958, 8391516, 229586495, 213735879, 97850511, 183893057, 194165031, 214936839, 224240891, 154115694, 138837282, 248682662, 216393363, 68549987, 232222394, 1476246, 151179556, 23831083, 186875312, 15363865, 148894419, 175412006, 162336783, 220767862, 257334, 2980324, 159935775, 57531261, 2110292, 132842143, 175445337, 3218014, 59524486, 195873983, 134969456, 242249109, 90696871, 48815472, 68908784, 193360551, 104746513, 66202199]
[239554898, 105465088, 218365829, 203396497, 217698719, 109346344, 97770307, 148322777, 40290812, 53317582, 37400546, 22010658, 175723653, 165222218, 73768585, 222361649, 122267290, 183229434, 110253602, 236404051, 84153860, 126893068, 26600584, 13761399, 219667882, 217646206, 241830177, 9876773, 529557, 31049115, 177676138, 69558821, 243714980, 122743854, 104370347, 60772675, 122493426, 211212441, 84340898, 171023574, 191988092, 6004240, 141975672, 182382331, 60169248, 48856296, 212556591, 125285908, 98653799, 112007566, 217452140, 5555922, 45744348, 73503130, 161775644, 220445681, 117347905, 167087389, 192827476, 136018156, 131109619, 167837843, 182240958, 8391516, 229586495, 213735879, 97850511, 183893057, 194165031, 214936839, 224240891, 154115694, 138837282, 248682662, 216393363, 68549987, 232222394, 1476246, 151179556, 23831083, 67522189, 37046337, 30331306, 30809804, 180069300, 32947905, 92433975, 10504298, 97570684, 135634069, 114736754, 44605410, 48138700, 146004529, 33870450, 153772956, 85229674, 57394436, 179051773, 198425508, 236452420, 220995418, 62727336, 184004468]
[239554898, 105465088, 218365829, 203396497, 217698719, 109346344, 97770307, 148322777, 40290812, 53317582, 37400546, 22010658, 175723653, 165222218, 73768585, 222361649, 122267290, 183229434, 110253602, 236404051, 84153860, 126893068, 26600584, 13761399, 219667882, 217646206, 241830177, 9876773, 529557, 31049115, 177676138, 69558821, 243714980, 122743854, 104370347, 60772675, 122493426, 211212441, 84340898, 171023574, 191988092, 6004240, 141975672, 182382331, 60169248, 48856296, 212556591, 125285908, 98653799, 112007566, 217452140, 5555922, 45744348, 73503130, 161775644, 220445681, 117347905, 167087389, 192827476, 136018156, 131109619, 167837843, 182240958, 8391516, 229586495, 213735879, 97850511, 183893057, 194165031, 214936839, 224240891, 154115694, 138837282, 248682662, 216393363, 68549987, 232222394, 1476246, 151179556, 23831083, 67522189, 37046337, 30331306, 30809804, 180069300, 109853152, 142626223, 133024700, 213505916, 145828056, 36192707, 210076901, 18631466, 52777234, 8271894, 17663428, 4536358, 92171121, 6760031, 173755756, 87812423, 204359454, 14318650, 67746704]
[239554898, 105465088, 218365829, 203396497, 217698719, 109346344, 97770307, 148322777, 40290812, 53317582, 37400546, 22010658, 175723653, 165222218, 73768585, 222361649, 122267290, 183229434, 110253602, 236404051, 84153860, 126893068, 26600584, 13761399, 219667882, 217646206, 241830177, 9876773, 529557, 31049115, 177676138, 69558821, 243714980, 122743854, 104370347, 60772675, 122493426, 211212441, 84340898, 171023574, 191988092, 6004240, 141975672, 182382331, 60169248, 48856296, 212556591, 125285908, 98653799, 112007566, 217452140, 5555922, 45744348, 73503130, 161775644, 220445681, 117347905, 167087389, 192827476, 136018156, 131109619, 167837843, 182240958, 8391516, 229586495, 213735879, 97850511, 183893057, 194165031, 214936839, 224240891, 154115694, 138837282, 248682662, 216393363, 68549987, 232222394, 1476246, 151179556, 23831083, 67522189, 37046337, 30331306, 30809804, 180069300, 109853152, 142626223, 133024700, 213505916, 145828056, 36192707, 210076901, 18631466, 66249244, 106394530, 98937705, 22280856, 163202874, 122481697, 47233503, 211658005, 135716525, 246059423, 214211946]
[239554898, 105465088, 218365829, 203396497, 217698719, 109346344, 97770307, 148322777, 40290812, 53317582, 37400546, 22010658, 175723653, 165222218, 73768585, 222361649, 122267290, 183229434, 110253602, 236404051, 84153860, 126893068, 26600584, 13761399, 219667882, 217646206, 241830177, 9876773, 529557, 31049115, 177676138, 69558821, 243714980, 122743854, 104370347, 60772675, 122493426, 211212441, 84340898, 171023574, 191988092, 6004240, 141975672, 182382331, 60169248, 48856296, 212556591, 125285908, 98653799, 112007566, 217452140, 5555922, 45744348, 73503130, 161775644, 220445681, 117347905, 167087389, 192827476, 136018156, 131109619, 167837843, 182240958, 8391516, 229586495, 213735879, 97850511, 183893057, 194165031, 214936839, 224240891, 154115694, 138837282, 248682662, 216393363, 68549987, 232222394, 1476246, 151179556, 23831083, 67522189, 37046337, 30331306, 30809804, 25267365, 33628761, 120843493, 60323715, 141937992, 214517939, 159351707, 225092483, 171806910, 228378040, 237812772, 201916728, 165088190, 120809138, 27268558, 17235598, 184959573, 82337736, 98246206, 217664354]
[239554898, 105465088, 218365829, 203396497, 217698719, 109346344, 97770307, 148322777, 40290812, 53317582, 37400546, 22010658, 175723653, 165222218, 73768585, 222361649, 122267290, 183229434, 110253602, 236404051, 84153860, 126893068, 26600584, 13761399, 219667882, 217646206, 241830177, 9876773, 529557, 31049115, 177676138, 69558821, 243714980, 122743854, 104370347, 60772675, 122493426, 211212441, 84340898, 171023574, 191988092, 6004240, 141975672, 182382331, 60169248, 48856296, 212556591, 125285908, 98653799, 112007566, 217452140, 5555922, 45744348, 73503130, 161775644, 220445681, 117347905, 167087389, 192827476, 136018156, 131109619, 167837843, 182240958, 8391516, 229586495, 213735879, 97850511, 183893057, 194165031, 214936839, 224240891, 154115694, 138837282, 248682662, 216393363, 68549987, 232222394, 1476246, 151179556, 23831083, 67522189, 37046337, 30331306, 30809804, 180069300, 109853152, 142626223, 133024700, 213505916, 123561113, 138092197, 82592552, 175310019, 42811066, 139804577, 248455574, 59851800, 126144327, 80230641, 99623262, 98418340, 25892849, 122137794, 30168340]
[239554898, 105465088, 218365829, 203396497, 217698719, 109346344, 97770307, 148322777, 40290812, 53317582, 37400546, 22010658, 175723653, 165222218, 73768585, 222361649, 122267290, 183229434, 110253602, 236404051, 84153860, 126893068, 26600584, 13761399, 219667882, 217646206, 241830177, 9876773, 529557, 31049115, 177676138, 69558821, 243714980, 122743854, 104370347, 60772675, 122493426, 211212441, 84340898, 171023574, 191988092, 6004240, 141975672, 182382331, 60169248, 48856296, 212556591, 125285908, 98653799, 112007566, 217452140, 5555922, 45744348, 73503130, 161775644, 220445681, 117347905, 167087389, 192827476, 136018156, 131109619, 167837843, 182240958, 8391516, 229586495, 213735879, 97850511, 183893057, 194165031, 214936839, 224240891, 154115694, 138837282, 248682662, 216393363, 68549987, 232222394, 1476246, 151179556, 23831083, 67522189, 37046337, 30331306, 30809804, 180069300, 109853152, 142626223, 133024700, 117964535, 146059510, 57098611, 91433257, 27596929, 238513360, 158285182, 6900631, 93749637, 49967267, 907908, 69378306, 96402321, 58512091, 143303324, 66373190]
[239554898, 105465088, 218365829, 203396497, 217698719, 109346344, 97770307, 148322777, 40290812, 53317582, 37400546, 22010658, 175723653, 165222218, 73768585, 222361649, 122267290, 183229434, 110253602, 236404051, 84153860, 126893068, 26600584, 13761399, 219667882, 217646206, 241830177, 9876773, 529557, 31049115, 177676138, 69558821, 243714980, 122743854, 104370347, 60772675, 122493426, 211212441, 84340898, 171023574, 191988092, 6004240, 141975672, 182382331, 60169248, 48856296, 212556591, 125285908, 98653799, 112007566, 217452140, 5555922, 45744348, 73503130, 161775644, 220445681, 117347905, 167087389, 192827476, 136018156, 131109619, 167837843, 182240958, 8391516, 229586495, 213735879, 97850511, 183893057, 194165031, 214936839, 224240891, 154115694, 138837282, 248682662, 216393363, 68549987, 232222394, 1476246, 151179556, 23831083, 67522189, 37046337, 30331306, 30809804, 25267365, 33628761, 120843493, 60323715, 141937992, 214517939, 159351707, 225092483, 171806910, 180015946, 114838391, 74579433, 107756521, 69291096, 219891302, 84132165, 242640258, 35282586, 99332076, 87110273]
[239554898, 105465088, 218365829, 203396497, 217698719, 109346344, 97770307, 148322777, 40290812, 53317582, 37400546, 22010658, 175723653, 165222218, 73768585, 222361649, 122267290, 183229434, 110253602, 236404051, 84153860, 126893068, 26600584, 13761399, 219667882, 217646206, 241830177, 9876773, 529557, 31049115, 177676138, 69558821, 243714980, 122743854, 104370347, 60772675, 122493426, 211212441, 84340898, 171023574, 191988092, 6004240, 141975672, 182382331, 60169248, 48856296, 212556591, 125285908, 98653799, 112007566, 217452140, 5555922, 45744348, 73503130, 161775644, 220445681, 117347905, 167087389, 192827476, 136018156, 131109619, 167837843, 182240958, 8391516, 229586495, 213735879, 97850511, 183893057, 194165031, 214936839, 224240891, 154115694, 138837282, 248682662, 216393363, 68549987, 232222394, 1476246, 151179556, 23831083, 67522189, 37046337, 30331306, 30809804, 25267365, 33628761, 120843493, 60323715, 141937992, 214517939, 159351707, 225092483, 171806910, 228378040, 237812772, 201916728, 165088190, 186778219, 14214200, 210875311, 56560810, 17438649, 238043959, 143794103]
[239554898, 105465088, 218365829, 203396497, 217698719, 109346344, 97770307, 148322777, 40290812, 53317582, 37400546, 22010658, 175723653, 165222218, 73768585, 222361649, 122267290, 183229434, 110253602, 236404051, 84153860, 126893068, 26600584, 13761399, 219667882, 217646206, 241830177, 9876773, 529557, 31049115, 177676138, 69558821, 243714980, 122743854, 104370347, 60772675, 122493426, 211212441, 84340898, 171023574, 191988092, 6004240, 141975672, 182382331, 60169248, 48856296, 212556591, 125285908, 98653799, 112007566, 217452140, 5555922, 45744348, 73503130, 161775644, 220445681, 117347905, 167087389, 192827476, 136018156, 131109619, 167837843, 182240958, 8391516, 229586495, 213735879, 97850511, 183893057, 194165031, 214936839, 224240891, 154115694, 138837282, 248682662, 216393363, 68549987, 232222394, 1476246, 151179556, 23831083, 67522189, 37046337, 30331306, 30809804, 25267365, 33628761, 120843493, 60323715, 141937992, 214517939, 159351707, 225092483, 171806910, 228378040, 223335645, 215148842, 139616328, 248670051, 181864879, 106115424, 73209317, 228698045, 162796807, 13937355]
[239554898, 105465088, 218365829, 203396497, 217698719, 109346344, 97770307, 148322777, 40290812, 53317582, 37400546, 22010658, 175723653, 165222218, 73768585, 222361649, 122267290, 183229434, 110253602, 236404051, 84153860, 126893068, 26600584, 13761399, 219667882, 217646206, 241830177, 9876773, 529557, 31049115, 177676138, 69558821, 243714980, 122743854, 104370347, 60772675, 122493426, 211212441, 84340898, 171023574, 191988092, 6004240, 141975672, 182382331, 60169248, 48856296, 212556591, 125285908, 98653799, 112007566, 217452140, 5555922, 45744348, 73503130, 161775644, 220445681, 117347905, 167087389, 192827476, 136018156, 131109619, 167837843, 182240958, 8391516, 229586495, 213735879, 97850511, 183893057, 194165031, 214936839, 224240891, 154115694, 138837282, 248682662, 216393363, 68549987, 232222394, 1476246, 151179556, 23831083, 67522189, 37046337, 30331306, 30809804, 180069300, 109853152, 142626223, 133024700, 117964535, 146059510, 57098611, 91433257, 27596929, 238513360, 108481286, 209948443, 107668528, 243418406, 88386531, 143725135, 215227638, 164121241, 207801476, 136414034]
[239554898, 105465088, 218365829, 203396497, 217698719, 109346344, 97770307, 148322777, 40290812, 53317582, 37400546, 22010658, 175723653, 165222218, 73768585, 222361649, 122267290, 183229434, 110253602, 236404051, 84153860, 126893068, 26600584, 13761399, 219667882, 217646206, 241830177, 9876773, 529557, 31049115, 177676138, 69558821, 243714980, 122743854, 104370347, 60772675, 122493426, 211212441, 84340898, 171023574, 191988092, 6004240, 141975672, 182382331, 60169248, 48856296, 212556591, 125285908, 98653799, 112007566, 217452140, 5555922, 45744348, 73503130, 161775644, 220445681, 117347905, 167087389, 192827476, 136018156, 131109619, 167837843, 182240958, 8391516, 229586495, 213735879, 97850511, 183893057, 194165031, 214936839, 224240891, 154115694, 138837282, 248682662, 216393363, 68549987, 232222394, 1476246, 151179556, 23831083, 67522189, 37046337, 30331306, 30809804, 180069300, 109853152, 142626223, 133024700, 213505916, 145828056, 36192707, 210076901, 18631466, 66249244, 106394530, 98937705, 22280856, 163202874, 122481697, 47233503, 211658005, 135716525, 246059423, 206825435]
[239554898, 105465088, 218365829, 203396497, 217698719, 109346344, 97770307, 148322777, 40290812, 53317582, 37400546, 22010658, 175723653, 165222218, 73768585, 222361649, 122267290, 183229434, 110253602, 236404051, 84153860, 126893068, 26600584, 13761399, 219667882, 217646206, 241830177, 9876773, 529557, 31049115, 177676138, 69558821, 243714980, 122743854, 104370347, 60772675, 122493426, 211212441, 84340898, 171023574, 191988092, 6004240, 141975672, 182382331, 60169248, 48856296, 212556591, 125285908, 98653799, 112007566, 217452140, 5555922, 45744348, 73503130, 161775644, 220445681, 117347905, 167087389, 192827476, 136018156, 131109619, 167837843, 182240958, 8391516, 229586495, 213735879, 97850511, 183893057, 194165031, 214936839, 224240891, 154115694, 138837282, 248682662, 216393363, 68549987, 232222394, 1476246, 151179556, 23831083, 67522189, 37046337, 30331306, 30809804, 180069300, 109853152, 142626223, 133024700, 117964535, 146059510, 57098611, 91433257, 27596929, 238513360, 108481286, 209948443, 107668528, 15828164, 161373223, 51784327, 216022930, 14178596, 57394565, 135139822]
[239554898, 105465088, 218365829, 203396497, 217698719, 109346344, 97770307, 148322777, 40290812, 53317582, 37400546, 22010658, 175723653, 165222218, 73768585, 222361649, 122267290, 183229434, 110253602, 236404051, 84153860, 126893068, 26600584, 13761399, 219667882, 217646206, 241830177, 9876773, 529557, 31049115, 177676138, 69558821, 243714980, 122743854, 104370347, 60772675, 122493426, 211212441, 84340898, 171023574, 191988092, 6004240, 141975672, 182382331, 60169248, 48856296, 212556591, 125285908, 98653799, 112007566, 217452140, 5555922, 45744348, 73503130, 161775644, 220445681, 117347905, 167087389, 192827476, 136018156, 131109619, 167837843, 182240958, 8391516, 229586495, 213735879, 97850511, 183893057, 194165031, 214936839, 224240891, 154115694, 138837282, 248682662, 216393363, 68549987, 232222394, 1476246, 151179556, 23831083, 67522189, 37046337, 30331306, 30809804, 25267365, 33628761, 120843493, 60323715, 161552165, 221715995, 217892344, 19173152, 10149374, 172341237, 171235851, 131931277, 146047237, 81404556, 224911283, 4176832, 25667689, 75075392, 126472324, 39686306]
[239554898, 105465088, 218365829, 203396497, 217698719, 109346344, 97770307, 148322777, 40290812, 53317582, 37400546, 22010658, 175723653, 165222218, 73768585, 222361649, 122267290, 183229434, 110253602, 236404051, 84153860, 126893068, 26600584, 13761399, 219667882, 217646206, 241830177, 9876773, 529557, 31049115, 177676138, 69558821, 243714980, 122743854, 104370347, 60772675, 122493426, 211212441, 84340898, 171023574, 191988092, 6004240, 141975672, 182382331, 60169248, 48856296, 212556591, 125285908, 98653799, 112007566, 217452140, 5555922, 45744348, 73503130, 161775644, 220445681, 117347905, 167087389, 192827476, 136018156, 131109619, 167837843, 182240958, 8391516, 229586495, 213735879, 97850511, 183893057, 194165031, 214936839, 224240891, 154115694, 138837282, 248682662, 216393363, 68549987, 232222394, 1476246, 151179556, 23831083, 67522189, 37046337, 30331306, 30809804, 180069300, 32947905, 205930261, 16667085, 210298056, 203809029, 78308169, 16378318, 196407529, 15753659, 160485131, 237915332, 143881255, 157330827, 245128293, 164423166, 22313093, 127571248, 209105816, 139262645]
[239554898, 105465088, 218365829, 203396497, 217698719, 109346344, 97770307, 148322777, 40290812, 53317582, 37400546, 22010658, 175723653, 165222218, 73768585, 222361649, 122267290, 183229434, 110253602, 236404051, 84153860, 126893068, 26600584, 13761399, 219667882, 217646206, 241830177, 9876773, 529557, 31049115, 177676138, 69558821, 243714980, 122743854, 104370347, 60772675, 122493426, 211212441, 84340898, 171023574, 191988092, 6004240, 141975672, 182382331, 60169248, 48856296, 212556591, 125285908, 98653799, 112007566, 217452140, 5555922, 45744348, 73503130, 161775644, 220445681, 117347905, 167087389, 192827476, 30322964, 129797693, 162069456, 20098438, 175458121, 154340491, 200438724, 50980885, 218284050, 35865695, 35960691, 173099041, 248672976, 217120534, 97773753, 5693530, 103311836, 7361823, 87771202, 105809505, 22382340, 39666005, 202644599, 8269985, 227419249, 183354607, 194933427, 13040324, 200577707, 182868465, 214988932, 217080839, 134840078, 122769596, 246142629, 68179485, 171653099, 110778708, 80714657, 39567580, 21126624, 191955173, 143103297, 237345634, 82076237]
[239554898, 105465088, 218365829, 203396497, 217698719, 109346344, 97770307, 148322777, 40290812, 53317582, 37400546, 22010658, 175723653, 165222218, 73768585, 222361649, 122267290, 183229434, 110253602, 236404051, 84153860, 126893068, 26600584, 13761399, 219667882, 217646206, 241830177, 9876773, 529557, 31049115, 177676138, 69558821, 243714980, 122743854, 104370347, 60772675, 122493426, 211212441, 84340898, 171023574, 191988092, 6004240, 141975672, 182382331, 60169248, 48856296, 212556591, 125285908, 98653799, 112007566, 217452140, 5555922, 45744348, 73503130, 161775644, 220445681, 117347905, 167087389, 192827476, 136018156, 131109619, 167837843, 182240958, 8391516, 229586495, 213735879, 97850511, 183893057, 194165031, 214936839, 224240891, 154115694, 138837282, 248682662, 216393363, 68549987, 232222394, 1476246, 151179556, 23831083, 67522189, 37046337, 30331306, 30809804, 25267365, 33628761, 120843493, 60323715, 141937992, 214517939, 159351707, 225092483, 171806910, 228378040, 237812772, 149049986, 155651451, 91717238, 193604210, 16538204, 180916309, 214628834, 1784240, 9025053]
[239554898, 105465088, 218365829, 203396497, 217698719, 109346344, 97770307, 148322777, 40290812, 53317582, 37400546, 22010658, 175723653, 165222218, 73768585, 222361649, 122267290, 183229434, 110253602, 236404051, 84153860, 126893068, 26600584, 13761399, 219667882, 217646206, 241830177, 9876773, 529557, 31049115, 177676138, 69558821, 243714980, 122743854, 104370347, 60772675, 122493426, 211212441, 84340898, 171023574, 191988092, 6004240, 141975672, 182382331, 60169248, 48856296, 212556591, 125285908, 98653799, 112007566, 217452140, 5555922, 45744348, 73503130, 161775644, 220445681, 117347905, 167087389, 192827476, 136018156, 131109619, 167837843, 182240958, 8391516, 229586495, 213735879, 97850511, 183893057, 194165031, 214936839, 224240891, 154115694, 138837282, 248682662, 216393363, 68549987, 232222394, 1476246, 151179556, 23831083, 67522189, 37046337, 30331306, 30809804, 180069300, 109853152, 142626223, 133024700, 213505916, 123561113, 138092197, 82592552, 175310019, 103121523, 23245329, 29484858, 144073463, 104990896, 201160449, 150056184, 1384566, 108952188, 97149246, 34213462]
[239554898, 105465088, 218365829, 203396497, 217698719, 109346344, 97770307, 148322777, 40290812, 53317582, 37400546, 22010658, 175723653, 165222218, 73768585, 222361649, 122267290, 183229434, 110253602, 236404051, 84153860, 126893068, 26600584, 13761399, 219667882, 217646206, 241830177, 9876773, 529557, 31049115, 177676138, 69558821, 243714980, 122743854, 104370347, 60772675, 122493426, 211212441, 84340898, 171023574, 191988092, 6004240, 141975672, 182382331, 60169248, 48856296, 212556591, 125285908, 98653799, 112007566, 217452140, 5555922, 45744348, 73503130, 161775644, 220445681, 117347905, 167087389, 192827476, 136018156, 131109619, 167837843, 182240958, 8391516, 229586495, 213735879, 97850511, 183893057, 194165031, 214936839, 224240891, 154115694, 138837282, 248682662, 216393363, 68549987, 232222394, 1476246, 151179556, 23831083, 67522189, 37046337, 30331306, 30809804, 180069300, 32947905, 205930261, 16667085, 210298056, 203809029, 78308169, 16378318, 196407529, 15753659, 160485131, 237915332, 143881255, 157330827, 106500990, 50899079, 140933821, 184301346, 211020014, 70149769]
[239554898, 105465088, 218365829, 203396497, 217698719, 109346344, 97770307, 148322777, 40290812, 53317582, 37400546, 22010658, 175723653, 165222218, 73768585, 222361649, 122267290, 183229434, 110253602, 236404051, 84153860, 126893068, 26600584, 13761399, 219667882, 217646206, 241830177, 9876773, 529557, 31049115, 177676138, 69558821, 243714980, 122743854, 104370347, 60772675, 122493426, 211212441, 84340898, 171023574, 191988092, 6004240, 141975672, 182382331, 60169248, 48856296, 212556591, 125285908, 98653799, 112007566, 217452140, 5555922, 45744348, 73503130, 161775644, 220445681, 117347905, 167087389, 192827476, 136018156, 131109619, 167837843, 182240958, 8391516, 229586495, 213735879, 97850511, 183893057, 194165031, 214936839, 224240891, 154115694, 138837282, 248682662, 216393363, 68549987, 232222394, 1476246, 151179556, 23831083, 67522189, 37046337, 30331306, 30809804, 180069300, 109853152, 142626223, 133024700, 213505916, 145828056, 36192707, 210076901, 18631466, 66249244, 106394530, 98937705, 62076670, 211747572, 159709517, 208333879, 171051465, 72195883, 193263282, 228079914]
[239554898, 105465088, 218365829, 203396497, 217698719, 109346344, 97770307, 148322777, 40290812, 53317582, 37400546, 22010658, 175723653, 165222218, 73768585, 222361649, 122267290, 183229434, 110253602, 236404051, 84153860, 126893068, 26600584, 13761399, 219667882, 217646206, 241830177, 9876773, 529557, 31049115, 177676138, 69558821, 243714980, 122743854, 104370347, 60772675, 122493426, 211212441, 84340898, 171023574, 191988092, 6004240, 141975672, 182382331, 60169248, 48856296, 212556591, 125285908, 98653799, 112007566, 217452140, 5555922, 45744348, 73503130, 161775644, 220445681, 117347905, 167087389, 192827476, 136018156, 131109619, 167837843, 182240958, 8391516, 229586495, 213735879, 97850511, 183893057, 194165031, 214936839, 224240891, 154115694, 138837282, 248682662, 216393363, 68549987, 232222394, 1476246, 151179556, 23831083, 67522189, 37046337, 30331306, 30809804, 180069300, 109853152, 142626223, 133024700, 117964535, 146059510, 57098611, 91433257, 38568678, 195314443, 163790292, 132089438, 135535892, 188196428, 230332710, 191028672, 38742728, 191213556, 134581700, 44595687]
[239554898, 105465088, 218365829, 203396497, 217698719, 109346344, 97770307, 148322777, 40290812, 53317582, 37400546, 22010658, 175723653, 165222218, 73768585, 222361649, 122267290, 183229434, 110253602, 236404051, 84153860, 126893068, 26600584, 13761399, 219667882, 217646206, 241830177, 9876773, 529557, 31049115, 177676138, 69558821, 243714980, 122743854, 104370347, 60772675, 122493426, 211212441, 84340898, 171023574, 191988092, 6004240, 141975672, 182382331, 60169248, 48856296, 212556591, 125285908, 98653799, 112007566, 217452140, 5555922, 45744348, 73503130, 161775644, 220445681, 117347905, 167087389, 192827476, 136018156, 131109619, 167837843, 182240958, 8391516, 229586495, 213735879, 97850511, 183893057, 194165031, 214936839, 224240891, 154115694, 138837282, 248682662, 216393363, 68549987, 232222394, 1476246, 151179556, 23831083, 186875312, 15363865, 148894419, 175412006, 162336783, 220767862, 257334, 2980324, 159935775, 57531261, 2110292, 132842143, 63114250, 213032620, 38717631, 248261742, 48707030, 155790887, 203784361, 79706266, 135786627, 111571244, 190154191, 69620586]
[239554898, 105465088, 218365829, 203396497, 217698719, 109346344, 97770307, 148322777, 40290812, 53317582, 37400546, 22010658, 175723653, 165222218, 73768585, 222361649, 122267290, 183229434, 110253602, 236404051, 84153860, 126893068, 26600584, 13761399, 219667882, 217646206, 241830177, 9876773, 529557, 31049115, 177676138, 69558821, 243714980, 122743854, 104370347, 60772675, 122493426, 211212441, 84340898, 171023574, 191988092, 6004240, 141975672, 182382331, 60169248, 48856296, 212556591, 125285908, 98653799, 112007566, 217452140, 5555922, 45744348, 73503130, 161775644, 220445681, 117347905, 167087389, 192827476, 136018156, 131109619, 167837843, 182240958, 8391516, 229586495, 213735879, 97850511, 183893057, 194165031, 214936839, 224240891, 154115694, 138837282, 248682662, 216393363, 68549987, 232222394, 1476246, 151179556, 23831083, 67522189, 37046337, 30331306, 30809804, 25267365, 33628761, 120843493, 60323715, 161552165, 45948928, 156724531, 180735508, 5908663, 114031681, 141076187, 224981968, 91303488, 200060074, 234208343, 176467440, 22377840, 92350610, 39973867, 234901372]
[239554898, 105465088, 218365829, 203396497, 217698719, 109346344, 97770307, 148322777, 40290812, 53317582, 37400546, 22010658, 175723653, 165222218, 73768585, 222361649, 122267290, 183229434, 110253602, 236404051, 84153860, 126893068, 26600584, 13761399, 219667882, 217646206, 241830177, 9876773, 529557, 31049115, 177676138, 69558821, 243714980, 122743854, 104370347, 60772675, 122493426, 211212441, 84340898, 171023574, 191988092, 6004240, 141975672, 182382331, 60169248, 48856296, 212556591, 125285908, 98653799, 112007566, 217452140, 5555922, 45744348, 73503130, 161775644, 220445681, 117347905, 167087389, 192827476, 136018156, 131109619, 167837843, 182240958, 8391516, 229586495, 213735879, 97850511, 183893057, 194165031, 214936839, 224240891, 154115694, 138837282, 248682662, 216393363, 68549987, 232222394, 1476246, 151179556, 23831083, 67522189, 37046337, 30331306, 30809804, 180069300, 109853152, 142626223, 133024700, 213505916, 145828056, 36192707, 210076901, 18631466, 66249244, 106394530, 98937705, 62076670, 211747572, 159709517, 208333879, 171051465, 72195883, 135247256, 237155932]
[239554898, 105465088, 218365829, 203396497, 217698719, 109346344, 97770307, 148322777, 40290812, 53317582, 37400546, 22010658, 175723653, 165222218, 73768585, 222361649, 122267290, 183229434, 110253602, 236404051, 84153860, 126893068, 26600584, 13761399, 219667882, 217646206, 241830177, 9876773, 529557, 31049115, 177676138, 69558821, 243714980, 122743854, 104370347, 60772675, 122493426, 211212441, 84340898, 171023574, 191988092, 6004240, 141975672, 182382331, 60169248, 48856296, 212556591, 125285908, 98653799, 112007566, 217452140, 5555922, 45744348, 73503130, 161775644, 220445681, 117347905, 167087389, 192827476, 136018156, 131109619, 167837843, 182240958, 8391516, 229586495, 213735879, 97850511, 183893057, 194165031, 214936839, 224240891, 154115694, 138837282, 248682662, 216393363, 68549987, 232222394, 1476246, 151179556, 23831083, 67522189, 37046337, 30331306, 30809804, 180069300, 109853152, 142626223, 133024700, 213505916, 145828056, 36192707, 210076901, 18631466, 52777234, 8271894, 104723084, 103227377, 83603035, 211470450, 93876837, 58707326, 128100495, 88282029, 120488356]
[239554898, 105465088, 218365829, 203396497, 217698719, 109346344, 97770307, 148322777, 40290812, 53317582, 37400546, 22010658, 175723653, 165222218, 73768585, 222361649, 122267290, 183229434, 110253602, 236404051, 84153860, 126893068, 26600584, 13761399, 219667882, 217646206, 241830177, 9876773, 529557, 31049115, 177676138, 69558821, 243714980, 122743854, 104370347, 60772675, 122493426, 211212441, 84340898, 171023574, 191988092, 6004240, 141975672, 182382331, 60169248, 48856296, 212556591, 125285908, 98653799, 112007566, 217452140, 5555922, 45744348, 73503130, 161775644, 220445681, 117347905, 167087389, 192827476, 136018156, 131109619, 167837843, 182240958, 8391516, 229586495, 213735879, 97850511, 183893057, 194165031, 214936839, 224240891, 154115694, 138837282, 248682662, 216393363, 68549987, 232222394, 1476246, 151179556, 23831083, 67522189, 37046337, 30331306, 30809804, 180069300, 109853152, 142626223, 133024700, 117964535, 146059510, 57098611, 91433257, 27596929, 238513360, 108481286, 209948443, 107668528, 243418406, 88386531, 143725135, 215227638, 231469327, 213783444, 75421282]
[239554898, 105465088, 218365829, 203396497, 217698719, 109346344, 97770307, 148322777, 40290812, 53317582, 37400546, 22010658, 175723653, 165222218, 73768585, 222361649, 122267290, 183229434, 110253602, 236404051, 84153860, 126893068, 26600584, 13761399, 219667882, 217646206, 241830177, 9876773, 529557, 31049115, 177676138, 69558821, 243714980, 122743854, 104370347, 60772675, 122493426, 211212441, 84340898, 171023574, 191988092, 6004240, 141975672, 182382331, 60169248, 48856296, 212556591, 125285908, 98653799, 112007566, 217452140, 5555922, 45744348, 73503130, 161775644, 220445681, 117347905, 167087389, 192827476, 16949894, 154797606, 31554297, 227448688, 27607733, 7853203, 140242752, 68768893, 164110998, 12898830, 247773033, 204652173, 205971979, 68424825, 83740896, 201654924, 169231707, 97514553, 121528382, 248758816, 163110820, 139726861, 193829157, 94638618, 50010934, 245101943, 152894996, 85098711, 84256216, 167307796, 39557324, 111587632, 72991358, 245961368, 10151453, 242644118, 5256703, 105898646, 34741448, 80938712, 175210216, 119163970, 21477814, 16005594, 246468622]
[239554898, 105465088, 218365829, 203396497, 217698719, 109346344, 97770307, 148322777, 40290812, 53317582, 37400546, 22010658, 175723653, 165222218, 73768585, 222361649, 122267290, 183229434, 110253602, 236404051, 84153860, 126893068, 26600584, 13761399, 219667882, 217646206, 241830177, 9876773, 529557, 31049115, 177676138, 69558821, 243714980, 122743854, 104370347, 60772675, 122493426, 211212441, 84340898, 171023574, 191988092, 6004240, 141975672, 182382331, 60169248, 48856296, 212556591, 125285908, 98653799, 112007566, 217452140, 5555922, 45744348, 73503130, 161775644, 220445681, 117347905, 167087389, 192827476, 136018156, 131109619, 167837843, 182240958, 8391516, 229586495, 213735879, 97850511, 183893057, 194165031, 214936839, 224240891, 154115694, 138837282, 248682662, 216393363, 68549987, 232222394, 1476246, 151179556, 23831083, 67522189, 37046337, 30331306, 30809804, 180069300, 109853152, 142626223, 133024700, 213505916, 145828056, 36192707, 210076901, 18631466, 215945163, 194354097, 118288656, 188694160, 185752404, 68221932, 111971146, 137991681, 86400261, 28547446, 42313570]
[239554898, 105465088, 218365829, 203396497, 217698719, 109346344, 97770307, 148322777, 40290812, 53317582, 37400546, 22010658, 175723653, 165222218, 73768585, 222361649, 122267290, 183229434, 110253602, 236404051, 84153860, 126893068, 26600584, 13761399, 219667882, 217646206, 241830177, 9876773, 529557, 31049115, 177676138, 69558821, 243714980, 122743854, 104370347, 60772675, 122493426, 211212441, 84340898, 171023574, 191988092, 6004240, 141975672, 182382331, 60169248, 48856296, 212556591, 125285908, 98653799, 112007566, 217452140, 5555922, 45744348, 73503130, 161775644, 220445681, 117347905, 167087389, 192827476, 136018156, 131109619, 167837843, 182240958, 8391516, 229586495, 213735879, 97850511, 183893057, 194165031, 214936839, 224240891, 154115694, 138837282, 248682662, 216393363, 68549987, 232222394, 1476246, 151179556, 23831083, 67522189, 37046337, 30331306, 30809804, 180069300, 32947905, 92433975, 10504298, 97570684, 135634069, 114736754, 44605410, 48138700, 146004529, 33870450, 153772956, 85229674, 57394436, 179051773, 4213173, 4017681, 27972521, 65350587, 115286773]
[239554898, 105465088, 218365829, 203396497, 217698719, 109346344, 97770307, 148322777, 40290812, 53317582, 37400546, 22010658, 175723653, 165222218, 73768585, 222361649, 122267290, 183229434, 110253602, 236404051, 84153860, 126893068, 26600584, 13761399, 219667882, 217646206, 241830177, 9876773, 529557, 31049115, 177676138, 69558821, 243714980, 122743854, 104370347, 60772675, 122493426, 211212441, 84340898, 171023574, 191988092, 6004240, 141975672, 182382331, 60169248, 48856296, 212556591, 125285908, 98653799, 112007566, 217452140, 5555922, 45744348, 73503130, 161775644, 220445681, 117347905, 167087389, 192827476, 136018156, 131109619, 167837843, 182240958, 8391516, 229586495, 213735879, 97850511, 183893057, 194165031, 214936839, 224240891, 154115694, 138837282, 248682662, 216393363, 68549987, 232222394, 1476246, 151179556, 23831083, 67522189, 37046337, 30331306, 30809804, 180069300, 109853152, 142626223, 133024700, 117964535, 146059510, 57098611, 91433257, 27596929, 238513360, 108481286, 209948443, 107668528, 243418406, 88386531, 143725135, 215227638, 164121241, 215839356, 77374941]
[239554898, 105465088, 218365829, 203396497, 217698719, 109346344, 97770307, 148322777, 40290812, 53317582, 37400546, 22010658, 175723653, 165222218, 73768585, 222361649, 122267290, 183229434, 110253602, 236404051, 84153860, 126893068, 26600584, 13761399, 219667882, 217646206, 241830177, 9876773, 529557, 31049115, 177676138, 69558821, 243714980, 122743854, 104370347, 60772675, 122493426, 211212441, 84340898, 171023574, 191988092, 6004240, 141975672, 182382331, 60169248, 48856296, 212556591, 125285908, 98653799, 112007566, 217452140, 5555922, 45744348, 73503130, 161775644, 220445681, 117347905, 167087389, 192827476, 136018156, 131109619, 167837843, 182240958, 8391516, 229586495, 213735879, 97850511, 183893057, 194165031, 214936839, 224240891, 154115694, 138837282, 248682662, 216393363, 68549987, 232222394, 1476246, 151179556, 23831083, 186875312, 15363865, 148894419, 175412006, 162336783, 220767862, 257334, 2980324, 159935775, 57531261, 2110292, 132842143, 180764072, 146670478, 29426298, 138117769, 124771713, 173506613, 27461156, 223431827, 213195752, 114269855, 12706235, 177522478]
[239554898, 105465088, 218365829, 203396497, 217698719, 109346344, 97770307, 148322777, 40290812, 53317582, 37400546, 22010658, 175723653, 165222218, 73768585, 222361649, 122267290, 183229434, 110253602, 236404051, 84153860, 126893068, 26600584, 13761399, 219667882, 217646206, 241830177, 9876773, 529557, 31049115, 177676138, 69558821, 243714980, 122743854, 104370347, 60772675, 122493426, 211212441, 84340898, 171023574, 191988092, 6004240, 141975672, 182382331, 60169248, 48856296, 212556591, 125285908, 98653799, 112007566, 217452140, 5555922, 45744348, 73503130, 161775644, 220445681, 117347905, 167087389, 192827476, 136018156, 131109619, 167837843, 182240958, 8391516, 229586495, 213735879, 97850511, 183893057, 194165031, 214936839, 224240891, 154115694, 138837282, 248682662, 216393363, 68549987, 232222394, 1476246, 151179556, 186122913, 60417403, 105641232, 103260047, 84908356, 81305338, 160418988, 65263081, 194339786, 204506009, 248186273, 173008625, 182670290, 29112124, 180697443, 196876595, 198617797, 217337664, 200490864, 151435112, 75147227, 222281628, 147457727, 203925461, 146690747]
[239554898, 105465088, 218365829, 203396497, 217698719, 109346344, 97770307, 148322777, 40290812, 53317582, 37400546, 22010658, 175723653, 165222218, 73768585, 222361649, 122267290, 183229434, 110253602, 236404051, 84153860, 126893068, 26600584, 13761399, 219667882, 217646206, 241830177, 9876773, 529557, 31049115, 177676138, 69558821, 243714980, 122743854, 104370347, 60772675, 122493426, 211212441, 84340898, 171023574, 191988092, 6004240, 141975672, 182382331, 60169248, 48856296, 212556591, 125285908, 98653799, 112007566, 217452140, 5555922, 45744348, 73503130, 161775644, 220445681, 117347905, 167087389, 192827476, 136018156, 131109619, 167837843, 182240958, 8391516, 229586495, 213735879, 97850511, 183893057, 194165031, 214936839, 224240891, 154115694, 138837282, 248682662, 216393363, 68549987, 232222394, 1476246, 151179556, 23831083, 67522189, 37046337, 30331306, 30809804, 180069300, 109853152, 142626223, 133024700, 117964535, 146059510, 57098611, 91433257, 27596929, 238513360, 108481286, 209948443, 56184597, 4053209, 89549718, 7700963, 172560252, 60053166, 23531912, 222970542]
[239554898, 105465088, 218365829, 203396497, 217698719, 109346344, 97770307, 148322777, 40290812, 53317582, 37400546, 22010658, 175723653, 165222218, 73768585, 222361649, 122267290, 183229434, 110253602, 236404051, 84153860, 126893068, 26600584, 13761399, 219667882, 217646206, 241830177, 9876773, 529557, 31049115, 177676138, 69558821, 243714980, 122743854, 104370347, 60772675, 122493426, 211212441, 84340898, 171023574, 191988092, 6004240, 141975672, 182382331, 60169248, 48856296, 212556591, 125285908, 98653799, 112007566, 217452140, 5555922, 45744348, 73503130, 161775644, 220445681, 117347905, 167087389, 192827476, 136018156, 131109619, 167837843, 182240958, 8391516, 229586495, 213735879, 97850511, 183893057, 194165031, 214936839, 224240891, 154115694, 138837282, 248682662, 216393363, 68549987, 232222394, 1476246, 151179556, 23831083, 67522189, 37046337, 30331306, 30809804, 25267365, 33628761, 120843493, 60323715, 161552165, 45948928, 156724531, 180735508, 5908663, 114031681, 141076187, 224981968, 91303488, 200060074, 234208343, 176467440, 22377840, 92350610, 39973867, 92342061]
[239554898, 105465088, 218365829, 203396497, 217698719, 109346344, 97770307, 148322777, 40290812, 53317582, 37400546, 22010658, 175723653, 165222218, 73768585, 222361649, 122267290, 183229434, 110253602, 236404051, 84153860, 126893068, 26600584, 13761399, 219667882, 217646206, 241830177, 9876773, 529557, 31049115, 177676138, 69558821, 243714980, 122743854, 104370347, 60772675, 122493426, 211212441, 84340898, 171023574, 191988092, 6004240, 141975672, 182382331, 60169248, 48856296, 212556591, 125285908, 98653799, 112007566, 217452140, 5555922, 45744348, 73503130, 161775644, 220445681, 117347905, 167087389, 192827476, 136018156, 131109619, 167837843, 182240958, 8391516, 229586495, 213735879, 97850511, 183893057, 194165031, 214936839, 224240891, 154115694, 138837282, 248682662, 216393363, 68549987, 232222394, 1476246, 151179556, 23831083, 67522189, 37046337, 30331306, 30809804, 180069300, 109853152, 142626223, 133024700, 117964535, 146059510, 57098611, 91433257, 38568678, 195314443, 163790292, 132089438, 135535892, 188196428, 230332710, 139406056, 169058221, 62089102, 113554076, 166996223]
[239554898, 105465088, 218365829, 203396497, 217698719, 109346344, 97770307, 148322777, 40290812, 53317582, 37400546, 22010658, 175723653, 165222218, 73768585, 222361649, 122267290, 183229434, 110253602, 236404051, 84153860, 126893068, 26600584, 13761399, 219667882, 217646206, 241830177, 9876773, 529557, 31049115, 177676138, 69558821, 243714980, 122743854, 104370347, 60772675, 122493426, 211212441, 84340898, 171023574, 191988092, 6004240, 141975672, 182382331, 60169248, 48856296, 212556591, 125285908, 98653799, 112007566, 217452140, 5555922, 45744348, 73503130, 161775644, 220445681, 117347905, 167087389, 192827476, 136018156, 131109619, 167837843, 182240958, 8391516, 229586495, 213735879, 97850511, 183893057, 194165031, 214936839, 224240891, 154115694, 138837282, 248682662, 216393363, 68549987, 232222394, 1476246, 151179556, 23831083, 67522189, 37046337, 30331306, 30809804, 180069300, 109853152, 142626223, 133024700, 117964535, 146059510, 57098611, 91433257, 38568678, 195314443, 163790292, 132089438, 135535892, 54485142, 175395672, 126926272, 28309940, 59678656, 25052604, 132814731]
[239554898, 105465088, 218365829, 203396497, 217698719, 109346344, 97770307, 148322777, 40290812, 53317582, 37400546, 22010658, 175723653, 165222218, 73768585, 222361649, 122267290, 183229434, 110253602, 236404051, 84153860, 126893068, 26600584, 13761399, 219667882, 217646206, 241830177, 9876773, 529557, 31049115, 177676138, 69558821, 243714980, 122743854, 104370347, 60772675, 122493426, 211212441, 84340898, 171023574, 191988092, 6004240, 141975672, 182382331, 60169248, 48856296, 212556591, 125285908, 98653799, 112007566, 217452140, 5555922, 45744348, 73503130, 161775644, 220445681, 117347905, 167087389, 192827476, 136018156, 131109619, 167837843, 182240958, 8391516, 229586495, 213735879, 97850511, 183893057, 194165031, 214936839, 224240891, 154115694, 138837282, 248682662, 216393363, 68549987, 232222394, 1476246, 151179556, 23831083, 67522189, 37046337, 30331306, 30809804, 25267365, 33628761, 120843493, 60323715, 161552165, 45948928, 156724531, 189656957, 96043887, 210101002, 72206643, 198507616, 71170187, 176629760, 124530405, 172294663, 230235502, 222837276, 215429983, 38474418]
[239554898, 105465088, 218365829, 203396497, 217698719, 109346344, 97770307, 148322777, 40290812, 53317582, 37400546, 22010658, 175723653, 165222218, 73768585, 222361649, 122267290, 183229434, 110253602, 236404051, 84153860, 126893068, 26600584, 13761399, 219667882, 217646206, 241830177, 9876773, 529557, 31049115, 177676138, 69558821, 243714980, 122743854, 104370347, 60772675, 122493426, 211212441, 84340898, 171023574, 191988092, 6004240, 141975672, 182382331, 60169248, 48856296, 212556591, 125285908, 98653799, 112007566, 217452140, 5555922, 45744348, 73503130, 161775644, 220445681, 117347905, 167087389, 192827476, 136018156, 131109619, 167837843, 182240958, 8391516, 229586495, 213735879, 97850511, 183893057, 194165031, 214936839, 224240891, 154115694, 138837282, 248682662, 216393363, 68549987, 232222394, 1476246, 151179556, 23831083, 67522189, 37046337, 30331306, 30809804, 25267365, 33628761, 120843493, 60323715, 161552165, 45948928, 156724531, 189656957, 96043887, 210101002, 72206643, 198507616, 71170187, 176629760, 202485127, 34984140, 117923073, 228983757, 4370668, 27622488]
[239554898, 105465088, 218365829, 203396497, 217698719, 109346344, 97770307, 148322777, 40290812, 53317582, 37400546, 22010658, 175723653, 165222218, 73768585, 222361649, 122267290, 183229434, 110253602, 236404051, 84153860, 126893068, 26600584, 13761399, 219667882, 217646206, 241830177, 9876773, 529557, 31049115, 177676138, 69558821, 243714980, 122743854, 104370347, 60772675, 122493426, 211212441, 84340898, 171023574, 191988092, 6004240, 141975672, 182382331, 60169248, 48856296, 212556591, 125285908, 98653799, 112007566, 217452140, 5555922, 45744348, 73503130, 161775644, 220445681, 117347905, 167087389, 192827476, 136018156, 131109619, 167837843, 182240958, 8391516, 229586495, 213735879, 97850511, 183893057, 194165031, 214936839, 224240891, 154115694, 138837282, 248682662, 216393363, 68549987, 232222394, 1476246, 151179556, 23831083, 186875312, 15363865, 148894419, 175412006, 162336783, 220767862, 257334, 2980324, 159935775, 57531261, 2110292, 132842143, 175445337, 3218014, 59524486, 51877899, 69471570, 194967192, 248342848, 179953975, 99669648, 158864731, 212919253, 229995042]
[239554898, 105465088, 218365829, 203396497, 217698719, 109346344, 97770307, 148322777, 40290812, 53317582, 37400546, 22010658, 175723653, 165222218, 73768585, 222361649, 122267290, 183229434, 110253602, 236404051, 84153860, 126893068, 26600584, 13761399, 219667882, 217646206, 241830177, 9876773, 529557, 31049115, 177676138, 69558821, 243714980, 122743854, 104370347, 60772675, 122493426, 211212441, 84340898, 171023574, 191988092, 6004240, 141975672, 182382331, 60169248, 48856296, 212556591, 125285908, 98653799, 112007566, 217452140, 5555922, 45744348, 73503130, 161775644, 220445681, 117347905, 167087389, 192827476, 136018156, 131109619, 167837843, 182240958, 8391516, 229586495, 213735879, 97850511, 183893057, 194165031, 214936839, 224240891, 154115694, 138837282, 248682662, 216393363, 68549987, 232222394, 1476246, 151179556, 186122913, 60417403, 105641232, 103260047, 84908356, 81305338, 160418988, 65263081, 194339786, 204506009, 248186273, 173008625, 182670290, 29112124, 180697443, 196876595, 198617797, 217337664, 200490864, 151435112, 16881958, 30003413, 141135874, 107938328, 23696758]
[239554898, 105465088, 218365829, 203396497, 217698719, 109346344, 97770307, 148322777, 40290812, 53317582, 37400546, 22010658, 175723653, 165222218, 73768585, 222361649, 122267290, 183229434, 110253602, 236404051, 84153860, 126893068, 26600584, 13761399, 219667882, 217646206, 241830177, 9876773, 529557, 31049115, 177676138, 69558821, 243714980, 122743854, 104370347, 60772675, 122493426, 211212441, 84340898, 171023574, 191988092, 6004240, 141975672, 182382331, 60169248, 48856296, 212556591, 125285908, 98653799, 112007566, 217452140, 5555922, 45744348, 73503130, 161775644, 220445681, 117347905, 167087389, 192827476, 136018156, 131109619, 167837843, 182240958, 8391516, 229586495, 213735879, 97850511, 183893057, 194165031, 214936839, 224240891, 154115694, 138837282, 248682662, 216393363, 68549987, 232222394, 1476246, 151179556, 23831083, 67522189, 37046337, 30331306, 30809804, 180069300, 109853152, 142626223, 133024700, 213505916, 145828056, 36192707, 210076901, 18631466, 215945163, 194354097, 118288656, 112073061, 202801511, 6119983, 246584321, 114928022, 232086375, 215417026, 221653501]
[239554898, 105465088, 218365829, 203396497, 217698719, 109346344, 97770307, 148322777, 40290812, 53317582, 37400546, 22010658, 175723653, 165222218, 73768585, 222361649, 122267290, 183229434, 110253602, 236404051, 84153860, 126893068, 26600584, 13761399, 219667882, 217646206, 241830177, 9876773, 529557, 31049115, 177676138, 69558821, 243714980, 122743854, 104370347, 60772675, 122493426, 211212441, 84340898, 171023574, 191988092, 6004240, 141975672, 182382331, 60169248, 48856296, 212556591, 125285908, 98653799, 112007566, 217452140, 5555922, 45744348, 73503130, 161775644, 220445681, 117347905, 167087389, 192827476, 136018156, 131109619, 167837843, 182240958, 8391516, 229586495, 213735879, 97850511, 183893057, 194165031, 214936839, 224240891, 154115694, 138837282, 248682662, 216393363, 68549987, 232222394, 1476246, 151179556, 23831083, 67522189, 37046337, 30331306, 30809804, 180069300, 109853152, 142626223, 133024700, 117964535, 146059510, 57098611, 91433257, 27596929, 238513360, 108481286, 209948443, 107668528, 15828164, 161373223, 51784327, 216022930, 14178596, 166127772, 115813336]
[239554898, 105465088, 218365829, 203396497, 217698719, 109346344, 97770307, 148322777, 40290812, 53317582, 37400546, 22010658, 175723653, 165222218, 73768585, 222361649, 122267290, 183229434, 110253602, 236404051, 84153860, 126893068, 26600584, 13761399, 219667882, 217646206, 241830177, 9876773, 529557, 31049115, 177676138, 69558821, 243714980, 122743854, 104370347, 60772675, 122493426, 211212441, 84340898, 171023574, 191988092, 6004240, 141975672, 182382331, 60169248, 48856296, 212556591, 125285908, 98653799, 112007566, 217452140, 5555922, 45744348, 73503130, 161775644, 220445681, 117347905, 167087389, 192827476, 136018156, 131109619, 167837843, 182240958, 8391516, 229586495, 213735879, 97850511, 183893057, 194165031, 214936839, 224240891, 154115694, 138837282, 248682662, 216393363, 68549987, 232222394, 1476246, 151179556, 23831083, 67522189, 37046337, 30331306, 30809804, 180069300, 109853152, 142626223, 133024700, 213505916, 145828056, 36192707, 210076901, 18631466, 52777234, 8271894, 17663428, 4536358, 92171121, 6760031, 173755756, 223934049, 94143455, 27219484, 171485328]
[239554898, 105465088, 218365829, 203396497, 217698719, 109346344, 97770307, 148322777, 40290812, 53317582, 37400546, 22010658, 175723653, 165222218, 73768585, 222361649, 122267290, 183229434, 110253602, 236404051, 84153860, 126893068, 26600584, 13761399, 219667882, 217646206, 241830177, 9876773, 529557, 31049115, 177676138, 69558821, 243714980, 122743854, 104370347, 60772675, 122493426, 211212441, 84340898, 171023574, 191988092, 6004240, 141975672, 182382331, 60169248, 48856296, 212556591, 125285908, 98653799, 112007566, 217452140, 5555922, 45744348, 73503130, 161775644, 220445681, 117347905, 167087389, 192827476, 30322964, 129797693, 162069456, 20098438, 175458121, 154340491, 200438724, 50980885, 218284050, 35865695, 35960691, 173099041, 248672976, 217120534, 97773753, 5693530, 103311836, 7361823, 87771202, 105809505, 22382340, 39666005, 110445834, 30069573, 167718405, 148353367, 35952887, 18398126, 131689514, 87282603, 71592258, 19510767, 36981584, 169901166, 6993812, 97074571, 245927872, 37113438, 55892894, 8993408, 114807978, 27366176, 182949173, 209035432, 126514949]
[239554898, 105465088, 218365829, 203396497, 217698719, 109346344, 97770307, 148322777, 40290812, 53317582, 37400546, 22010658, 175723653, 165222218, 73768585, 222361649, 122267290, 183229434, 110253602, 236404051, 84153860, 126893068, 26600584, 13761399, 219667882, 217646206, 241830177, 9876773, 529557, 31049115, 177676138, 69558821, 243714980, 122743854, 104370347, 60772675, 122493426, 211212441, 84340898, 171023574, 191988092, 6004240, 141975672, 182382331, 60169248, 48856296, 212556591, 125285908, 98653799, 112007566, 217452140, 5555922, 45744348, 73503130, 161775644, 220445681, 117347905, 167087389, 192827476, 136018156, 131109619, 167837843, 182240958, 8391516, 229586495, 213735879, 97850511, 183893057, 194165031, 214936839, 224240891, 154115694, 138837282, 248682662, 216393363, 68549987, 232222394, 1476246, 151179556, 23831083, 67522189, 37046337, 30331306, 30809804, 25267365, 236085028, 54752257, 31154509, 170373936, 115589660, 230184458, 119012113, 71118401, 215362869, 237947311, 101248218, 152389165, 226880477, 74889673, 236823585, 17551354, 57844218, 166692769, 105561642]
[239554898, 105465088, 218365829, 203396497, 217698719, 109346344, 97770307, 148322777, 40290812, 53317582, 37400546, 22010658, 175723653, 165222218, 73768585, 222361649, 122267290, 183229434, 110253602, 236404051, 84153860, 126893068, 26600584, 13761399, 219667882, 217646206, 241830177, 9876773, 529557, 31049115, 177676138, 69558821, 243714980, 122743854, 104370347, 60772675, 122493426, 211212441, 84340898, 171023574, 191988092, 6004240, 141975672, 182382331, 60169248, 48856296, 212556591, 125285908, 98653799, 112007566, 217452140, 5555922, 45744348, 73503130, 161775644, 220445681, 117347905, 167087389, 192827476, 136018156, 131109619, 167837843, 182240958, 8391516, 229586495, 213735879, 97850511, 183893057, 194165031, 214936839, 224240891, 154115694, 138837282, 248682662, 216393363, 68549987, 232222394, 1476246, 151179556, 23831083, 67522189, 37046337, 30331306, 30809804, 180069300, 109853152, 142626223, 133024700, 117964535, 146059510, 57098611, 91433257, 27596929, 238513360, 108481286, 209948443, 107668528, 243418406, 88386531, 143725135, 215227638, 164121241, 215839356, 12972480]
[239554898, 105465088, 218365829, 203396497, 217698719, 109346344, 97770307, 148322777, 40290812, 53317582, 37400546, 22010658, 175723653, 165222218, 73768585, 222361649, 122267290, 183229434, 110253602, 236404051, 84153860, 126893068, 26600584, 13761399, 219667882, 217646206, 241830177, 9876773, 529557, 31049115, 177676138, 69558821, 243714980, 122743854, 104370347, 60772675, 122493426, 211212441, 84340898, 171023574, 191988092, 6004240, 141975672, 182382331, 60169248, 48856296, 212556591, 125285908, 98653799, 112007566, 217452140, 5555922, 45744348, 73503130, 161775644, 220445681, 117347905, 167087389, 192827476, 136018156, 131109619, 167837843, 182240958, 8391516, 229586495, 213735879, 97850511, 183893057, 194165031, 214936839, 224240891, 154115694, 138837282, 248682662, 216393363, 68549987, 232222394, 1476246, 151179556, 23831083, 186875312, 15363865, 148894419, 175412006, 162336783, 220767862, 257334, 2980324, 159935775, 57531261, 2110292, 132842143, 175445337, 201022537, 235968690, 132348050, 57709436, 99097020, 57255372, 94318276, 95645093, 145557130, 166172998, 306450]
[239554898, 105465088, 218365829, 203396497, 217698719, 109346344, 97770307, 148322777, 40290812, 53317582, 37400546, 22010658, 175723653, 165222218, 73768585, 222361649, 122267290, 183229434, 110253602, 236404051, 84153860, 126893068, 26600584, 13761399, 219667882, 217646206, 241830177, 9876773, 529557, 31049115, 177676138, 69558821, 243714980, 122743854, 104370347, 60772675, 122493426, 211212441, 84340898, 171023574, 191988092, 6004240, 141975672, 182382331, 60169248, 48856296, 212556591, 125285908, 98653799, 112007566, 217452140, 5555922, 45744348, 73503130, 161775644, 220445681, 117347905, 167087389, 192827476, 136018156, 131109619, 167837843, 182240958, 8391516, 229586495, 213735879, 97850511, 183893057, 194165031, 214936839, 224240891, 154115694, 138837282, 248682662, 216393363, 68549987, 232222394, 1476246, 151179556, 23831083, 67522189, 37046337, 30331306, 30809804, 180069300, 32947905, 92433975, 10504298, 97570684, 135634069, 114736754, 147457113, 214821645, 75775793, 182573625, 1764363, 137827166, 173177104, 150704780, 81738871, 97331398, 217854214, 79977221, 48469741]
[239554898, 105465088, 218365829, 203396497, 217698719, 109346344, 97770307, 148322777, 40290812, 53317582, 37400546, 22010658, 175723653, 165222218, 73768585, 222361649, 122267290, 183229434, 110253602, 236404051, 84153860, 126893068, 26600584, 13761399, 219667882, 217646206, 241830177, 9876773, 529557, 31049115, 177676138, 69558821, 243714980, 122743854, 104370347, 60772675, 122493426, 211212441, 84340898, 171023574, 191988092, 6004240, 141975672, 182382331, 60169248, 48856296, 212556591, 125285908, 98653799, 112007566, 217452140, 5555922, 45744348, 73503130, 161775644, 220445681, 117347905, 167087389, 192827476, 136018156, 131109619, 167837843, 182240958, 8391516, 229586495, 213735879, 97850511, 183893057, 194165031, 214936839, 224240891, 154115694, 138837282, 248682662, 216393363, 68549987, 232222394, 1476246, 151179556, 23831083, 67522189, 37046337, 30331306, 30809804, 25267365, 33628761, 120843493, 60323715, 141937992, 214517939, 159351707, 225092483, 171806910, 228378040, 237812772, 201916728, 165088190, 120809138, 213070510, 89359926, 144064697, 152427696, 90718538, 124592543]
[239554898, 105465088, 218365829, 203396497, 217698719, 109346344, 97770307, 148322777, 40290812, 53317582, 37400546, 22010658, 175723653, 165222218, 73768585, 222361649, 122267290, 183229434, 110253602, 236404051, 84153860, 126893068, 26600584, 13761399, 219667882, 217646206, 241830177, 9876773, 529557, 31049115, 177676138, 69558821, 243714980, 122743854, 104370347, 60772675, 122493426, 211212441, 84340898, 171023574, 191988092, 6004240, 141975672, 182382331, 60169248, 48856296, 212556591, 125285908, 98653799, 112007566, 217452140, 5555922, 45744348, 73503130, 161775644, 220445681, 117347905, 167087389, 192827476, 136018156, 131109619, 167837843, 182240958, 8391516, 229586495, 213735879, 97850511, 183893057, 194165031, 214936839, 224240891, 154115694, 138837282, 248682662, 216393363, 68549987, 232222394, 1476246, 151179556, 23831083, 67522189, 37046337, 30331306, 30809804, 180069300, 109853152, 142626223, 133024700, 117964535, 146059510, 57098611, 73333121, 129034375, 230521454, 40947847, 93560935, 99378537, 123875191, 84610236, 62593319, 2738268, 241411681, 197402000, 240396571]
[239554898, 105465088, 218365829, 203396497, 217698719, 109346344, 97770307, 148322777, 40290812, 53317582, 37400546, 22010658, 175723653, 165222218, 73768585, 222361649, 122267290, 183229434, 110253602, 236404051, 84153860, 126893068, 26600584, 13761399, 219667882, 217646206, 241830177, 9876773, 529557, 31049115, 177676138, 69558821, 243714980, 122743854, 104370347, 60772675, 122493426, 211212441, 84340898, 171023574, 191988092, 6004240, 141975672, 182382331, 60169248, 48856296, 212556591, 125285908, 98653799, 112007566, 217452140, 5555922, 45744348, 73503130, 161775644, 220445681, 117347905, 167087389, 192827476, 136018156, 131109619, 167837843, 182240958, 8391516, 229586495, 213735879, 97850511, 183893057, 194165031, 214936839, 224240891, 154115694, 138837282, 248682662, 216393363, 68549987, 232222394, 1476246, 151179556, 23831083, 186875312, 15363865, 148894419, 235170124, 151625514, 85970942, 197269257, 56981299, 125621014, 73203161, 14762083, 123527406, 189868651, 238999946, 128491558, 49062058, 181149222, 4814286, 70349429, 17899699, 109362641, 248964318, 132524714, 105298973]
[239554898, 105465088, 218365829, 203396497, 217698719, 109346344, 97770307, 148322777, 40290812, 53317582, 37400546, 22010658, 175723653, 165222218, 73768585, 222361649, 122267290, 183229434, 110253602, 236404051, 84153860, 126893068, 26600584, 13761399, 219667882, 217646206, 241830177, 9876773, 529557, 31049115, 177676138, 69558821, 243714980, 122743854, 104370347, 60772675, 122493426, 211212441, 84340898, 171023574, 191988092, 6004240, 141975672, 182382331, 60169248, 48856296, 212556591, 125285908, 98653799, 112007566, 217452140, 5555922, 45744348, 73503130, 161775644, 220445681, 117347905, 167087389, 192827476, 30322964, 129797693, 162069456, 20098438, 175458121, 154340491, 200438724, 50980885, 218284050, 35865695, 35960691, 173099041, 248672976, 217120534, 97773753, 5693530, 103311836, 7361823, 87771202, 105809505, 22382340, 39666005, 110445834, 30069573, 167718405, 148353367, 35952887, 18398126, 131689514, 87282603, 71592258, 19510767, 36981584, 169901166, 6993812, 97074571, 245927872, 37113438, 55892894, 64155205, 146301572, 188650861, 60395009, 87493582, 127280622]
[239554898, 105465088, 218365829, 203396497, 217698719, 109346344, 97770307, 148322777, 40290812, 53317582, 37400546, 22010658, 175723653, 165222218, 73768585, 222361649, 122267290, 183229434, 110253602, 236404051, 84153860, 126893068, 26600584, 13761399, 219667882, 217646206, 241830177, 9876773, 529557, 31049115, 177676138, 69558821, 243714980, 122743854, 104370347, 60772675, 122493426, 211212441, 84340898, 171023574, 191988092, 6004240, 141975672, 182382331, 60169248, 48856296, 212556591, 125285908, 98653799, 112007566, 217452140, 5555922, 45744348, 73503130, 161775644, 220445681, 117347905, 167087389, 192827476, 136018156, 131109619, 167837843, 182240958, 8391516, 229586495, 213735879, 97850511, 183893057, 194165031, 214936839, 224240891, 154115694, 138837282, 248682662, 216393363, 68549987, 232222394, 1476246, 151179556, 23831083, 67522189, 37046337, 30331306, 30809804, 25267365, 33628761, 120843493, 60323715, 161552165, 221715995, 217892344, 19173152, 10149374, 172341237, 24087936, 86330242, 135916816, 12408827, 231853818, 175767485, 50179962, 76622998, 204535537, 105169072]
[239554898, 105465088, 218365829, 203396497, 217698719, 109346344, 97770307, 148322777, 40290812, 53317582, 37400546, 22010658, 175723653, 165222218, 73768585, 222361649, 122267290, 183229434, 110253602, 236404051, 84153860, 126893068, 26600584, 13761399, 219667882, 217646206, 241830177, 9876773, 529557, 31049115, 177676138, 69558821, 243714980, 122743854, 104370347, 60772675, 122493426, 211212441, 84340898, 171023574, 191988092, 6004240, 141975672, 182382331, 60169248, 48856296, 212556591, 125285908, 98653799, 112007566, 217452140, 5555922, 45744348, 73503130, 161775644, 220445681, 117347905, 167087389, 192827476, 136018156, 131109619, 167837843, 182240958, 8391516, 229586495, 213735879, 97850511, 183893057, 194165031, 214936839, 224240891, 154115694, 138837282, 248682662, 216393363, 68549987, 232222394, 1476246, 151179556, 186122913, 60417403, 105641232, 103260047, 84908356, 81305338, 160418988, 65263081, 194339786, 204506009, 248186273, 173008625, 182670290, 29112124, 180697443, 196876595, 198617797, 217337664, 200490864, 151435112, 75147227, 222281628, 147457727, 40505141, 156128551]
[239554898, 105465088, 218365829, 203396497, 217698719, 109346344, 97770307, 148322777, 40290812, 53317582, 37400546, 22010658, 175723653, 165222218, 73768585, 222361649, 122267290, 183229434, 110253602, 236404051, 84153860, 126893068, 26600584, 13761399, 219667882, 217646206, 241830177, 9876773, 529557, 31049115, 177676138, 69558821, 243714980, 122743854, 104370347, 60772675, 122493426, 211212441, 84340898, 171023574, 191988092, 6004240, 141975672, 182382331, 60169248, 48856296, 212556591, 125285908, 98653799, 112007566, 217452140, 5555922, 45744348, 73503130, 161775644, 220445681, 117347905, 167087389, 192827476, 136018156, 131109619, 167837843, 182240958, 8391516, 229586495, 213735879, 97850511, 183893057, 194165031, 214936839, 224240891, 154115694, 138837282, 248682662, 216393363, 68549987, 232222394, 1476246, 151179556, 23831083, 67522189, 37046337, 30331306, 30809804, 25267365, 33628761, 120843493, 60323715, 141937992, 214517939, 159351707, 225092483, 171806910, 228378040, 237812772, 201916728, 165088190, 172482161, 180536710, 78251912, 180330709, 51061067, 211541878, 69175717]
[239554898, 105465088, 218365829, 203396497, 217698719, 109346344, 97770307, 148322777, 40290812, 53317582, 37400546, 22010658, 175723653, 165222218, 73768585, 222361649, 122267290, 183229434, 110253602, 236404051, 84153860, 126893068, 26600584, 13761399, 219667882, 217646206, 241830177, 9876773, 529557, 31049115, 177676138, 69558821, 243714980, 122743854, 104370347, 60772675, 122493426, 211212441, 84340898, 171023574, 191988092, 6004240, 141975672, 182382331, 60169248, 48856296, 212556591, 125285908, 98653799, 112007566, 217452140, 5555922, 45744348, 73503130, 161775644, 220445681, 117347905, 167087389, 192827476, 136018156, 131109619, 167837843, 182240958, 8391516, 229586495, 213735879, 97850511, 183893057, 194165031, 214936839, 224240891, 154115694, 138837282, 248682662, 216393363, 68549987, 232222394, 1476246, 151179556, 23831083, 67522189, 37046337, 30331306, 30809804, 25267365, 33628761, 120843493, 60323715, 161552165, 45948928, 156724531, 180735508, 5908663, 114031681, 141076187, 224981968, 91303488, 200060074, 234208343, 176467440, 54625724, 221165825, 148659635, 167510860]
[239554898, 105465088, 218365829, 203396497, 217698719, 109346344, 97770307, 148322777, 40290812, 53317582, 37400546, 22010658, 175723653, 165222218, 73768585, 222361649, 122267290, 183229434, 110253602, 236404051, 84153860, 126893068, 26600584, 13761399, 219667882, 217646206, 241830177, 9876773, 529557, 31049115, 177676138, 69558821, 243714980, 122743854, 104370347, 60772675, 122493426, 211212441, 84340898, 171023574, 191988092, 6004240, 141975672, 182382331, 60169248, 48856296, 212556591, 125285908, 98653799, 112007566, 217452140, 5555922, 45744348, 73503130, 161775644, 220445681, 117347905, 167087389, 192827476, 136018156, 131109619, 167837843, 182240958, 8391516, 229586495, 213735879, 97850511, 183893057, 194165031, 214936839, 224240891, 154115694, 138837282, 248682662, 216393363, 68549987, 232222394, 1476246, 151179556, 23831083, 67522189, 37046337, 30331306, 30809804, 180069300, 109853152, 142626223, 133024700, 213505916, 145828056, 36192707, 210076901, 18631466, 215945163, 194354097, 118288656, 188694160, 185752404, 68221932, 111971146, 137991681, 86400261, 174638898, 16196872]
[239554898, 105465088, 218365829, 203396497, 217698719, 109346344, 97770307, 148322777, 40290812, 53317582, 37400546, 22010658, 175723653, 165222218, 73768585, 222361649, 122267290, 183229434, 110253602, 236404051, 84153860, 126893068, 26600584, 13761399, 219667882, 217646206, 241830177, 9876773, 529557, 31049115, 177676138, 69558821, 243714980, 122743854, 104370347, 60772675, 122493426, 211212441, 84340898, 171023574, 191988092, 6004240, 141975672, 182382331, 60169248, 48856296, 212556591, 125285908, 98653799, 112007566, 217452140, 5555922, 45744348, 73503130, 161775644, 220445681, 117347905, 167087389, 192827476, 136018156, 131109619, 167837843, 182240958, 8391516, 229586495, 213735879, 97850511, 183893057, 194165031, 214936839, 224240891, 154115694, 138837282, 248682662, 216393363, 68549987, 232222394, 1476246, 151179556, 23831083, 186875312, 15363865, 148894419, 175412006, 162336783, 220767862, 257334, 2980324, 159935775, 57531261, 2110292, 132842143, 63114250, 213032620, 38717631, 248261742, 48707030, 155790887, 203784361, 54230230, 12878930, 142418243, 245609491, 154891269]
[239554898, 105465088, 218365829, 203396497, 217698719, 109346344, 97770307, 148322777, 40290812, 53317582, 37400546, 22010658, 175723653, 165222218, 73768585, 222361649, 122267290, 183229434, 110253602, 236404051, 84153860, 126893068, 26600584, 13761399, 219667882, 217646206, 241830177, 9876773, 529557, 31049115, 177676138, 69558821, 243714980, 122743854, 104370347, 60772675, 122493426, 211212441, 84340898, 171023574, 191988092, 6004240, 141975672, 182382331, 60169248, 48856296, 212556591, 125285908, 98653799, 112007566, 217452140, 5555922, 45744348, 73503130, 161775644, 220445681, 117347905, 167087389, 192827476, 136018156, 131109619, 167837843, 182240958, 8391516, 229586495, 213735879, 97850511, 183893057, 194165031, 214936839, 224240891, 154115694, 138837282, 248682662, 216393363, 68549987, 232222394, 1476246, 151179556, 23831083, 67522189, 37046337, 30331306, 30809804, 180069300, 109853152, 142626223, 133024700, 117964535, 146059510, 57098611, 73333121, 129034375, 230521454, 40947847, 93560935, 99378537, 123875191, 84610236, 62593319, 2738268, 14430998, 55045569, 205194636]
[239554898, 105465088, 218365829, 203396497, 217698719, 109346344, 97770307, 148322777, 40290812, 53317582, 37400546, 22010658, 175723653, 165222218, 73768585, 222361649, 122267290, 183229434, 110253602, 236404051, 84153860, 126893068, 26600584, 13761399, 219667882, 217646206, 241830177, 9876773, 529557, 31049115, 177676138, 69558821, 243714980, 122743854, 104370347, 60772675, 122493426, 211212441, 84340898, 171023574, 191988092, 6004240, 141975672, 182382331, 60169248, 48856296, 212556591, 125285908, 98653799, 112007566, 217452140, 5555922, 45744348, 73503130, 161775644, 220445681, 117347905, 167087389, 192827476, 136018156, 131109619, 167837843, 182240958, 8391516, 229586495, 213735879, 97850511, 183893057, 194165031, 214936839, 224240891, 154115694, 138837282, 248682662, 216393363, 68549987, 232222394, 1476246, 151179556, 23831083, 67522189, 37046337, 30331306, 30809804, 180069300, 109853152, 142626223, 133024700, 117964535, 146059510, 57098611, 91433257, 38568678, 195314443, 163790292, 127761125, 45214676, 214072597, 85358987, 236004411, 142936507, 197474540, 143441502, 161441511]
[239554898, 105465088, 218365829, 203396497, 217698719, 109346344, 97770307, 148322777, 40290812, 53317582, 37400546, 22010658, 175723653, 165222218, 73768585, 222361649, 122267290, 183229434, 110253602, 236404051, 84153860, 126893068, 26600584, 13761399, 219667882, 217646206, 241830177, 9876773, 529557, 31049115, 177676138, 69558821, 243714980, 122743854, 104370347, 60772675, 122493426, 211212441, 84340898, 171023574, 191988092, 6004240, 141975672, 182382331, 60169248, 48856296, 212556591, 125285908, 98653799, 112007566, 217452140, 5555922, 45744348, 73503130, 161775644, 220445681, 117347905, 167087389, 192827476, 136018156, 131109619, 167837843, 182240958, 8391516, 229586495, 213735879, 97850511, 183893057, 194165031, 214936839, 224240891, 154115694, 138837282, 248682662, 216393363, 68549987, 232222394, 1476246, 151179556, 186122913, 60417403, 105641232, 103260047, 84908356, 81305338, 160418988, 65263081, 194339786, 204506009, 248186273, 173008625, 182670290, 29112124, 180697443, 196876595, 198617797, 217337664, 200490864, 151435112, 16881958, 30003413, 166545881, 131053206, 113885204]
[239554898, 105465088, 218365829, 203396497, 217698719, 109346344, 97770307, 148322777, 40290812, 53317582, 37400546, 22010658, 175723653, 165222218, 73768585, 222361649, 122267290, 183229434, 110253602, 236404051, 84153860, 126893068, 26600584, 13761399, 219667882, 217646206, 241830177, 9876773, 529557, 31049115, 177676138, 69558821, 243714980, 122743854, 104370347, 60772675, 122493426, 211212441, 84340898, 171023574, 191988092, 6004240, 141975672, 182382331, 60169248, 48856296, 212556591, 125285908, 98653799, 112007566, 217452140, 5555922, 45744348, 73503130, 161775644, 220445681, 117347905, 167087389, 192827476, 136018156, 131109619, 167837843, 182240958, 8391516, 229586495, 213735879, 97850511, 183893057, 194165031, 214936839, 224240891, 154115694, 138837282, 248682662, 216393363, 68549987, 232222394, 1476246, 151179556, 23831083, 67522189, 37046337, 30331306, 30809804, 180069300, 109853152, 142626223, 133024700, 213505916, 145828056, 36192707, 210076901, 18631466, 215945163, 194354097, 146649287, 3758129, 237707380, 28284948, 193679035, 92618366, 84998177, 60187290, 78863320]
[239554898, 105465088, 218365829, 203396497, 217698719, 109346344, 97770307, 148322777, 40290812, 53317582, 37400546, 22010658, 175723653, 165222218, 73768585, 222361649, 122267290, 183229434, 110253602, 236404051, 84153860, 126893068, 26600584, 13761399, 219667882, 217646206, 241830177, 9876773, 529557, 31049115, 177676138, 69558821, 243714980, 122743854, 104370347, 60772675, 122493426, 211212441, 84340898, 171023574, 191988092, 6004240, 141975672, 182382331, 60169248, 48856296, 212556591, 125285908, 98653799, 112007566, 217452140, 5555922, 45744348, 73503130, 161775644, 220445681, 117347905, 167087389, 192827476, 136018156, 131109619, 167837843, 182240958, 8391516, 229586495, 213735879, 97850511, 183893057, 194165031, 214936839, 224240891, 154115694, 138837282, 248682662, 216393363, 68549987, 232222394, 1476246, 151179556, 186122913, 60417403, 105641232, 103260047, 84908356, 81305338, 160418988, 65263081, 194339786, 204506009, 248186273, 173008625, 182670290, 29112124, 180697443, 196876595, 198617797, 217337664, 200490864, 151435112, 75147227, 222281628, 147457727, 40505141, 240609850]
[239554898, 105465088, 218365829, 203396497, 217698719, 109346344, 97770307, 148322777, 40290812, 53317582, 37400546, 22010658, 175723653, 165222218, 73768585, 222361649, 122267290, 183229434, 110253602, 236404051, 84153860, 126893068, 26600584, 13761399, 219667882, 217646206, 241830177, 9876773, 529557, 31049115, 177676138, 69558821, 243714980, 122743854, 104370347, 60772675, 122493426, 211212441, 84340898, 171023574, 191988092, 6004240, 141975672, 182382331, 60169248, 48856296, 212556591, 125285908, 98653799, 112007566, 217452140, 5555922, 45744348, 73503130, 161775644, 220445681, 117347905, 167087389, 192827476, 30322964, 129797693, 162069456, 20098438, 175458121, 154340491, 200438724, 50980885, 218284050, 35865695, 35960691, 173099041, 248672976, 217120534, 97773753, 5693530, 103311836, 7361823, 87771202, 105809505, 22382340, 39666005, 110445834, 30069573, 167718405, 148353367, 35952887, 18398126, 131689514, 87282603, 71592258, 19510767, 36981584, 169901166, 6993812, 97074571, 245927872, 37113438, 55892894, 64155205, 146301572, 230524718, 238510494, 49254899, 222005103]
[239554898, 105465088, 218365829, 203396497, 217698719, 109346344, 97770307, 148322777, 40290812, 53317582, 37400546, 22010658, 175723653, 165222218, 73768585, 222361649, 122267290, 183229434, 110253602, 236404051, 84153860, 126893068, 26600584, 13761399, 219667882, 217646206, 241830177, 9876773, 529557, 31049115, 177676138, 69558821, 243714980, 122743854, 104370347, 60772675, 122493426, 211212441, 84340898, 171023574, 191988092, 6004240, 141975672, 182382331, 60169248, 48856296, 212556591, 125285908, 98653799, 112007566, 217452140, 5555922, 45744348, 73503130, 161775644, 220445681, 117347905, 167087389, 192827476, 136018156, 131109619, 167837843, 182240958, 8391516, 229586495, 213735879, 97850511, 183893057, 194165031, 214936839, 224240891, 154115694, 138837282, 248682662, 216393363, 68549987, 232222394, 1476246, 151179556, 23831083, 67522189, 37046337, 30331306, 30809804, 180069300, 109853152, 142626223, 133024700, 117964535, 146059510, 57098611, 91433257, 38568678, 195314443, 163790292, 132089438, 135535892, 188196428, 230332710, 139406056, 169058221, 61524776, 245674579, 62147204]
[239554898, 105465088, 218365829, 203396497, 217698719, 109346344, 97770307, 148322777, 40290812, 53317582, 37400546, 22010658, 175723653, 165222218, 73768585, 222361649, 122267290, 183229434, 110253602, 236404051, 84153860, 126893068, 26600584, 13761399, 219667882, 217646206, 241830177, 9876773, 529557, 31049115, 177676138, 69558821, 243714980, 122743854, 104370347, 60772675, 122493426, 211212441, 84340898, 171023574, 191988092, 6004240, 141975672, 182382331, 60169248, 48856296, 212556591, 125285908, 98653799, 112007566, 217452140, 5555922, 45744348, 73503130, 161775644, 220445681, 117347905, 167087389, 192827476, 136018156, 131109619, 167837843, 182240958, 8391516, 229586495, 213735879, 97850511, 183893057, 194165031, 214936839, 224240891, 154115694, 138837282, 248682662, 216393363, 68549987, 232222394, 1476246, 151179556, 23831083, 67522189, 37046337, 30331306, 30809804, 180069300, 109853152, 142626223, 133024700, 213505916, 123561113, 138092197, 82592552, 175310019, 103121523, 23245329, 29484858, 144073463, 104990896, 201160449, 150056184, 82203034, 164687435, 71884037, 227930338]
[239554898, 105465088, 218365829, 203396497, 217698719, 109346344, 97770307, 148322777, 40290812, 53317582, 37400546, 22010658, 175723653, 165222218, 73768585, 222361649, 122267290, 183229434, 110253602, 236404051, 84153860, 126893068, 26600584, 13761399, 219667882, 217646206, 241830177, 9876773, 529557, 31049115, 177676138, 69558821, 243714980, 122743854, 104370347, 60772675, 122493426, 211212441, 84340898, 171023574, 191988092, 6004240, 141975672, 182382331, 60169248, 48856296, 212556591, 125285908, 98653799, 112007566, 217452140, 5555922, 45744348, 73503130, 161775644, 220445681, 117347905, 167087389, 192827476, 136018156, 131109619, 167837843, 182240958, 8391516, 229586495, 213735879, 97850511, 183893057, 194165031, 214936839, 224240891, 154115694, 138837282, 248682662, 216393363, 68549987, 232222394, 1476246, 151179556, 23831083, 67522189, 37046337, 30331306, 30809804, 180069300, 109853152, 142626223, 133024700, 117964535, 146059510, 57098611, 91433257, 27596929, 238513360, 108481286, 209948443, 107668528, 15828164, 71616764, 224751194, 208029407, 234112235, 214025311, 218600021]
[239554898, 105465088, 218365829, 203396497, 217698719, 109346344, 97770307, 148322777, 40290812, 53317582, 37400546, 22010658, 175723653, 165222218, 73768585, 222361649, 122267290, 183229434, 110253602, 236404051, 84153860, 126893068, 26600584, 13761399, 219667882, 217646206, 241830177, 9876773, 529557, 31049115, 177676138, 69558821, 243714980, 122743854, 104370347, 60772675, 122493426, 211212441, 84340898, 171023574, 191988092, 6004240, 141975672, 182382331, 60169248, 48856296, 212556591, 125285908, 98653799, 112007566, 217452140, 5555922, 45744348, 73503130, 161775644, 220445681, 117347905, 167087389, 192827476, 30322964, 129797693, 162069456, 20098438, 175458121, 154340491, 200438724, 50980885, 218284050, 35865695, 35960691, 173099041, 248672976, 217120534, 97773753, 5693530, 103311836, 7361823, 87771202, 105809505, 22382340, 39666005, 202644599, 8269985, 227419249, 183354607, 194933427, 13040324, 200577707, 182868465, 214988932, 217080839, 134840078, 122769596, 246142629, 68179485, 171653099, 397352, 133878064, 127272763, 209264059, 200638571, 82573626, 123611849, 71118655]
[239554898, 105465088, 218365829, 203396497, 217698719, 109346344, 97770307, 148322777, 40290812, 53317582, 37400546, 22010658, 175723653, 165222218, 73768585, 222361649, 122267290, 183229434, 110253602, 236404051, 84153860, 126893068, 26600584, 13761399, 219667882, 217646206, 241830177, 9876773, 529557, 31049115, 177676138, 69558821, 243714980, 122743854, 104370347, 60772675, 122493426, 211212441, 84340898, 171023574, 191988092, 6004240, 141975672, 182382331, 60169248, 48856296, 212556591, 125285908, 98653799, 112007566, 217452140, 5555922, 45744348, 73503130, 161775644, 220445681, 117347905, 167087389, 192827476, 136018156, 131109619, 167837843, 182240958, 8391516, 229586495, 213735879, 97850511, 183893057, 194165031, 214936839, 224240891, 154115694, 138837282, 248682662, 216393363, 68549987, 232222394, 1476246, 151179556, 23831083, 67522189, 37046337, 30331306, 30809804, 180069300, 109853152, 142626223, 133024700, 213505916, 145828056, 36192707, 210076901, 18631466, 215945163, 194354097, 118288656, 112073061, 202801511, 6119983, 206112763, 156454513, 97450909, 69581841, 83596389]
[239554898, 105465088, 218365829, 203396497, 217698719, 109346344, 97770307, 148322777, 40290812, 53317582, 37400546, 22010658, 175723653, 165222218, 73768585, 222361649, 122267290, 183229434, 110253602, 236404051, 84153860, 126893068, 26600584, 13761399, 219667882, 217646206, 241830177, 9876773, 529557, 31049115, 177676138, 69558821, 243714980, 122743854, 104370347, 60772675, 122493426, 211212441, 84340898, 171023574, 191988092, 6004240, 141975672, 182382331, 60169248, 48856296, 212556591, 125285908, 98653799, 112007566, 217452140, 5555922, 45744348, 73503130, 161775644, 220445681, 117347905, 167087389, 192827476, 136018156, 131109619, 167837843, 182240958, 8391516, 229586495, 213735879, 97850511, 183893057, 194165031, 214936839, 224240891, 154115694, 138837282, 248682662, 216393363, 68549987, 232222394, 1476246, 151179556, 186122913, 60417403, 105641232, 103260047, 84908356, 81305338, 160418988, 65263081, 194339786, 204506009, 248186273, 173008625, 182670290, 29112124, 180697443, 196876595, 198617797, 217337664, 200490864, 151435112, 75147227, 222281628, 147457727, 147315179, 223566480]
[239554898, 105465088, 218365829, 203396497, 217698719, 109346344, 97770307, 148322777, 40290812, 53317582, 37400546, 22010658, 175723653, 165222218, 73768585, 222361649, 122267290, 183229434, 110253602, 236404051, 84153860, 126893068, 26600584, 13761399, 219667882, 217646206, 241830177, 9876773, 529557, 31049115, 177676138, 69558821, 243714980, 122743854, 104370347, 60772675, 122493426, 211212441, 84340898, 171023574, 191988092, 6004240, 141975672, 182382331, 60169248, 48856296, 212556591, 125285908, 98653799, 112007566, 217452140, 5555922, 45744348, 73503130, 161775644, 220445681, 117347905, 167087389, 192827476, 136018156, 131109619, 167837843, 182240958, 8391516, 229586495, 213735879, 97850511, 183893057, 194165031, 214936839, 224240891, 154115694, 138837282, 248682662, 216393363, 68549987, 232222394, 1476246, 151179556, 23831083, 186875312, 15363865, 148894419, 175412006, 168126738, 83924598, 52617114, 228894594, 209367575, 170450776, 39142411, 83496250, 10781404, 229056616, 36842840, 242977381, 2378202, 169840748, 4745758, 7608045, 239845527, 64550968, 27754522, 40195204]
[239554898, 105465088, 218365829, 203396497, 217698719, 109346344, 97770307, 148322777, 40290812, 53317582, 37400546, 22010658, 175723653, 165222218, 73768585, 222361649, 122267290, 183229434, 110253602, 236404051, 84153860, 126893068, 26600584, 13761399, 219667882, 217646206, 241830177, 9876773, 529557, 31049115, 177676138, 69558821, 243714980, 122743854, 104370347, 60772675, 122493426, 211212441, 84340898, 171023574, 191988092, 6004240, 141975672, 182382331, 60169248, 48856296, 212556591, 125285908, 98653799, 112007566, 217452140, 5555922, 45744348, 73503130, 161775644, 220445681, 117347905, 167087389, 192827476, 136018156, 131109619, 167837843, 182240958, 8391516, 229586495, 213735879, 97850511, 183893057, 194165031, 214936839, 224240891, 154115694, 138837282, 248682662, 216393363, 68549987, 232222394, 1476246, 151179556, 23831083, 67522189, 37046337, 30331306, 30809804, 25267365, 33628761, 120843493, 60323715, 141937992, 214517939, 159351707, 225092483, 171806910, 228378040, 237812772, 201916728, 165088190, 120809138, 213070510, 89359926, 175922600, 60520486, 12869043, 246464926]
[239554898, 105465088, 218365829, 203396497, 217698719, 109346344, 97770307, 148322777, 40290812, 53317582, 37400546, 22010658, 175723653, 165222218, 73768585, 222361649, 122267290, 183229434, 110253602, 236404051, 84153860, 126893068, 26600584, 13761399, 219667882, 217646206, 241830177, 9876773, 529557, 31049115, 177676138, 69558821, 243714980, 122743854, 104370347, 60772675, 122493426, 211212441, 84340898, 171023574, 191988092, 6004240, 141975672, 182382331, 60169248, 48856296, 212556591, 125285908, 98653799, 112007566, 217452140, 5555922, 45744348, 73503130, 161775644, 220445681, 117347905, 167087389, 192827476, 136018156, 131109619, 167837843, 182240958, 8391516, 229586495, 213735879, 97850511, 183893057, 194165031, 214936839, 224240891, 154115694, 138837282, 248682662, 216393363, 68549987, 232222394, 1476246, 151179556, 23831083, 67522189, 37046337, 30331306, 30809804, 180069300, 109853152, 142626223, 133024700, 213505916, 145828056, 36192707, 210076901, 18631466, 52777234, 8271894, 104723084, 171119738, 54278901, 212843278, 211592638, 189366371, 111889555, 247765774, 164067217]
[239554898, 105465088, 218365829, 203396497, 217698719, 109346344, 97770307, 148322777, 40290812, 53317582, 37400546, 22010658, 175723653, 165222218, 73768585, 222361649, 122267290, 183229434, 110253602, 236404051, 84153860, 126893068, 26600584, 13761399, 219667882, 217646206, 241830177, 9876773, 529557, 31049115, 177676138, 69558821, 243714980, 122743854, 104370347, 60772675, 122493426, 211212441, 84340898, 171023574, 191988092, 6004240, 141975672, 182382331, 60169248, 48856296, 212556591, 125285908, 98653799, 112007566, 217452140, 5555922, 45744348, 73503130, 161775644, 220445681, 117347905, 167087389, 192827476, 136018156, 131109619, 167837843, 182240958, 8391516, 229586495, 213735879, 97850511, 183893057, 194165031, 214936839, 224240891, 154115694, 138837282, 248682662, 216393363, 68549987, 232222394, 1476246, 151179556, 23831083, 67522189, 37046337, 30331306, 30809804, 180069300, 109853152, 142626223, 133024700, 117964535, 146059510, 57098611, 73333121, 165472275, 247574085, 38256730, 108458298, 17314258, 63296127, 167988758, 70250725, 190061948, 196560982, 235676241, 230728927]
[239554898, 105465088, 218365829, 203396497, 217698719, 109346344, 97770307, 148322777, 40290812, 53317582, 37400546, 22010658, 175723653, 165222218, 73768585, 222361649, 122267290, 183229434, 110253602, 236404051, 84153860, 126893068, 26600584, 13761399, 219667882, 217646206, 241830177, 9876773, 529557, 31049115, 177676138, 69558821, 243714980, 122743854, 104370347, 60772675, 122493426, 211212441, 84340898, 171023574, 191988092, 6004240, 141975672, 182382331, 60169248, 48856296, 212556591, 125285908, 98653799, 112007566, 217452140, 5555922, 45744348, 73503130, 161775644, 220445681, 117347905, 167087389, 192827476, 136018156, 131109619, 167837843, 182240958, 8391516, 229586495, 213735879, 97850511, 183893057, 194165031, 214936839, 224240891, 154115694, 138837282, 248682662, 216393363, 68549987, 232222394, 1476246, 151179556, 23831083, 67522189, 37046337, 30331306, 30809804, 180069300, 109853152, 142626223, 133024700, 213505916, 145828056, 36192707, 210076901, 18631466, 66249244, 106394530, 98937705, 22280856, 163202874, 204524707, 189094519, 66556174, 141843085, 215636366, 33192079]
[239554898, 105465088, 218365829, 203396497, 217698719, 109346344, 97770307, 148322777, 40290812, 53317582, 37400546, 22010658, 175723653, 165222218, 73768585, 222361649, 122267290, 183229434, 110253602, 236404051, 84153860, 126893068, 26600584, 13761399, 219667882, 217646206, 241830177, 9876773, 529557, 31049115, 177676138, 69558821, 243714980, 122743854, 104370347, 60772675, 122493426, 211212441, 84340898, 171023574, 191988092, 6004240, 141975672, 182382331, 60169248, 48856296, 212556591, 125285908, 98653799, 112007566, 217452140, 5555922, 45744348, 73503130, 161775644, 220445681, 117347905, 167087389, 192827476, 136018156, 131109619, 167837843, 182240958, 8391516, 229586495, 213735879, 97850511, 183893057, 194165031, 214936839, 224240891, 154115694, 138837282, 248682662, 216393363, 68549987, 232222394, 1476246, 151179556, 23831083, 67522189, 37046337, 30331306, 30809804, 25267365, 33628761, 120843493, 60323715, 141937992, 214517939, 159351707, 225092483, 171806910, 14044454, 242868175, 51611021, 239226496, 57600032, 197916919, 200763436, 240839092, 67894519, 123342345, 158435823]
[239554898, 105465088, 218365829, 203396497, 217698719, 109346344, 97770307, 148322777, 40290812, 53317582, 37400546, 22010658, 175723653, 165222218, 73768585, 222361649, 122267290, 183229434, 110253602, 236404051, 84153860, 126893068, 26600584, 13761399, 219667882, 217646206, 241830177, 9876773, 529557, 31049115, 177676138, 69558821, 243714980, 122743854, 104370347, 60772675, 122493426, 211212441, 84340898, 171023574, 191988092, 6004240, 141975672, 182382331, 60169248, 48856296, 212556591, 125285908, 98653799, 112007566, 217452140, 5555922, 45744348, 73503130, 161775644, 220445681, 117347905, 167087389, 192827476, 136018156, 131109619, 167837843, 182240958, 8391516, 229586495, 213735879, 97850511, 183893057, 194165031, 214936839, 224240891, 154115694, 138837282, 248682662, 216393363, 68549987, 232222394, 1476246, 151179556, 23831083, 67522189, 37046337, 30331306, 30809804, 180069300, 109853152, 142626223, 133024700, 117964535, 146059510, 57098611, 73333121, 165472275, 247574085, 38256730, 108458298, 17314258, 63296127, 167988758, 162288853, 246130133, 122067943, 54092522, 42926099]
[239554898, 105465088, 218365829, 203396497, 217698719, 109346344, 97770307, 148322777, 40290812, 53317582, 37400546, 22010658, 175723653, 165222218, 73768585, 222361649, 122267290, 183229434, 110253602, 236404051, 84153860, 126893068, 26600584, 13761399, 219667882, 217646206, 241830177, 9876773, 529557, 31049115, 177676138, 69558821, 243714980, 122743854, 104370347, 60772675, 122493426, 211212441, 84340898, 171023574, 191988092, 6004240, 141975672, 182382331, 60169248, 48856296, 212556591, 125285908, 98653799, 112007566, 217452140, 5555922, 45744348, 73503130, 161775644, 220445681, 117347905, 167087389, 192827476, 30322964, 129797693, 162069456, 20098438, 175458121, 154340491, 200438724, 50980885, 218284050, 35865695, 35960691, 173099041, 248672976, 217120534, 97773753, 5693530, 103311836, 7361823, 87771202, 105809505, 22382340, 39666005, 202644599, 8269985, 227419249, 183354607, 194933427, 13040324, 200577707, 182868465, 214988932, 217080839, 134840078, 122769596, 246142629, 68179485, 171653099, 110778708, 80714657, 39567580, 21126624, 191955173, 143103297, 13240921, 168956953]
[239554898, 105465088, 218365829, 203396497, 217698719, 109346344, 97770307, 148322777, 40290812, 53317582, 37400546, 22010658, 175723653, 165222218, 73768585, 222361649, 122267290, 183229434, 110253602, 236404051, 84153860, 126893068, 26600584, 13761399, 219667882, 217646206, 241830177, 9876773, 529557, 31049115, 177676138, 69558821, 243714980, 122743854, 104370347, 60772675, 122493426, 211212441, 84340898, 171023574, 191988092, 6004240, 141975672, 182382331, 60169248, 48856296, 212556591, 125285908, 98653799, 112007566, 217452140, 5555922, 45744348, 73503130, 161775644, 220445681, 117347905, 167087389, 192827476, 136018156, 131109619, 167837843, 182240958, 8391516, 229586495, 213735879, 97850511, 183893057, 194165031, 214936839, 224240891, 154115694, 138837282, 248682662, 216393363, 68549987, 232222394, 1476246, 151179556, 23831083, 67522189, 37046337, 30331306, 30809804, 25267365, 33628761, 120843493, 60323715, 141937992, 214517939, 159351707, 225092483, 171806910, 14044454, 242868175, 51611021, 103323002, 82673646, 128261622, 71717810, 115286069, 44242052, 154711270, 83195305]
[239554898, 105465088, 218365829, 203396497, 217698719, 109346344, 97770307, 148322777, 40290812, 53317582, 37400546, 22010658, 175723653, 165222218, 73768585, 222361649, 122267290, 183229434, 110253602, 236404051, 84153860, 126893068, 26600584, 13761399, 219667882, 217646206, 241830177, 9876773, 529557, 31049115, 177676138, 69558821, 243714980, 122743854, 104370347, 60772675, 122493426, 211212441, 84340898, 171023574, 191988092, 6004240, 141975672, 182382331, 60169248, 48856296, 212556591, 125285908, 98653799, 112007566, 217452140, 5555922, 45744348, 73503130, 161775644, 220445681, 117347905, 167087389, 192827476, 136018156, 131109619, 167837843, 182240958, 8391516, 229586495, 213735879, 97850511, 183893057, 194165031, 214936839, 224240891, 154115694, 138837282, 248682662, 216393363, 68549987, 232222394, 1476246, 151179556, 23831083, 67522189, 37046337, 30331306, 30809804, 180069300, 109853152, 142626223, 133024700, 117964535, 146059510, 57098611, 73333121, 129034375, 230521454, 40947847, 93560935, 99378537, 123875191, 84610236, 62593319, 2738268, 14430998, 34493496, 145937607]
[239554898, 105465088, 218365829, 203396497, 217698719, 109346344, 97770307, 148322777, 40290812, 53317582, 37400546, 22010658, 175723653, 165222218, 73768585, 222361649, 122267290, 183229434, 110253602, 236404051, 84153860, 126893068, 26600584, 13761399, 219667882, 217646206, 241830177, 9876773, 529557, 31049115, 177676138, 69558821, 243714980, 122743854, 104370347, 60772675, 122493426, 211212441, 84340898, 171023574, 191988092, 6004240, 141975672, 182382331, 60169248, 48856296, 212556591, 125285908, 98653799, 112007566, 217452140, 5555922, 45744348, 73503130, 161775644, 220445681, 117347905, 167087389, 192827476, 136018156, 131109619, 167837843, 182240958, 8391516, 229586495, 213735879, 97850511, 183893057, 194165031, 214936839, 224240891, 154115694, 138837282, 248682662, 216393363, 68549987, 232222394, 1476246, 151179556, 23831083, 67522189, 37046337, 30331306, 30809804, 180069300, 109853152, 142626223, 133024700, 213505916, 145828056, 36192707, 210076901, 18631466, 52777234, 8271894, 104723084, 171119738, 54278901, 212843278, 211592638, 189366371, 111889555, 236494611, 58750499]
[239554898, 105465088, 218365829, 203396497, 217698719, 109346344, 97770307, 148322777, 40290812, 53317582, 37400546, 22010658, 175723653, 165222218, 73768585, 222361649, 122267290, 183229434, 110253602, 236404051, 84153860, 126893068, 26600584, 13761399, 219667882, 217646206, 241830177, 9876773, 529557, 31049115, 177676138, 69558821, 243714980, 122743854, 104370347, 60772675, 122493426, 211212441, 84340898, 171023574, 191988092, 6004240, 141975672, 182382331, 60169248, 48856296, 212556591, 125285908, 98653799, 112007566, 217452140, 5555922, 45744348, 73503130, 161775644, 220445681, 117347905, 167087389, 192827476, 136018156, 131109619, 167837843, 182240958, 8391516, 229586495, 213735879, 97850511, 183893057, 194165031, 214936839, 224240891, 154115694, 138837282, 248682662, 216393363, 68549987, 232222394, 1476246, 151179556, 23831083, 67522189, 37046337, 30331306, 30809804, 180069300, 109853152, 142626223, 133024700, 117964535, 146059510, 57098611, 91433257, 38568678, 195314443, 163790292, 127761125, 45214676, 214072597, 85358987, 236004411, 142936507, 197474540, 97371135, 177605274]
[239554898, 105465088, 218365829, 203396497, 217698719, 109346344, 97770307, 148322777, 40290812, 53317582, 37400546, 22010658, 175723653, 165222218, 73768585, 222361649, 122267290, 183229434, 110253602, 236404051, 84153860, 126893068, 26600584, 13761399, 219667882, 217646206, 241830177, 9876773, 529557, 31049115, 177676138, 69558821, 243714980, 122743854, 104370347, 60772675, 122493426, 211212441, 84340898, 171023574, 191988092, 6004240, 141975672, 182382331, 60169248, 48856296, 212556591, 125285908, 98653799, 112007566, 217452140, 5555922, 45744348, 73503130, 161775644, 220445681, 117347905, 167087389, 192827476, 136018156, 131109619, 167837843, 182240958, 8391516, 229586495, 213735879, 97850511, 183893057, 194165031, 214936839, 224240891, 154115694, 138837282, 248682662, 216393363, 68549987, 232222394, 1476246, 151179556, 23831083, 67522189, 37046337, 30331306, 30809804, 180069300, 109853152, 142626223, 133024700, 213505916, 123561113, 138092197, 82592552, 175310019, 103121523, 23245329, 29484858, 144073463, 104990896, 201160449, 150056184, 82203034, 75208154, 122795044, 115101605]
[239554898, 105465088, 218365829, 203396497, 217698719, 109346344, 97770307, 148322777, 40290812, 53317582, 37400546, 22010658, 175723653, 165222218, 73768585, 222361649, 122267290, 183229434, 110253602, 236404051, 84153860, 126893068, 26600584, 13761399, 219667882, 217646206, 241830177, 9876773, 529557, 31049115, 177676138, 69558821, 243714980, 122743854, 104370347, 60772675, 122493426, 211212441, 84340898, 171023574, 191988092, 6004240, 141975672, 182382331, 60169248, 48856296, 212556591, 125285908, 98653799, 112007566, 217452140, 5555922, 45744348, 73503130, 161775644, 220445681, 117347905, 167087389, 192827476, 136018156, 131109619, 167837843, 182240958, 8391516, 229586495, 213735879, 97850511, 183893057, 194165031, 214936839, 224240891, 154115694, 138837282, 248682662, 216393363, 68549987, 232222394, 1476246, 151179556, 23831083, 186875312, 15363865, 148894419, 175412006, 162336783, 220767862, 257334, 2980324, 159935775, 57531261, 2110292, 132842143, 175445337, 3218014, 59524486, 195873983, 134969456, 23498438, 132350848, 43234262, 242332553, 224983976, 132647475, 86373902]
[239554898, 105465088, 218365829, 203396497, 217698719, 109346344, 97770307, 148322777, 40290812, 53317582, 37400546, 22010658, 175723653, 165222218, 73768585, 222361649, 122267290, 183229434, 110253602, 236404051, 84153860, 126893068, 26600584, 13761399, 219667882, 217646206, 241830177, 9876773, 529557, 31049115, 177676138, 69558821, 243714980, 122743854, 104370347, 60772675, 122493426, 211212441, 84340898, 171023574, 191988092, 6004240, 141975672, 182382331, 60169248, 48856296, 212556591, 125285908, 98653799, 112007566, 217452140, 5555922, 45744348, 73503130, 161775644, 220445681, 117347905, 167087389, 192827476, 136018156, 131109619, 167837843, 182240958, 8391516, 229586495, 213735879, 97850511, 183893057, 194165031, 214936839, 224240891, 154115694, 138837282, 248682662, 216393363, 68549987, 232222394, 1476246, 151179556, 23831083, 67522189, 37046337, 30331306, 30809804, 180069300, 109853152, 142626223, 133024700, 213505916, 145828056, 36192707, 210076901, 18631466, 66249244, 106394530, 98937705, 62076670, 149131071, 129795181, 86924942, 210493986, 214965886, 195598597, 89034145]
[239554898, 105465088, 218365829, 203396497, 217698719, 109346344, 97770307, 148322777, 40290812, 53317582, 37400546, 22010658, 175723653, 165222218, 73768585, 222361649, 122267290, 183229434, 110253602, 236404051, 84153860, 126893068, 26600584, 13761399, 219667882, 217646206, 241830177, 9876773, 529557, 31049115, 177676138, 69558821, 243714980, 122743854, 104370347, 60772675, 122493426, 211212441, 84340898, 171023574, 191988092, 6004240, 141975672, 182382331, 60169248, 48856296, 212556591, 125285908, 98653799, 112007566, 217452140, 5555922, 45744348, 73503130, 161775644, 220445681, 117347905, 167087389, 192827476, 136018156, 131109619, 167837843, 182240958, 8391516, 229586495, 213735879, 97850511, 183893057, 194165031, 214936839, 224240891, 154115694, 138837282, 248682662, 216393363, 68549987, 232222394, 1476246, 151179556, 23831083, 67522189, 37046337, 30331306, 30809804, 180069300, 109853152, 142626223, 133024700, 213505916, 123561113, 138092197, 82592552, 175310019, 103121523, 23245329, 29484858, 144073463, 104990896, 201160449, 150056184, 82203034, 164687435, 13657531, 206176477]
[239554898, 105465088, 218365829, 203396497, 217698719, 109346344, 97770307, 148322777, 40290812, 53317582, 37400546, 22010658, 175723653, 165222218, 73768585, 222361649, 122267290, 183229434, 110253602, 236404051, 84153860, 126893068, 26600584, 13761399, 219667882, 217646206, 241830177, 9876773, 529557, 31049115, 177676138, 69558821, 243714980, 122743854, 104370347, 60772675, 122493426, 211212441, 84340898, 171023574, 191988092, 6004240, 141975672, 182382331, 60169248, 48856296, 212556591, 125285908, 98653799, 112007566, 217452140, 5555922, 45744348, 73503130, 161775644, 220445681, 117347905, 167087389, 192827476, 136018156, 131109619, 167837843, 182240958, 8391516, 229586495, 213735879, 97850511, 183893057, 194165031, 214936839, 224240891, 154115694, 138837282, 248682662, 216393363, 68549987, 232222394, 1476246, 151179556, 23831083, 67522189, 37046337, 30331306, 30809804, 180069300, 109853152, 142626223, 133024700, 117964535, 146059510, 67770928, 76232463, 91833605, 16700928, 59136554, 139914429, 81923906, 197917029, 155429114, 196127638, 222476953, 73757225, 166231827, 232637911]
[239554898, 105465088, 218365829, 203396497, 217698719, 109346344, 97770307, 148322777, 40290812, 53317582, 37400546, 22010658, 175723653, 165222218, 73768585, 222361649, 122267290, 183229434, 110253602, 236404051, 84153860, 126893068, 26600584, 13761399, 219667882, 217646206, 241830177, 9876773, 529557, 31049115, 177676138, 69558821, 243714980, 122743854, 104370347, 60772675, 122493426, 211212441, 84340898, 171023574, 191988092, 6004240, 141975672, 182382331, 60169248, 48856296, 212556591, 125285908, 98653799, 112007566, 217452140, 5555922, 45744348, 73503130, 161775644, 220445681, 117347905, 167087389, 192827476, 30322964, 129797693, 162069456, 20098438, 175458121, 154340491, 200438724, 50980885, 218284050, 41182885, 54506857, 78043547, 1605079, 36994883, 167476512, 84602607, 136635004, 82774592, 181994661, 94214124, 242953261, 177936239, 115570111, 26692013, 2990388, 120026433, 26376298, 118170346, 33166470, 202562618, 46228497, 77391020, 36586039, 72004815, 5868703, 17944968, 237299864, 79713110, 246736336, 128999162, 238933128, 9038248, 140566190, 4782806, 52853980]
[239554898, 105465088, 218365829, 203396497, 217698719, 109346344, 97770307, 148322777, 40290812, 53317582, 37400546, 22010658, 175723653, 165222218, 73768585, 222361649, 122267290, 183229434, 110253602, 236404051, 84153860, 126893068, 26600584, 13761399, 219667882, 217646206, 241830177, 9876773, 529557, 31049115, 177676138, 69558821, 243714980, 122743854, 104370347, 60772675, 122493426, 211212441, 84340898, 171023574, 191988092, 6004240, 141975672, 182382331, 60169248, 48856296, 212556591, 125285908, 98653799, 112007566, 217452140, 5555922, 45744348, 73503130, 161775644, 220445681, 117347905, 167087389, 192827476, 136018156, 131109619, 167837843, 182240958, 8391516, 229586495, 213735879, 97850511, 183893057, 194165031, 214936839, 224240891, 154115694, 138837282, 248682662, 216393363, 68549987, 232222394, 1476246, 151179556, 23831083, 186875312, 15363865, 148894419, 175412006, 162336783, 220767862, 257334, 2980324, 159935775, 57531261, 2110292, 132842143, 180764072, 146670478, 29426298, 138117769, 124771713, 173506613, 27461156, 124150144, 163131638, 56817785, 135792667, 40209334]
[239554898, 105465088, 218365829, 203396497, 217698719, 109346344, 97770307, 148322777, 40290812, 53317582, 37400546, 22010658, 175723653, 165222218, 73768585, 222361649, 122267290, 183229434, 110253602, 236404051, 84153860, 126893068, 26600584, 13761399, 219667882, 217646206, 241830177, 9876773, 529557, 31049115, 177676138, 69558821, 243714980, 122743854, 104370347, 60772675, 122493426, 211212441, 84340898, 171023574, 191988092, 6004240, 141975672, 182382331, 60169248, 48856296, 212556591, 125285908, 98653799, 112007566, 217452140, 5555922, 45744348, 73503130, 161775644, 220445681, 117347905, 167087389, 192827476, 136018156, 131109619, 167837843, 182240958, 8391516, 229586495, 213735879, 97850511, 183893057, 194165031, 214936839, 224240891, 154115694, 138837282, 248682662, 216393363, 68549987, 232222394, 1476246, 151179556, 23831083, 67522189, 37046337, 30331306, 30809804, 180069300, 32947905, 92433975, 10504298, 97570684, 135634069, 114736754, 44605410, 48138700, 146004529, 33870450, 153772956, 85229674, 57394436, 179051773, 198425508, 236452420, 220995418, 163501968, 118491909]
[239554898, 105465088, 218365829, 203396497, 217698719, 109346344, 97770307, 148322777, 40290812, 53317582, 37400546, 22010658, 175723653, 165222218, 73768585, 222361649, 122267290, 183229434, 110253602, 236404051, 84153860, 126893068, 26600584, 13761399, 219667882, 217646206, 241830177, 9876773, 529557, 31049115, 177676138, 69558821, 243714980, 122743854, 104370347, 60772675, 122493426, 211212441, 84340898, 171023574, 191988092, 6004240, 141975672, 182382331, 60169248, 48856296, 212556591, 125285908, 98653799, 112007566, 217452140, 5555922, 45744348, 73503130, 161775644, 220445681, 117347905, 167087389, 192827476, 30322964, 129797693, 162069456, 20098438, 175458121, 154340491, 200438724, 50980885, 218284050, 35865695, 35960691, 173099041, 248672976, 217120534, 97773753, 5693530, 103311836, 7361823, 87771202, 105809505, 22382340, 39666005, 202644599, 8269985, 227419249, 183354607, 194933427, 13040324, 200577707, 182868465, 214988932, 217080839, 134840078, 12674506, 208612539, 152239975, 244199873, 206400485, 137621848, 225354296, 136087503, 102550019, 152790531, 122626927, 99926640]
[239554898, 105465088, 218365829, 203396497, 217698719, 109346344, 97770307, 148322777, 40290812, 53317582, 37400546, 22010658, 175723653, 165222218, 73768585, 222361649, 122267290, 183229434, 110253602, 236404051, 84153860, 126893068, 26600584, 13761399, 219667882, 217646206, 241830177, 9876773, 529557, 31049115, 177676138, 69558821, 243714980, 122743854, 104370347, 60772675, 122493426, 211212441, 84340898, 171023574, 191988092, 6004240, 141975672, 182382331, 60169248, 48856296, 212556591, 125285908, 98653799, 112007566, 217452140, 5555922, 45744348, 73503130, 161775644, 220445681, 117347905, 167087389, 192827476, 136018156, 131109619, 167837843, 182240958, 8391516, 229586495, 213735879, 97850511, 183893057, 194165031, 214936839, 224240891, 154115694, 138837282, 248682662, 216393363, 68549987, 232222394, 1476246, 151179556, 23831083, 67522189, 37046337, 30331306, 30809804, 180069300, 32947905, 92433975, 10504298, 97570684, 135634069, 114736754, 44605410, 48138700, 146004529, 33870450, 153772956, 85229674, 57394436, 179051773, 198425508, 41715358, 4641008, 244248790, 188218287]
[239554898, 105465088, 218365829, 203396497, 217698719, 109346344, 97770307, 148322777, 40290812, 53317582, 37400546, 22010658, 175723653, 165222218, 73768585, 222361649, 122267290, 183229434, 110253602, 236404051, 84153860, 126893068, 26600584, 13761399, 219667882, 217646206, 241830177, 9876773, 529557, 31049115, 177676138, 69558821, 243714980, 122743854, 104370347, 60772675, 122493426, 211212441, 84340898, 171023574, 191988092, 6004240, 141975672, 182382331, 60169248, 48856296, 212556591, 125285908, 98653799, 112007566, 217452140, 5555922, 45744348, 73503130, 161775644, 220445681, 117347905, 167087389, 192827476, 136018156, 131109619, 167837843, 182240958, 8391516, 229586495, 213735879, 97850511, 183893057, 194165031, 214936839, 224240891, 154115694, 138837282, 248682662, 216393363, 68549987, 232222394, 1476246, 151179556, 23831083, 67522189, 37046337, 30331306, 30809804, 180069300, 109853152, 142626223, 133024700, 213505916, 145828056, 36192707, 210076901, 18631466, 215945163, 194354097, 118288656, 112073061, 202801511, 204383395, 3296298, 163435793, 3713284, 222485103, 245278719]
[239554898, 105465088, 218365829, 203396497, 217698719, 109346344, 97770307, 148322777, 40290812, 53317582, 37400546, 22010658, 175723653, 165222218, 73768585, 222361649, 122267290, 183229434, 110253602, 236404051, 84153860, 126893068, 26600584, 13761399, 219667882, 217646206, 241830177, 9876773, 529557, 31049115, 177676138, 69558821, 243714980, 122743854, 104370347, 60772675, 122493426, 211212441, 84340898, 171023574, 191988092, 6004240, 141975672, 182382331, 60169248, 48856296, 212556591, 125285908, 98653799, 112007566, 217452140, 5555922, 45744348, 73503130, 161775644, 220445681, 117347905, 167087389, 192827476, 136018156, 131109619, 167837843, 182240958, 8391516, 229586495, 213735879, 97850511, 183893057, 194165031, 214936839, 224240891, 154115694, 138837282, 248682662, 216393363, 68549987, 232222394, 1476246, 151179556, 23831083, 67522189, 37046337, 30331306, 30809804, 25267365, 33628761, 120843493, 60323715, 161552165, 45948928, 156724531, 189656957, 96043887, 210101002, 72206643, 198507616, 71170187, 176629760, 202485127, 34984140, 117923073, 228983757, 98825603, 102753803]
[239554898, 105465088, 218365829, 203396497, 217698719, 109346344, 97770307, 148322777, 40290812, 53317582, 37400546, 22010658, 175723653, 165222218, 73768585, 222361649, 122267290, 183229434, 110253602, 236404051, 84153860, 126893068, 26600584, 13761399, 219667882, 217646206, 241830177, 9876773, 529557, 31049115, 177676138, 69558821, 243714980, 122743854, 104370347, 60772675, 122493426, 211212441, 84340898, 171023574, 191988092, 6004240, 141975672, 182382331, 60169248, 48856296, 212556591, 125285908, 98653799, 112007566, 217452140, 5555922, 45744348, 73503130, 161775644, 220445681, 117347905, 167087389, 192827476, 136018156, 131109619, 167837843, 182240958, 8391516, 229586495, 213735879, 97850511, 183893057, 194165031, 214936839, 224240891, 154115694, 138837282, 248682662, 216393363, 68549987, 232222394, 1476246, 151179556, 186122913, 60417403, 105641232, 103260047, 84908356, 81305338, 160418988, 65263081, 194339786, 204506009, 248186273, 173008625, 182670290, 29112124, 7406428, 28666481, 106002348, 138960132, 98355143, 143418397, 199073573, 28353430, 21083247, 154162550, 26244322]
[239554898, 105465088, 218365829, 203396497, 217698719, 109346344, 97770307, 148322777, 40290812, 53317582, 37400546, 22010658, 175723653, 165222218, 73768585, 222361649, 122267290, 183229434, 110253602, 236404051, 84153860, 126893068, 26600584, 13761399, 219667882, 217646206, 241830177, 9876773, 529557, 31049115, 177676138, 69558821, 243714980, 122743854, 104370347, 60772675, 122493426, 211212441, 84340898, 171023574, 191988092, 6004240, 141975672, 182382331, 60169248, 48856296, 212556591, 125285908, 98653799, 112007566, 217452140, 5555922, 45744348, 73503130, 161775644, 220445681, 117347905, 167087389, 192827476, 136018156, 131109619, 167837843, 182240958, 8391516, 229586495, 213735879, 97850511, 183893057, 194165031, 214936839, 224240891, 154115694, 138837282, 248682662, 216393363, 68549987, 232222394, 1476246, 151179556, 23831083, 67522189, 37046337, 30331306, 30809804, 180069300, 109853152, 142626223, 133024700, 213505916, 145828056, 36192707, 210076901, 18631466, 215945163, 194354097, 146649287, 3758129, 237707380, 28284948, 193679035, 92618366, 182056804, 212573720, 40545853]
[239554898, 105465088, 218365829, 203396497, 217698719, 109346344, 97770307, 148322777, 40290812, 53317582, 37400546, 22010658, 175723653, 165222218, 73768585, 222361649, 122267290, 183229434, 110253602, 236404051, 84153860, 126893068, 26600584, 13761399, 219667882, 217646206, 241830177, 9876773, 529557, 31049115, 177676138, 69558821, 243714980, 122743854, 104370347, 60772675, 122493426, 211212441, 84340898, 171023574, 191988092, 6004240, 141975672, 182382331, 60169248, 48856296, 212556591, 125285908, 98653799, 112007566, 217452140, 5555922, 45744348, 73503130, 161775644, 220445681, 117347905, 167087389, 192827476, 136018156, 131109619, 167837843, 182240958, 8391516, 229586495, 213735879, 97850511, 183893057, 194165031, 214936839, 224240891, 154115694, 138837282, 248682662, 216393363, 68549987, 232222394, 1476246, 151179556, 23831083, 186875312, 15363865, 148894419, 235170124, 151625514, 85970942, 197269257, 56981299, 125621014, 73203161, 14762083, 123527406, 189868651, 238999946, 128491558, 49062058, 181149222, 4814286, 70349429, 17899699, 109362641, 69449907, 13119783, 17387361]
[239554898, 105465088, 218365829, 203396497, 217698719, 109346344, 97770307, 148322777, 40290812, 53317582, 37400546, 22010658, 175723653, 165222218, 73768585, 222361649, 122267290, 183229434, 110253602, 236404051, 84153860, 126893068, 26600584, 13761399, 219667882, 217646206, 241830177, 9876773, 529557, 31049115, 177676138, 69558821, 243714980, 122743854, 104370347, 60772675, 122493426, 211212441, 84340898, 171023574, 191988092, 6004240, 141975672, 182382331, 60169248, 48856296, 212556591, 125285908, 98653799, 112007566, 217452140, 5555922, 45744348, 73503130, 161775644, 220445681, 117347905, 167087389, 192827476, 136018156, 131109619, 167837843, 182240958, 8391516, 229586495, 213735879, 97850511, 183893057, 194165031, 214936839, 224240891, 154115694, 138837282, 248682662, 216393363, 68549987, 232222394, 1476246, 151179556, 23831083, 67522189, 37046337, 30331306, 30809804, 25267365, 236085028, 54752257, 31154509, 170373936, 115589660, 230184458, 119012113, 71118401, 215362869, 237947311, 101248218, 152389165, 226880477, 74889673, 121924697, 54521633, 181773978, 113739539, 173590419]
[239554898, 105465088, 218365829, 203396497, 217698719, 109346344, 97770307, 148322777, 40290812, 53317582, 37400546, 22010658, 175723653, 165222218, 73768585, 222361649, 122267290, 183229434, 110253602, 236404051, 84153860, 126893068, 26600584, 13761399, 219667882, 217646206, 241830177, 9876773, 529557, 31049115, 177676138, 69558821, 243714980, 122743854, 104370347, 60772675, 122493426, 211212441, 84340898, 171023574, 191988092, 6004240, 141975672, 182382331, 60169248, 48856296, 212556591, 125285908, 98653799, 112007566, 217452140, 5555922, 45744348, 73503130, 161775644, 220445681, 117347905, 167087389, 192827476, 30322964, 129797693, 162069456, 20098438, 175458121, 154340491, 200438724, 50980885, 218284050, 35865695, 35960691, 173099041, 248672976, 217120534, 97773753, 5693530, 103311836, 7361823, 87771202, 105809505, 22382340, 39666005, 202644599, 8269985, 227419249, 183354607, 194933427, 13040324, 200577707, 182868465, 214988932, 217080839, 134840078, 122769596, 246142629, 68179485, 171653099, 110778708, 80714657, 39567580, 21126624, 191955173, 143103297, 85186423, 38853906]
[239554898, 105465088, 218365829, 203396497, 217698719, 109346344, 97770307, 148322777, 40290812, 53317582, 37400546, 22010658, 175723653, 165222218, 73768585, 222361649, 122267290, 183229434, 110253602, 236404051, 84153860, 126893068, 26600584, 13761399, 219667882, 217646206, 241830177, 9876773, 529557, 31049115, 177676138, 69558821, 243714980, 122743854, 104370347, 60772675, 122493426, 211212441, 84340898, 171023574, 191988092, 6004240, 141975672, 182382331, 60169248, 48856296, 212556591, 125285908, 98653799, 112007566, 217452140, 5555922, 45744348, 73503130, 161775644, 220445681, 117347905, 167087389, 192827476, 136018156, 131109619, 167837843, 182240958, 8391516, 229586495, 213735879, 97850511, 183893057, 194165031, 214936839, 224240891, 154115694, 138837282, 248682662, 216393363, 68549987, 232222394, 1476246, 151179556, 23831083, 67522189, 37046337, 30331306, 30809804, 180069300, 109853152, 142626223, 133024700, 213505916, 145828056, 36192707, 210076901, 18631466, 52777234, 8271894, 17663428, 4536358, 92171121, 6760031, 173755756, 87812423, 25401967, 41968151, 36779361]
[239554898, 105465088, 218365829, 203396497, 217698719, 109346344, 97770307, 148322777, 40290812, 53317582, 37400546, 22010658, 175723653, 165222218, 73768585, 222361649, 122267290, 183229434, 110253602, 236404051, 84153860, 126893068, 26600584, 13761399, 219667882, 217646206, 241830177, 9876773, 529557, 31049115, 177676138, 69558821, 243714980, 122743854, 104370347, 60772675, 122493426, 211212441, 84340898, 171023574, 191988092, 6004240, 141975672, 182382331, 60169248, 48856296, 212556591, 125285908, 98653799, 112007566, 217452140, 5555922, 45744348, 73503130, 161775644, 220445681, 117347905, 167087389, 192827476, 136018156, 131109619, 167837843, 182240958, 8391516, 229586495, 213735879, 97850511, 183893057, 194165031, 214936839, 224240891, 154115694, 138837282, 248682662, 216393363, 68549987, 232222394, 1476246, 151179556, 23831083, 67522189, 37046337, 30331306, 30809804, 25267365, 33628761, 120843493, 60323715, 141937992, 214517939, 159351707, 225092483, 171806910, 180015946, 114838391, 74579433, 107756521, 69291096, 219891302, 191248162, 17405970, 34860835, 43991572, 174308631]
[239554898, 105465088, 218365829, 203396497, 217698719, 109346344, 97770307, 148322777, 40290812, 53317582, 37400546, 22010658, 175723653, 165222218, 73768585, 222361649, 122267290, 183229434, 110253602, 236404051, 84153860, 126893068, 26600584, 13761399, 219667882, 217646206, 241830177, 9876773, 529557, 31049115, 177676138, 69558821, 243714980, 122743854, 104370347, 60772675, 122493426, 211212441, 84340898, 171023574, 191988092, 6004240, 141975672, 182382331, 60169248, 48856296, 212556591, 125285908, 98653799, 112007566, 217452140, 5555922, 45744348, 73503130, 161775644, 220445681, 117347905, 167087389, 192827476, 136018156, 131109619, 167837843, 182240958, 8391516, 229586495, 213735879, 97850511, 183893057, 194165031, 214936839, 224240891, 154115694, 138837282, 248682662, 216393363, 68549987, 232222394, 1476246, 151179556, 23831083, 67522189, 37046337, 30331306, 30809804, 180069300, 32947905, 92433975, 10504298, 97570684, 135634069, 114736754, 147457113, 214821645, 75775793, 182573625, 1764363, 137827166, 173177104, 150704780, 81738871, 97331398, 217854214, 79977221, 103700133]
[239554898, 105465088, 218365829, 203396497, 217698719, 109346344, 97770307, 148322777, 40290812, 53317582, 37400546, 22010658, 175723653, 165222218, 73768585, 222361649, 122267290, 183229434, 110253602, 236404051, 84153860, 126893068, 26600584, 13761399, 219667882, 217646206, 241830177, 9876773, 529557, 31049115, 177676138, 69558821, 243714980, 122743854, 104370347, 60772675, 122493426, 211212441, 84340898, 171023574, 191988092, 6004240, 141975672, 182382331, 60169248, 48856296, 212556591, 125285908, 98653799, 112007566, 217452140, 5555922, 45744348, 73503130, 161775644, 220445681, 117347905, 167087389, 192827476, 136018156, 131109619, 167837843, 182240958, 8391516, 229586495, 213735879, 97850511, 183893057, 194165031, 214936839, 224240891, 154115694, 138837282, 248682662, 216393363, 68549987, 232222394, 1476246, 151179556, 23831083, 67522189, 37046337, 30331306, 30809804, 180069300, 109853152, 142626223, 133024700, 117964535, 146059510, 67770928, 76232463, 91833605, 16700928, 59136554, 139914429, 81923906, 197917029, 155429114, 216481984, 217728792, 224668059, 234251755, 87221093]
[239554898, 105465088, 218365829, 203396497, 217698719, 109346344, 97770307, 148322777, 40290812, 53317582, 37400546, 22010658, 175723653, 165222218, 73768585, 222361649, 122267290, 183229434, 110253602, 236404051, 84153860, 126893068, 26600584, 13761399, 219667882, 217646206, 241830177, 9876773, 529557, 31049115, 177676138, 69558821, 243714980, 122743854, 104370347, 60772675, 122493426, 211212441, 84340898, 171023574, 191988092, 6004240, 141975672, 182382331, 60169248, 48856296, 212556591, 125285908, 98653799, 112007566, 217452140, 5555922, 45744348, 73503130, 161775644, 220445681, 117347905, 167087389, 192827476, 136018156, 131109619, 167837843, 182240958, 8391516, 229586495, 213735879, 97850511, 183893057, 194165031, 214936839, 224240891, 154115694, 138837282, 248682662, 216393363, 68549987, 232222394, 1476246, 151179556, 186122913, 60417403, 105641232, 103260047, 84908356, 81305338, 160418988, 65263081, 194339786, 204506009, 248186273, 173008625, 182670290, 29112124, 7406428, 28666481, 106002348, 138960132, 98355143, 143418397, 199073573, 28353430, 72446384, 86097686, 175275849]
[239554898, 105465088, 218365829, 203396497, 217698719, 109346344, 97770307, 148322777, 40290812, 53317582, 37400546, 22010658, 175723653, 165222218, 73768585, 222361649, 122267290, 183229434, 110253602, 236404051, 84153860, 126893068, 26600584, 13761399, 219667882, 217646206, 241830177, 9876773, 529557, 31049115, 177676138, 69558821, 243714980, 122743854, 104370347, 60772675, 122493426, 211212441, 84340898, 171023574, 191988092, 6004240, 141975672, 182382331, 60169248, 48856296, 212556591, 125285908, 98653799, 112007566, 217452140, 5555922, 45744348, 73503130, 161775644, 220445681, 117347905, 167087389, 192827476, 136018156, 131109619, 167837843, 182240958, 8391516, 229586495, 213735879, 97850511, 183893057, 194165031, 214936839, 224240891, 154115694, 138837282, 248682662, 216393363, 68549987, 232222394, 1476246, 151179556, 23831083, 67522189, 37046337, 30331306, 30809804, 25267365, 33628761, 120843493, 60323715, 161552165, 45948928, 156724531, 189656957, 96043887, 210101002, 72206643, 198507616, 71170187, 176629760, 124530405, 172294663, 222271897, 51872541, 187742060, 223213105]
[239554898, 105465088, 218365829, 203396497, 217698719, 109346344, 97770307, 148322777, 40290812, 53317582, 37400546, 22010658, 175723653, 165222218, 73768585, 222361649, 122267290, 183229434, 110253602, 236404051, 84153860, 126893068, 26600584, 13761399, 219667882, 217646206, 241830177, 9876773, 529557, 31049115, 177676138, 69558821, 243714980, 122743854, 104370347, 60772675, 122493426, 211212441, 84340898, 171023574, 191988092, 6004240, 141975672, 182382331, 60169248, 48856296, 212556591, 125285908, 98653799, 112007566, 217452140, 5555922, 45744348, 73503130, 161775644, 220445681, 117347905, 167087389, 192827476, 136018156, 131109619, 167837843, 182240958, 8391516, 229586495, 213735879, 97850511, 183893057, 194165031, 214936839, 224240891, 154115694, 138837282, 248682662, 216393363, 68549987, 232222394, 1476246, 151179556, 23831083, 67522189, 37046337, 30331306, 30809804, 180069300, 109853152, 142626223, 133024700, 213505916, 145828056, 36192707, 210076901, 18631466, 66249244, 106394530, 98937705, 240443518, 165633968, 212417454, 157256150, 229520027, 43108722, 3488340, 117270491]
[239554898, 105465088, 218365829, 203396497, 217698719, 109346344, 97770307, 148322777, 40290812, 53317582, 37400546, 22010658, 175723653, 165222218, 73768585, 222361649, 122267290, 183229434, 110253602, 236404051, 84153860, 126893068, 26600584, 13761399, 219667882, 217646206, 241830177, 9876773, 529557, 31049115, 177676138, 69558821, 243714980, 122743854, 104370347, 60772675, 122493426, 211212441, 84340898, 171023574, 191988092, 6004240, 141975672, 182382331, 60169248, 48856296, 212556591, 125285908, 98653799, 112007566, 217452140, 5555922, 45744348, 73503130, 161775644, 220445681, 117347905, 167087389, 192827476, 136018156, 131109619, 167837843, 182240958, 8391516, 229586495, 213735879, 97850511, 183893057, 194165031, 214936839, 224240891, 154115694, 138837282, 248682662, 216393363, 68549987, 232222394, 1476246, 151179556, 23831083, 67522189, 37046337, 30331306, 30809804, 25267365, 33628761, 120843493, 60323715, 141937992, 214517939, 159351707, 225092483, 120514877, 124027030, 104876276, 136109757, 173360391, 11716214, 48364755, 238879747, 208239094, 34732462, 246329735, 241875572]
[239554898, 105465088, 218365829, 203396497, 217698719, 109346344, 97770307, 148322777, 40290812, 53317582, 37400546, 22010658, 175723653, 165222218, 73768585, 222361649, 122267290, 183229434, 110253602, 236404051, 84153860, 126893068, 26600584, 13761399, 219667882, 217646206, 241830177, 9876773, 529557, 31049115, 177676138, 69558821, 243714980, 122743854, 104370347, 60772675, 122493426, 211212441, 84340898, 171023574, 191988092, 6004240, 141975672, 182382331, 60169248, 48856296, 212556591, 125285908, 98653799, 112007566, 217452140, 5555922, 45744348, 73503130, 161775644, 220445681, 117347905, 167087389, 192827476, 30322964, 129797693, 162069456, 20098438, 175458121, 154340491, 200438724, 50980885, 218284050, 41182885, 54506857, 78043547, 1605079, 36994883, 167476512, 84602607, 136635004, 82774592, 181994661, 94214124, 242953261, 177936239, 115570111, 26692013, 2990388, 120026433, 26376298, 118170346, 33166470, 202562618, 46228497, 77391020, 36586039, 72004815, 5868703, 17944968, 237299864, 79713110, 246736336, 128999162, 127695463, 144599101, 22486695, 205670855, 205861089]
[239554898, 105465088, 218365829, 203396497, 217698719, 109346344, 97770307, 148322777, 40290812, 53317582, 37400546, 22010658, 175723653, 165222218, 73768585, 222361649, 122267290, 183229434, 110253602, 236404051, 84153860, 126893068, 26600584, 13761399, 219667882, 217646206, 241830177, 9876773, 529557, 31049115, 177676138, 69558821, 243714980, 122743854, 104370347, 60772675, 122493426, 211212441, 84340898, 171023574, 191988092, 6004240, 141975672, 182382331, 60169248, 48856296, 212556591, 125285908, 98653799, 112007566, 217452140, 5555922, 45744348, 73503130, 161775644, 220445681, 117347905, 167087389, 192827476, 136018156, 131109619, 167837843, 182240958, 8391516, 229586495, 213735879, 97850511, 183893057, 194165031, 214936839, 224240891, 154115694, 138837282, 248682662, 216393363, 68549987, 232222394, 1476246, 151179556, 23831083, 67522189, 37046337, 30331306, 30809804, 180069300, 32947905, 92433975, 10504298, 97570684, 135634069, 114736754, 44605410, 48138700, 146004529, 33870450, 153772956, 85229674, 57394436, 179051773, 198425508, 236452420, 220995418, 163501968, 103016717]
[239554898, 105465088, 218365829, 203396497, 217698719, 109346344, 97770307, 148322777, 40290812, 53317582, 37400546, 22010658, 175723653, 165222218, 73768585, 222361649, 122267290, 183229434, 110253602, 236404051, 84153860, 126893068, 26600584, 13761399, 219667882, 217646206, 241830177, 9876773, 529557, 31049115, 177676138, 69558821, 243714980, 122743854, 104370347, 60772675, 122493426, 211212441, 84340898, 171023574, 191988092, 6004240, 141975672, 182382331, 60169248, 48856296, 212556591, 125285908, 98653799, 112007566, 217452140, 5555922, 45744348, 73503130, 161775644, 220445681, 117347905, 167087389, 192827476, 136018156, 131109619, 167837843, 182240958, 8391516, 229586495, 213735879, 97850511, 183893057, 194165031, 214936839, 224240891, 154115694, 138837282, 248682662, 216393363, 68549987, 232222394, 1476246, 151179556, 23831083, 67522189, 37046337, 30331306, 30809804, 180069300, 109853152, 142626223, 133024700, 117964535, 146059510, 57098611, 91433257, 27596929, 238513360, 108481286, 209948443, 107668528, 15828164, 71616764, 224751194, 208029407, 234112235, 214025311, 75187699]
[239554898, 105465088, 218365829, 203396497, 217698719, 109346344, 97770307, 148322777, 40290812, 53317582, 37400546, 22010658, 175723653, 165222218, 73768585, 222361649, 122267290, 183229434, 110253602, 236404051, 84153860, 126893068, 26600584, 13761399, 219667882, 217646206, 241830177, 9876773, 529557, 31049115, 177676138, 69558821, 243714980, 122743854, 104370347, 60772675, 122493426, 211212441, 84340898, 171023574, 191988092, 6004240, 141975672, 182382331, 60169248, 48856296, 212556591, 125285908, 98653799, 112007566, 217452140, 5555922, 45744348, 73503130, 161775644, 220445681, 117347905, 167087389, 192827476, 136018156, 131109619, 167837843, 182240958, 8391516, 229586495, 213735879, 97850511, 183893057, 194165031, 214936839, 224240891, 154115694, 138837282, 248682662, 216393363, 68549987, 232222394, 1476246, 151179556, 23831083, 67522189, 37046337, 30331306, 30809804, 25267365, 33628761, 120843493, 60323715, 141937992, 214517939, 159351707, 225092483, 171806910, 186160347, 87037788, 105909858, 135293949, 170144175, 55036851, 110524894, 66328498, 70197015, 241511878, 142394241]
[239554898, 105465088, 218365829, 203396497, 217698719, 109346344, 97770307, 148322777, 40290812, 53317582, 37400546, 22010658, 175723653, 165222218, 73768585, 222361649, 122267290, 183229434, 110253602, 236404051, 84153860, 126893068, 26600584, 13761399, 219667882, 217646206, 241830177, 9876773, 529557, 31049115, 177676138, 69558821, 243714980, 122743854, 104370347, 60772675, 122493426, 211212441, 84340898, 171023574, 191988092, 6004240, 141975672, 182382331, 60169248, 48856296, 212556591, 125285908, 98653799, 112007566, 217452140, 5555922, 45744348, 73503130, 161775644, 220445681, 117347905, 167087389, 192827476, 136018156, 131109619, 167837843, 182240958, 8391516, 229586495, 213735879, 97850511, 183893057, 194165031, 214936839, 224240891, 154115694, 138837282, 248682662, 216393363, 68549987, 232222394, 1476246, 151179556, 23831083, 67522189, 37046337, 143879866, 123729297, 235762465, 220063132, 92098001, 139677268, 100353505, 130245573, 160206283, 134489364, 140612711, 49354014, 223252961, 71560665, 128536351, 187425481, 127820885, 49206390, 163524568, 180386481, 163223374, 109971161]
[239554898, 105465088, 218365829, 203396497, 217698719, 109346344, 97770307, 148322777, 40290812, 53317582, 37400546, 22010658, 175723653, 165222218, 73768585, 222361649, 122267290, 183229434, 110253602, 236404051, 84153860, 126893068, 26600584, 13761399, 219667882, 217646206, 241830177, 9876773, 529557, 31049115, 177676138, 69558821, 243714980, 122743854, 104370347, 60772675, 122493426, 211212441, 84340898, 171023574, 191988092, 6004240, 141975672, 182382331, 60169248, 48856296, 212556591, 125285908, 98653799, 112007566, 217452140, 5555922, 45744348, 73503130, 161775644, 220445681, 117347905, 167087389, 192827476, 136018156, 131109619, 167837843, 182240958, 8391516, 229586495, 213735879, 97850511, 183893057, 194165031, 214936839, 224240891, 154115694, 138837282, 248682662, 216393363, 68549987, 232222394, 1476246, 151179556, 23831083, 67522189, 37046337, 30331306, 30809804, 180069300, 109853152, 142626223, 133024700, 117964535, 146059510, 57098611, 91433257, 27596929, 238513360, 108481286, 209948443, 107668528, 50913205, 172430707, 159813373, 212945820, 90709240, 185532130, 199505125]
[239554898, 105465088, 218365829, 203396497, 217698719, 109346344, 97770307, 148322777, 40290812, 53317582, 37400546, 22010658, 175723653, 165222218, 73768585, 222361649, 122267290, 183229434, 110253602, 236404051, 84153860, 126893068, 26600584, 13761399, 219667882, 217646206, 241830177, 9876773, 529557, 31049115, 177676138, 69558821, 243714980, 122743854, 104370347, 60772675, 122493426, 211212441, 84340898, 171023574, 191988092, 6004240, 141975672, 182382331, 60169248, 48856296, 212556591, 125285908, 98653799, 112007566, 217452140, 5555922, 45744348, 73503130, 161775644, 220445681, 117347905, 167087389, 192827476, 30322964, 129797693, 162069456, 20098438, 175458121, 154340491, 200438724, 50980885, 218284050, 35865695, 35960691, 173099041, 248672976, 217120534, 97773753, 5693530, 103311836, 7361823, 87771202, 105809505, 22382340, 39666005, 202644599, 8269985, 227419249, 183354607, 194933427, 13040324, 200577707, 182868465, 214988932, 217080839, 134840078, 122769596, 246142629, 68179485, 171653099, 110778708, 80714657, 39567580, 21126624, 215777669, 46444852, 128867905, 97913714]
[239554898, 105465088, 218365829, 203396497, 217698719, 109346344, 97770307, 148322777, 40290812, 53317582, 37400546, 22010658, 175723653, 165222218, 73768585, 222361649, 122267290, 183229434, 110253602, 236404051, 84153860, 126893068, 26600584, 13761399, 219667882, 217646206, 241830177, 9876773, 529557, 31049115, 177676138, 69558821, 243714980, 122743854, 104370347, 60772675, 122493426, 211212441, 84340898, 171023574, 191988092, 6004240, 141975672, 182382331, 60169248, 48856296, 212556591, 125285908, 98653799, 112007566, 217452140, 5555922, 45744348, 73503130, 161775644, 220445681, 117347905, 167087389, 192827476, 136018156, 131109619, 167837843, 182240958, 8391516, 229586495, 213735879, 97850511, 183893057, 194165031, 214936839, 224240891, 154115694, 138837282, 248682662, 216393363, 68549987, 232222394, 1476246, 151179556, 23831083, 186875312, 15363865, 148894419, 175412006, 162336783, 220767862, 257334, 2980324, 159935775, 57531261, 2110292, 132842143, 175445337, 208157644, 106313498, 58436595, 204201831, 112556371, 168238451, 108766420, 75799659, 103991120, 48919659, 223116444]
[239554898, 105465088, 218365829, 203396497, 217698719, 109346344, 97770307, 148322777, 40290812, 53317582, 37400546, 22010658, 175723653, 165222218, 73768585, 222361649, 122267290, 183229434, 110253602, 236404051, 84153860, 126893068, 26600584, 13761399, 219667882, 217646206, 241830177, 9876773, 529557, 31049115, 177676138, 69558821, 243714980, 122743854, 104370347, 60772675, 122493426, 211212441, 84340898, 171023574, 191988092, 6004240, 141975672, 182382331, 60169248, 48856296, 212556591, 125285908, 98653799, 112007566, 217452140, 5555922, 45744348, 73503130, 161775644, 220445681, 117347905, 167087389, 192827476, 136018156, 131109619, 167837843, 182240958, 8391516, 229586495, 213735879, 97850511, 183893057, 194165031, 214936839, 224240891, 154115694, 138837282, 248682662, 216393363, 68549987, 232222394, 1476246, 151179556, 23831083, 67522189, 37046337, 30331306, 30809804, 180069300, 109853152, 142626223, 133024700, 117964535, 146059510, 67770928, 76232463, 91833605, 163571838, 57833901, 132943840, 243014716, 248411386, 126177860, 240123924, 223941147, 208576429, 228465247, 78942833]
[239554898, 105465088, 218365829, 203396497, 217698719, 109346344, 97770307, 148322777, 40290812, 53317582, 37400546, 22010658, 175723653, 165222218, 73768585, 222361649, 122267290, 183229434, 110253602, 236404051, 84153860, 126893068, 26600584, 13761399, 219667882, 217646206, 241830177, 9876773, 529557, 31049115, 177676138, 69558821, 243714980, 122743854, 104370347, 60772675, 122493426, 211212441, 84340898, 171023574, 191988092, 6004240, 141975672, 182382331, 60169248, 48856296, 212556591, 125285908, 98653799, 112007566, 217452140, 5555922, 45744348, 73503130, 161775644, 220445681, 117347905, 167087389, 192827476, 136018156, 131109619, 167837843, 182240958, 8391516, 229586495, 213735879, 97850511, 183893057, 194165031, 214936839, 224240891, 154115694, 138837282, 248682662, 216393363, 68549987, 232222394, 1476246, 151179556, 23831083, 67522189, 37046337, 30331306, 30809804, 180069300, 32947905, 92433975, 10504298, 97570684, 135634069, 114736754, 147457113, 214821645, 75775793, 182573625, 1764363, 137827166, 173177104, 150704780, 81738871, 97331398, 217854214, 19848526, 105303663]
[239554898, 105465088, 218365829, 203396497, 217698719, 109346344, 97770307, 148322777, 40290812, 53317582, 37400546, 22010658, 175723653, 165222218, 73768585, 222361649, 122267290, 183229434, 110253602, 236404051, 84153860, 126893068, 26600584, 13761399, 219667882, 217646206, 241830177, 9876773, 529557, 31049115, 177676138, 69558821, 243714980, 122743854, 104370347, 60772675, 122493426, 211212441, 84340898, 171023574, 191988092, 6004240, 141975672, 182382331, 60169248, 48856296, 212556591, 125285908, 98653799, 112007566, 217452140, 5555922, 45744348, 73503130, 161775644, 220445681, 117347905, 167087389, 192827476, 136018156, 131109619, 167837843, 182240958, 8391516, 229586495, 213735879, 97850511, 183893057, 194165031, 214936839, 224240891, 154115694, 138837282, 248682662, 216393363, 68549987, 232222394, 1476246, 151179556, 23831083, 67522189, 37046337, 30331306, 30809804, 25267365, 33628761, 120843493, 60323715, 141937992, 214517939, 159351707, 225092483, 120514877, 124027030, 104876276, 136109757, 31056757, 95697882, 26886351, 190580914, 105883549, 100292404, 182466681, 159408187]
[239554898, 105465088, 218365829, 203396497, 217698719, 109346344, 97770307, 148322777, 40290812, 53317582, 37400546, 22010658, 175723653, 165222218, 73768585, 222361649, 122267290, 183229434, 110253602, 236404051, 84153860, 126893068, 26600584, 13761399, 219667882, 217646206, 241830177, 9876773, 529557, 31049115, 177676138, 69558821, 243714980, 122743854, 104370347, 60772675, 122493426, 211212441, 84340898, 171023574, 191988092, 6004240, 141975672, 182382331, 60169248, 48856296, 212556591, 125285908, 98653799, 112007566, 217452140, 5555922, 45744348, 73503130, 161775644, 220445681, 117347905, 167087389, 192827476, 136018156, 131109619, 167837843, 182240958, 8391516, 229586495, 213735879, 97850511, 183893057, 194165031, 214936839, 224240891, 154115694, 138837282, 248682662, 216393363, 68549987, 232222394, 1476246, 151179556, 23831083, 67522189, 37046337, 30331306, 30809804, 25267365, 33628761, 120843493, 60323715, 161552165, 45948928, 156724531, 189656957, 96043887, 210101002, 72206643, 198507616, 71170187, 176629760, 124530405, 172294663, 230235502, 151447894, 200450681, 198664525]
[239554898, 105465088, 218365829, 203396497, 217698719, 109346344, 97770307, 148322777, 40290812, 53317582, 37400546, 22010658, 175723653, 165222218, 73768585, 222361649, 122267290, 183229434, 110253602, 236404051, 84153860, 126893068, 26600584, 13761399, 219667882, 217646206, 241830177, 9876773, 529557, 31049115, 177676138, 69558821, 243714980, 122743854, 104370347, 60772675, 122493426, 211212441, 84340898, 171023574, 191988092, 6004240, 141975672, 182382331, 60169248, 48856296, 212556591, 125285908, 98653799, 112007566, 217452140, 5555922, 45744348, 73503130, 161775644, 220445681, 117347905, 167087389, 192827476, 136018156, 131109619, 167837843, 182240958, 8391516, 229586495, 213735879, 97850511, 183893057, 194165031, 214936839, 224240891, 154115694, 138837282, 248682662, 216393363, 68549987, 232222394, 1476246, 151179556, 23831083, 67522189, 37046337, 30331306, 30809804, 25267365, 236085028, 54752257, 31154509, 112833706, 2456493, 157810119, 226487189, 199590539, 468094, 2905358, 155156672, 66275301, 222911222, 210775047, 73540757, 139493571, 92345622, 105735269, 181690332]
[239554898, 105465088, 218365829, 203396497, 217698719, 109346344, 97770307, 148322777, 40290812, 53317582, 37400546, 22010658, 175723653, 165222218, 73768585, 222361649, 122267290, 183229434, 110253602, 236404051, 84153860, 126893068, 26600584, 13761399, 219667882, 217646206, 241830177, 9876773, 529557, 31049115, 177676138, 69558821, 243714980, 122743854, 104370347, 60772675, 122493426, 211212441, 84340898, 171023574, 191988092, 6004240, 141975672, 182382331, 60169248, 48856296, 212556591, 125285908, 98653799, 112007566, 217452140, 5555922, 45744348, 73503130, 161775644, 220445681, 117347905, 167087389, 192827476, 136018156, 131109619, 167837843, 182240958, 8391516, 229586495, 213735879, 97850511, 183893057, 194165031, 214936839, 224240891, 154115694, 138837282, 248682662, 216393363, 68549987, 232222394, 1476246, 151179556, 23831083, 67522189, 37046337, 30331306, 30809804, 25267365, 33628761, 120843493, 60323715, 161552165, 45948928, 156724531, 189656957, 96043887, 210101002, 72206643, 198507616, 71170187, 176629760, 124530405, 172294663, 230235502, 151447894, 200450681, 185285781]
[239554898, 105465088, 218365829, 203396497, 217698719, 109346344, 97770307, 148322777, 40290812, 53317582, 37400546, 22010658, 175723653, 165222218, 73768585, 222361649, 122267290, 183229434, 110253602, 236404051, 84153860, 126893068, 26600584, 13761399, 219667882, 217646206, 241830177, 9876773, 529557, 31049115, 177676138, 69558821, 243714980, 122743854, 104370347, 60772675, 122493426, 211212441, 84340898, 171023574, 191988092, 6004240, 141975672, 182382331, 60169248, 48856296, 212556591, 125285908, 98653799, 112007566, 217452140, 5555922, 45744348, 73503130, 161775644, 220445681, 117347905, 167087389, 192827476, 136018156, 131109619, 167837843, 182240958, 8391516, 229586495, 213735879, 97850511, 183893057, 194165031, 214936839, 224240891, 154115694, 138837282, 248682662, 216393363, 68549987, 232222394, 1476246, 151179556, 23831083, 186875312, 15363865, 148894419, 175412006, 162336783, 220767862, 257334, 2980324, 159935775, 57531261, 2110292, 132842143, 175445337, 3218014, 59524486, 51877899, 69471570, 194967192, 248342848, 229784929, 88255918, 114056075, 16545052, 20675212]
[239554898, 105465088, 218365829, 203396497, 217698719, 109346344, 97770307, 148322777, 40290812, 53317582, 37400546, 22010658, 175723653, 165222218, 73768585, 222361649, 122267290, 183229434, 110253602, 236404051, 84153860, 126893068, 26600584, 13761399, 219667882, 217646206, 241830177, 9876773, 529557, 31049115, 177676138, 69558821, 243714980, 122743854, 104370347, 60772675, 122493426, 211212441, 84340898, 171023574, 191988092, 6004240, 141975672, 182382331, 60169248, 48856296, 212556591, 125285908, 98653799, 112007566, 217452140, 5555922, 45744348, 73503130, 161775644, 220445681, 117347905, 167087389, 192827476, 136018156, 131109619, 167837843, 182240958, 8391516, 229586495, 213735879, 97850511, 183893057, 194165031, 214936839, 224240891, 154115694, 138837282, 248682662, 216393363, 68549987, 232222394, 1476246, 151179556, 23831083, 67522189, 37046337, 30331306, 30809804, 180069300, 109853152, 142626223, 133024700, 213505916, 145828056, 36192707, 210076901, 18631466, 52777234, 8271894, 104723084, 103227377, 83603035, 211470450, 93876837, 58707326, 128100495, 88282029, 21183256]
[239554898, 105465088, 218365829, 203396497, 217698719, 109346344, 97770307, 148322777, 40290812, 53317582, 37400546, 22010658, 175723653, 165222218, 73768585, 222361649, 122267290, 183229434, 110253602, 236404051, 84153860, 126893068, 26600584, 13761399, 219667882, 217646206, 241830177, 9876773, 529557, 31049115, 177676138, 69558821, 243714980, 122743854, 104370347, 60772675, 122493426, 211212441, 84340898, 171023574, 191988092, 6004240, 141975672, 182382331, 60169248, 48856296, 212556591, 125285908, 98653799, 112007566, 217452140, 5555922, 45744348, 73503130, 161775644, 220445681, 117347905, 167087389, 192827476, 30322964, 129797693, 162069456, 20098438, 175458121, 154340491, 200438724, 50980885, 218284050, 35865695, 35960691, 173099041, 248672976, 217120534, 97773753, 5693530, 103311836, 7361823, 87771202, 105809505, 22382340, 39666005, 110445834, 30069573, 90714617, 230716197, 16119416, 184671964, 209467104, 146000494, 25141289, 40494108, 60501027, 229459517, 130626408, 39917210, 93782235, 234983649, 103210948, 170327114, 186655078, 12750018, 226637007, 220394763, 234897602]
[239554898, 105465088, 218365829, 203396497, 217698719, 109346344, 97770307, 148322777, 40290812, 53317582, 37400546, 22010658, 175723653, 165222218, 73768585, 222361649, 122267290, 183229434, 110253602, 236404051, 84153860, 126893068, 26600584, 13761399, 219667882, 217646206, 241830177, 9876773, 529557, 31049115, 177676138, 69558821, 243714980, 122743854, 104370347, 60772675, 122493426, 211212441, 84340898, 171023574, 191988092, 6004240, 141975672, 182382331, 60169248, 48856296, 212556591, 125285908, 98653799, 112007566, 217452140, 5555922, 45744348, 73503130, 161775644, 220445681, 117347905, 167087389, 192827476, 136018156, 131109619, 167837843, 182240958, 8391516, 229586495, 213735879, 97850511, 183893057, 194165031, 214936839, 224240891, 154115694, 138837282, 248682662, 216393363, 68549987, 232222394, 1476246, 151179556, 23831083, 186875312, 15363865, 148894419, 175412006, 162336783, 220767862, 257334, 2980324, 159935775, 57531261, 2110292, 132842143, 175445337, 3218014, 59524486, 195873983, 87095342, 27555519, 183267660, 178103546, 204836228, 238649719, 71908899, 74752680]
[239554898, 105465088, 218365829, 203396497, 217698719, 109346344, 97770307, 148322777, 40290812, 53317582, 37400546, 22010658, 175723653, 165222218, 73768585, 222361649, 122267290, 183229434, 110253602, 236404051, 84153860, 126893068, 26600584, 13761399, 219667882, 217646206, 241830177, 9876773, 529557, 31049115, 177676138, 69558821, 243714980, 122743854, 104370347, 60772675, 122493426, 211212441, 84340898, 171023574, 191988092, 6004240, 141975672, 182382331, 60169248, 48856296, 212556591, 125285908, 98653799, 112007566, 217452140, 5555922, 45744348, 73503130, 161775644, 220445681, 117347905, 167087389, 192827476, 136018156, 131109619, 167837843, 182240958, 8391516, 229586495, 213735879, 97850511, 183893057, 194165031, 214936839, 224240891, 154115694, 138837282, 248682662, 216393363, 68549987, 232222394, 1476246, 151179556, 23831083, 67522189, 37046337, 30331306, 30809804, 25267365, 236085028, 54752257, 31154509, 112833706, 2456493, 157810119, 226487189, 199590539, 468094, 2905358, 155156672, 66275301, 222911222, 212962531, 59953807, 138744679, 12486486, 149409500, 161713873]
[239554898, 105465088, 218365829, 203396497, 217698719, 109346344, 97770307, 148322777, 40290812, 53317582, 37400546, 22010658, 175723653, 165222218, 73768585, 222361649, 122267290, 183229434, 110253602, 236404051, 84153860, 126893068, 26600584, 13761399, 219667882, 217646206, 241830177, 9876773, 529557, 31049115, 177676138, 69558821, 243714980, 122743854, 104370347, 60772675, 122493426, 211212441, 84340898, 171023574, 191988092, 6004240, 141975672, 182382331, 60169248, 48856296, 212556591, 125285908, 98653799, 112007566, 217452140, 5555922, 45744348, 73503130, 161775644, 220445681, 117347905, 167087389, 192827476, 136018156, 131109619, 167837843, 182240958, 8391516, 229586495, 213735879, 97850511, 183893057, 194165031, 214936839, 224240891, 154115694, 138837282, 248682662, 216393363, 68549987, 232222394, 1476246, 151179556, 23831083, 67522189, 37046337, 30331306, 30809804, 180069300, 109853152, 142626223, 133024700, 213505916, 145828056, 36192707, 210076901, 18631466, 215945163, 194354097, 118288656, 188694160, 185752404, 68221932, 111971146, 137991681, 86400261, 23576034, 87113468]
[239554898, 105465088, 218365829, 203396497, 217698719, 109346344, 97770307, 148322777, 40290812, 53317582, 37400546, 22010658, 175723653, 165222218, 73768585, 222361649, 122267290, 183229434, 110253602, 236404051, 84153860, 126893068, 26600584, 13761399, 219667882, 217646206, 241830177, 9876773, 529557, 31049115, 177676138, 69558821, 243714980, 122743854, 104370347, 60772675, 122493426, 211212441, 84340898, 171023574, 191988092, 6004240, 141975672, 182382331, 60169248, 48856296, 212556591, 125285908, 98653799, 112007566, 217452140, 5555922, 45744348, 73503130, 161775644, 220445681, 117347905, 167087389, 192827476, 136018156, 131109619, 167837843, 182240958, 8391516, 229586495, 213735879, 97850511, 183893057, 194165031, 214936839, 224240891, 154115694, 138837282, 248682662, 216393363, 68549987, 232222394, 1476246, 151179556, 23831083, 67522189, 37046337, 30331306, 30809804, 180069300, 109853152, 142626223, 133024700, 213505916, 145828056, 36192707, 210076901, 18631466, 215945163, 194354097, 118288656, 112073061, 202801511, 6119983, 206112763, 156454513, 97450909, 80580183, 17664475]
[239554898, 105465088, 218365829, 203396497, 217698719, 109346344, 97770307, 148322777, 40290812, 53317582, 37400546, 22010658, 175723653, 165222218, 73768585, 222361649, 122267290, 183229434, 110253602, 236404051, 84153860, 126893068, 26600584, 13761399, 219667882, 217646206, 241830177, 9876773, 529557, 31049115, 177676138, 69558821, 243714980, 122743854, 104370347, 60772675, 122493426, 211212441, 84340898, 171023574, 191988092, 6004240, 141975672, 182382331, 60169248, 48856296, 212556591, 125285908, 98653799, 112007566, 217452140, 5555922, 45744348, 73503130, 161775644, 220445681, 117347905, 167087389, 192827476, 136018156, 131109619, 167837843, 182240958, 8391516, 229586495, 213735879, 97850511, 183893057, 194165031, 214936839, 224240891, 154115694, 138837282, 248682662, 216393363, 68549987, 232222394, 1476246, 151179556, 23831083, 186875312, 15363865, 148894419, 175412006, 162336783, 220767862, 257334, 140506494, 123970020, 16967665, 83723662, 11943399, 171221150, 19320553, 143875605, 182785584, 203336787, 78572212, 69095792, 242588948, 159638042, 211267344, 81810009, 107246553]
[239554898, 105465088, 218365829, 203396497, 217698719, 109346344, 97770307, 148322777, 40290812, 53317582, 37400546, 22010658, 175723653, 165222218, 73768585, 222361649, 122267290, 183229434, 110253602, 236404051, 84153860, 126893068, 26600584, 13761399, 219667882, 217646206, 241830177, 9876773, 529557, 31049115, 177676138, 69558821, 243714980, 122743854, 104370347, 60772675, 122493426, 211212441, 84340898, 171023574, 191988092, 6004240, 141975672, 182382331, 60169248, 48856296, 212556591, 125285908, 98653799, 112007566, 217452140, 5555922, 45744348, 73503130, 161775644, 220445681, 117347905, 167087389, 192827476, 136018156, 131109619, 167837843, 182240958, 8391516, 229586495, 213735879, 97850511, 183893057, 194165031, 214936839, 224240891, 154115694, 138837282, 248682662, 216393363, 68549987, 232222394, 1476246, 151179556, 23831083, 186875312, 15363865, 148894419, 175412006, 162336783, 220767862, 257334, 2980324, 159935775, 57531261, 2110292, 132842143, 175445337, 3218014, 59524486, 195873983, 134969456, 23498438, 132350848, 43234262, 242332553, 224983976, 103286192, 25124701]
[239554898, 105465088, 218365829, 203396497, 217698719, 109346344, 97770307, 148322777, 40290812, 53317582, 37400546, 22010658, 175723653, 165222218, 73768585, 222361649, 122267290, 183229434, 110253602, 236404051, 84153860, 126893068, 26600584, 13761399, 219667882, 217646206, 241830177, 9876773, 529557, 31049115, 177676138, 69558821, 243714980, 122743854, 104370347, 60772675, 122493426, 211212441, 84340898, 171023574, 191988092, 6004240, 141975672, 182382331, 60169248, 48856296, 212556591, 125285908, 98653799, 112007566, 217452140, 5555922, 45744348, 73503130, 161775644, 220445681, 117347905, 167087389, 192827476, 136018156, 131109619, 167837843, 182240958, 8391516, 229586495, 213735879, 97850511, 183893057, 194165031, 214936839, 224240891, 154115694, 138837282, 248682662, 216393363, 68549987, 232222394, 1476246, 151179556, 23831083, 67522189, 37046337, 30331306, 30809804, 180069300, 109853152, 142626223, 133024700, 117964535, 146059510, 57098611, 91433257, 38568678, 195314443, 169850861, 240024758, 246457470, 180796297, 209936281, 85774478, 153946026, 36357201, 99740571, 84442264]
[239554898, 105465088, 218365829, 203396497, 217698719, 109346344, 97770307, 148322777, 40290812, 53317582, 37400546, 22010658, 175723653, 165222218, 73768585, 222361649, 122267290, 183229434, 110253602, 236404051, 84153860, 126893068, 26600584, 13761399, 219667882, 217646206, 241830177, 9876773, 529557, 31049115, 177676138, 69558821, 243714980, 122743854, 104370347, 60772675, 122493426, 211212441, 84340898, 171023574, 191988092, 6004240, 141975672, 182382331, 60169248, 48856296, 212556591, 125285908, 98653799, 112007566, 217452140, 5555922, 45744348, 73503130, 161775644, 220445681, 117347905, 167087389, 192827476, 136018156, 131109619, 167837843, 182240958, 8391516, 229586495, 213735879, 97850511, 183893057, 194165031, 214936839, 224240891, 154115694, 138837282, 248682662, 216393363, 68549987, 232222394, 1476246, 151179556, 23831083, 67522189, 37046337, 143879866, 123729297, 235762465, 220063132, 92098001, 139677268, 100353505, 130245573, 160206283, 134489364, 140612711, 49354014, 223252961, 71560665, 128536351, 187425481, 127820885, 49206390, 163524568, 180386481, 159987700, 178343706]
[239554898, 105465088, 218365829, 203396497, 217698719, 109346344, 97770307, 148322777, 40290812, 53317582, 37400546, 22010658, 175723653, 165222218, 73768585, 222361649, 122267290, 183229434, 110253602, 236404051, 84153860, 126893068, 26600584, 13761399, 219667882, 217646206, 241830177, 9876773, 529557, 31049115, 177676138, 69558821, 243714980, 122743854, 104370347, 60772675, 122493426, 211212441, 84340898, 171023574, 191988092, 6004240, 141975672, 182382331, 60169248, 48856296, 212556591, 125285908, 98653799, 112007566, 217452140, 5555922, 45744348, 73503130, 161775644, 220445681, 117347905, 167087389, 192827476, 136018156, 131109619, 167837843, 182240958, 8391516, 229586495, 213735879, 97850511, 183893057, 194165031, 214936839, 224240891, 154115694, 138837282, 248682662, 216393363, 68549987, 232222394, 1476246, 151179556, 23831083, 186875312, 15363865, 148894419, 175412006, 162336783, 220767862, 257334, 2980324, 159935775, 57531261, 2110292, 132842143, 180764072, 146670478, 29426298, 138117769, 124771713, 173506613, 27461156, 95779946, 178256883, 53557565, 196495153, 187171867]
[239554898, 105465088, 218365829, 203396497, 217698719, 109346344, 97770307, 148322777, 40290812, 53317582, 37400546, 22010658, 175723653, 165222218, 73768585, 222361649, 122267290, 183229434, 110253602, 236404051, 84153860, 126893068, 26600584, 13761399, 219667882, 217646206, 241830177, 9876773, 529557, 31049115, 177676138, 69558821, 243714980, 122743854, 104370347, 60772675, 122493426, 211212441, 84340898, 171023574, 191988092, 6004240, 141975672, 182382331, 60169248, 48856296, 212556591, 125285908, 98653799, 112007566, 217452140, 5555922, 45744348, 73503130, 161775644, 220445681, 117347905, 167087389, 192827476, 136018156, 131109619, 167837843, 182240958, 8391516, 229586495, 213735879, 97850511, 183893057, 194165031, 214936839, 224240891, 154115694, 138837282, 248682662, 216393363, 68549987, 232222394, 1476246, 151179556, 23831083, 67522189, 37046337, 30331306, 30809804, 180069300, 32947905, 92433975, 10504298, 97570684, 135634069, 114736754, 44605410, 48138700, 146004529, 33870450, 153772956, 85229674, 57394436, 179051773, 198425508, 121271000, 248096757, 130974675, 32385996]
[239554898, 105465088, 218365829, 203396497, 217698719, 109346344, 97770307, 148322777, 40290812, 53317582, 37400546, 22010658, 175723653, 165222218, 73768585, 222361649, 122267290, 183229434, 110253602, 236404051, 84153860, 126893068, 26600584, 13761399, 219667882, 217646206, 241830177, 9876773, 529557, 31049115, 177676138, 69558821, 243714980, 122743854, 104370347, 60772675, 122493426, 211212441, 84340898, 171023574, 191988092, 6004240, 141975672, 182382331, 60169248, 48856296, 212556591, 125285908, 98653799, 112007566, 217452140, 5555922, 45744348, 73503130, 161775644, 220445681, 117347905, 167087389, 192827476, 136018156, 131109619, 167837843, 182240958, 8391516, 229586495, 213735879, 97850511, 183893057, 194165031, 214936839, 224240891, 154115694, 138837282, 248682662, 216393363, 68549987, 232222394, 1476246, 151179556, 23831083, 67522189, 37046337, 30331306, 30809804, 180069300, 109853152, 142626223, 133024700, 117964535, 146059510, 57098611, 91433257, 27596929, 238513360, 108481286, 209948443, 85239108, 3897590, 89666027, 36197479, 232657718, 40630188, 135782715, 119147567]
[239554898, 105465088, 218365829, 203396497, 217698719, 109346344, 97770307, 148322777, 40290812, 53317582, 37400546, 22010658, 175723653, 165222218, 73768585, 222361649, 122267290, 183229434, 110253602, 236404051, 84153860, 126893068, 26600584, 13761399, 219667882, 217646206, 241830177, 9876773, 529557, 31049115, 177676138, 69558821, 243714980, 122743854, 104370347, 60772675, 122493426, 211212441, 84340898, 171023574, 191988092, 6004240, 141975672, 182382331, 60169248, 48856296, 212556591, 125285908, 98653799, 112007566, 217452140, 5555922, 45744348, 73503130, 161775644, 220445681, 117347905, 167087389, 192827476, 136018156, 131109619, 167837843, 182240958, 8391516, 229586495, 213735879, 97850511, 183893057, 194165031, 214936839, 224240891, 154115694, 138837282, 248682662, 216393363, 68549987, 232222394, 1476246, 151179556, 186122913, 60417403, 105641232, 103260047, 84908356, 81305338, 160418988, 65263081, 194339786, 204506009, 248186273, 173008625, 182670290, 29112124, 180697443, 196876595, 198617797, 217337664, 200490864, 151435112, 16881958, 30003413, 166545881, 131053206, 93129247]
[239554898, 105465088, 218365829, 203396497, 217698719, 109346344, 97770307, 148322777, 40290812, 53317582, 37400546, 22010658, 175723653, 165222218, 73768585, 222361649, 122267290, 183229434, 110253602, 236404051, 84153860, 126893068, 26600584, 13761399, 219667882, 217646206, 241830177, 9876773, 529557, 31049115, 177676138, 69558821, 243714980, 122743854, 104370347, 60772675, 122493426, 211212441, 84340898, 171023574, 191988092, 6004240, 141975672, 182382331, 60169248, 48856296, 212556591, 125285908, 98653799, 112007566, 217452140, 5555922, 45744348, 73503130, 161775644, 220445681, 117347905, 167087389, 192827476, 136018156, 131109619, 167837843, 182240958, 8391516, 229586495, 213735879, 97850511, 183893057, 194165031, 214936839, 224240891, 154115694, 138837282, 248682662, 216393363, 68549987, 232222394, 1476246, 151179556, 23831083, 186875312, 15363865, 148894419, 175412006, 162336783, 220767862, 257334, 2980324, 159935775, 57531261, 2110292, 132842143, 175445337, 3218014, 59524486, 195873983, 134969456, 23498438, 132350848, 43234262, 89600896, 73538671, 16439424, 17859461]
[239554898, 105465088, 218365829, 203396497, 217698719, 109346344, 97770307, 148322777, 40290812, 53317582, 37400546, 22010658, 175723653, 165222218, 73768585, 222361649, 122267290, 183229434, 110253602, 236404051, 84153860, 126893068, 26600584, 13761399, 219667882, 217646206, 241830177, 9876773, 529557, 31049115, 177676138, 69558821, 243714980, 122743854, 104370347, 60772675, 122493426, 211212441, 84340898, 171023574, 191988092, 6004240, 141975672, 182382331, 60169248, 48856296, 212556591, 125285908, 98653799, 112007566, 217452140, 5555922, 45744348, 73503130, 161775644, 220445681, 117347905, 167087389, 192827476, 136018156, 131109619, 167837843, 182240958, 8391516, 229586495, 213735879, 97850511, 183893057, 194165031, 214936839, 224240891, 154115694, 138837282, 248682662, 216393363, 68549987, 232222394, 1476246, 151179556, 23831083, 67522189, 37046337, 30331306, 30809804, 180069300, 109853152, 142626223, 133024700, 117964535, 146059510, 57098611, 91433257, 27596929, 238513360, 108481286, 209948443, 107668528, 243418406, 88386531, 143725135, 147454220, 101180708, 220260148, 109291969]
[239554898, 105465088, 218365829, 203396497, 217698719, 109346344, 97770307, 148322777, 40290812, 53317582, 37400546, 22010658, 175723653, 165222218, 73768585, 222361649, 122267290, 183229434, 110253602, 236404051, 84153860, 126893068, 26600584, 13761399, 219667882, 217646206, 241830177, 9876773, 529557, 31049115, 177676138, 69558821, 243714980, 122743854, 104370347, 60772675, 122493426, 211212441, 84340898, 171023574, 191988092, 6004240, 141975672, 182382331, 60169248, 48856296, 212556591, 125285908, 98653799, 112007566, 217452140, 5555922, 45744348, 73503130, 161775644, 220445681, 117347905, 167087389, 192827476, 136018156, 131109619, 167837843, 182240958, 8391516, 229586495, 213735879, 97850511, 183893057, 194165031, 214936839, 224240891, 154115694, 138837282, 248682662, 216393363, 68549987, 232222394, 1476246, 151179556, 23831083, 67522189, 37046337, 30331306, 30809804, 180069300, 109853152, 142626223, 133024700, 117964535, 146059510, 57098611, 91433257, 38568678, 195314443, 163790292, 132089438, 135535892, 54485142, 175395672, 126926272, 28309940, 59678656, 23364615, 223725096]
[239554898, 105465088, 218365829, 203396497, 217698719, 109346344, 97770307, 148322777, 40290812, 53317582, 37400546, 22010658, 175723653, 165222218, 73768585, 222361649, 122267290, 183229434, 110253602, 236404051, 84153860, 126893068, 26600584, 13761399, 219667882, 217646206, 241830177, 9876773, 529557, 31049115, 177676138, 69558821, 243714980, 122743854, 104370347, 60772675, 122493426, 211212441, 84340898, 171023574, 191988092, 6004240, 141975672, 182382331, 60169248, 48856296, 212556591, 125285908, 98653799, 112007566, 217452140, 5555922, 45744348, 73503130, 161775644, 220445681, 117347905, 167087389, 192827476, 136018156, 131109619, 167837843, 182240958, 8391516, 229586495, 213735879, 97850511, 183893057, 194165031, 214936839, 224240891, 154115694, 138837282, 248682662, 216393363, 68549987, 232222394, 1476246, 151179556, 23831083, 67522189, 37046337, 30331306, 30809804, 180069300, 109853152, 142626223, 133024700, 213505916, 145828056, 36192707, 210076901, 18631466, 52777234, 8271894, 17663428, 4536358, 92171121, 6760031, 173755756, 247176347, 156424670, 80949155, 94866856]
[239554898, 105465088, 218365829, 203396497, 217698719, 109346344, 97770307, 148322777, 40290812, 53317582, 37400546, 22010658, 175723653, 165222218, 73768585, 222361649, 122267290, 183229434, 110253602, 236404051, 84153860, 126893068, 26600584, 13761399, 219667882, 217646206, 241830177, 9876773, 529557, 31049115, 177676138, 69558821, 243714980, 122743854, 104370347, 60772675, 122493426, 211212441, 84340898, 171023574, 191988092, 6004240, 141975672, 182382331, 60169248, 48856296, 212556591, 125285908, 98653799, 112007566, 217452140, 5555922, 45744348, 73503130, 161775644, 220445681, 117347905, 167087389, 192827476, 136018156, 131109619, 167837843, 182240958, 8391516, 229586495, 213735879, 97850511, 183893057, 194165031, 214936839, 224240891, 154115694, 138837282, 248682662, 216393363, 68549987, 232222394, 1476246, 151179556, 23831083, 67522189, 37046337, 30331306, 30809804, 180069300, 109853152, 142626223, 133024700, 117964535, 146059510, 67770928, 76232463, 91833605, 163571838, 57833901, 138841193, 32994977, 187154428, 187091291, 112938179, 128120180, 184898656, 27496763, 80632135]
[239554898, 105465088, 218365829, 203396497, 217698719, 109346344, 97770307, 148322777, 40290812, 53317582, 37400546, 22010658, 175723653, 165222218, 73768585, 222361649, 122267290, 183229434, 110253602, 236404051, 84153860, 126893068, 26600584, 13761399, 219667882, 217646206, 241830177, 9876773, 529557, 31049115, 177676138, 69558821, 243714980, 122743854, 104370347, 60772675, 122493426, 211212441, 84340898, 171023574, 191988092, 6004240, 141975672, 182382331, 60169248, 48856296, 212556591, 125285908, 98653799, 112007566, 217452140, 5555922, 45744348, 73503130, 161775644, 220445681, 117347905, 167087389, 192827476, 136018156, 131109619, 167837843, 182240958, 8391516, 229586495, 213735879, 97850511, 183893057, 194165031, 214936839, 224240891, 154115694, 138837282, 248682662, 216393363, 68549987, 232222394, 1476246, 151179556, 23831083, 67522189, 37046337, 30331306, 30809804, 25267365, 33628761, 120843493, 60323715, 161552165, 45948928, 156724531, 189656957, 96043887, 210101002, 72206643, 198507616, 71170187, 176629760, 124530405, 172294663, 230235502, 153019848, 51404040, 150655032]
[239554898, 105465088, 218365829, 203396497, 217698719, 109346344, 97770307, 148322777, 40290812, 53317582, 37400546, 22010658, 175723653, 165222218, 73768585, 222361649, 122267290, 183229434, 110253602, 236404051, 84153860, 126893068, 26600584, 13761399, 219667882, 217646206, 241830177, 9876773, 529557, 31049115, 177676138, 69558821, 243714980, 122743854, 104370347, 60772675, 122493426, 211212441, 84340898, 171023574, 191988092, 6004240, 141975672, 182382331, 60169248, 48856296, 212556591, 125285908, 98653799, 112007566, 217452140, 5555922, 45744348, 73503130, 161775644, 220445681, 117347905, 167087389, 192827476, 16949894, 154797606, 31554297, 227448688, 27607733, 7853203, 140242752, 68768893, 164110998, 12898830, 247773033, 204652173, 205971979, 68424825, 160403798, 117872922, 90131011, 162593568, 230345226, 44376985, 76933, 101975899, 156083460, 117175685, 142997913, 127523190, 24591345, 117503723, 97783181, 232447133, 220089946, 187459639, 30472219, 112344281, 2226099, 236412168, 40502974, 17697905, 409669, 29944020, 163562593, 32459029, 126158147, 103915606, 44883881]
[239554898, 105465088, 218365829, 203396497, 217698719, 109346344, 97770307, 148322777, 40290812, 53317582, 37400546, 22010658, 175723653, 165222218, 73768585, 222361649, 122267290, 183229434, 110253602, 236404051, 84153860, 126893068, 26600584, 13761399, 219667882, 217646206, 241830177, 9876773, 529557, 31049115, 177676138, 69558821, 243714980, 122743854, 104370347, 60772675, 122493426, 211212441, 84340898, 171023574, 191988092, 6004240, 141975672, 182382331, 60169248, 48856296, 212556591, 125285908, 98653799, 112007566, 217452140, 5555922, 45744348, 73503130, 161775644, 220445681, 117347905, 167087389, 192827476, 136018156, 131109619, 167837843, 182240958, 8391516, 229586495, 213735879, 97850511, 183893057, 194165031, 214936839, 224240891, 154115694, 138837282, 248682662, 216393363, 68549987, 232222394, 1476246, 151179556, 23831083, 67522189, 37046337, 30331306, 30809804, 180069300, 109853152, 142626223, 133024700, 213505916, 145828056, 36192707, 210076901, 18631466, 66249244, 106394530, 98937705, 62076670, 149131071, 129795181, 86924942, 141328965, 171837559, 179751382, 62354964]
[239554898, 105465088, 218365829, 203396497, 217698719, 109346344, 97770307, 148322777, 40290812, 53317582, 37400546, 22010658, 175723653, 165222218, 73768585, 222361649, 122267290, 183229434, 110253602, 236404051, 84153860, 126893068, 26600584, 13761399, 219667882, 217646206, 241830177, 9876773, 529557, 31049115, 177676138, 69558821, 243714980, 122743854, 104370347, 60772675, 122493426, 211212441, 84340898, 171023574, 191988092, 6004240, 141975672, 182382331, 60169248, 48856296, 212556591, 125285908, 98653799, 112007566, 217452140, 5555922, 45744348, 73503130, 161775644, 220445681, 117347905, 167087389, 192827476, 16949894, 154797606, 31554297, 227448688, 27607733, 7853203, 140242752, 68768893, 164110998, 12898830, 247773033, 204652173, 205971979, 68424825, 83740896, 201654924, 169231707, 97514553, 121528382, 248758816, 163110820, 139726861, 193829157, 94638618, 50010934, 245101943, 152894996, 85098711, 84256216, 167307796, 39557324, 111587632, 72991358, 245961368, 10151453, 242644118, 5256703, 6435378, 172339550, 239471145, 223480314, 6770036, 74317721, 149795842, 129405111]
[239554898, 105465088, 218365829, 203396497, 217698719, 109346344, 97770307, 148322777, 40290812, 53317582, 37400546, 22010658, 175723653, 165222218, 73768585, 222361649, 122267290, 183229434, 110253602, 236404051, 84153860, 126893068, 26600584, 13761399, 219667882, 217646206, 241830177, 9876773, 529557, 31049115, 177676138, 69558821, 243714980, 122743854, 104370347, 60772675, 122493426, 211212441, 84340898, 171023574, 191988092, 6004240, 141975672, 182382331, 60169248, 48856296, 212556591, 125285908, 98653799, 112007566, 217452140, 5555922, 45744348, 73503130, 161775644, 220445681, 117347905, 167087389, 192827476, 136018156, 131109619, 167837843, 182240958, 8391516, 229586495, 213735879, 97850511, 183893057, 194165031, 214936839, 224240891, 154115694, 138837282, 248682662, 216393363, 68549987, 232222394, 1476246, 151179556, 23831083, 67522189, 37046337, 30331306, 30809804, 180069300, 109853152, 142626223, 133024700, 213505916, 145828056, 36192707, 210076901, 18631466, 66249244, 106394530, 98937705, 22280856, 163202874, 204524707, 189094519, 66556174, 83179435, 213612995, 227156422]
[239554898, 105465088, 218365829, 203396497, 217698719, 109346344, 97770307, 148322777, 40290812, 53317582, 37400546, 22010658, 175723653, 165222218, 73768585, 222361649, 122267290, 183229434, 110253602, 236404051, 84153860, 126893068, 26600584, 13761399, 219667882, 217646206, 241830177, 9876773, 529557, 31049115, 177676138, 69558821, 243714980, 122743854, 104370347, 60772675, 122493426, 211212441, 84340898, 171023574, 191988092, 6004240, 141975672, 182382331, 60169248, 48856296, 212556591, 125285908, 98653799, 112007566, 217452140, 5555922, 45744348, 73503130, 161775644, 220445681, 117347905, 167087389, 192827476, 136018156, 131109619, 167837843, 182240958, 8391516, 229586495, 213735879, 97850511, 183893057, 194165031, 214936839, 224240891, 154115694, 138837282, 248682662, 216393363, 68549987, 232222394, 1476246, 151179556, 23831083, 67522189, 37046337, 30331306, 30809804, 180069300, 109853152, 142626223, 133024700, 213505916, 145828056, 36192707, 210076901, 18631466, 215945163, 194354097, 118288656, 112073061, 202801511, 26526868, 232595575, 111264726, 103585971, 224182567, 107914218]
[239554898, 105465088, 218365829, 203396497, 217698719, 109346344, 97770307, 148322777, 40290812, 53317582, 37400546, 22010658, 175723653, 165222218, 73768585, 222361649, 122267290, 183229434, 110253602, 236404051, 84153860, 126893068, 26600584, 13761399, 219667882, 217646206, 241830177, 9876773, 529557, 31049115, 177676138, 69558821, 243714980, 122743854, 104370347, 60772675, 122493426, 211212441, 84340898, 171023574, 191988092, 6004240, 141975672, 182382331, 60169248, 48856296, 212556591, 125285908, 98653799, 112007566, 217452140, 5555922, 45744348, 73503130, 161775644, 220445681, 117347905, 167087389, 192827476, 136018156, 131109619, 167837843, 182240958, 8391516, 229586495, 213735879, 97850511, 183893057, 194165031, 214936839, 224240891, 154115694, 138837282, 248682662, 216393363, 68549987, 232222394, 1476246, 151179556, 23831083, 186875312, 15363865, 148894419, 175412006, 162336783, 220767862, 257334, 140506494, 123970020, 16967665, 162188528, 9006925, 16419828, 9832030, 101231843, 81203148, 171136615, 33235061, 71181508, 107628768, 245184654, 235302721, 210789268, 9675934]
[239554898, 105465088, 218365829, 203396497, 217698719, 109346344, 97770307, 148322777, 40290812, 53317582, 37400546, 22010658, 175723653, 165222218, 73768585, 222361649, 122267290, 183229434, 110253602, 236404051, 84153860, 126893068, 26600584, 13761399, 219667882, 217646206, 241830177, 9876773, 529557, 31049115, 177676138, 69558821, 243714980, 122743854, 104370347, 60772675, 122493426, 211212441, 84340898, 171023574, 191988092, 6004240, 141975672, 182382331, 60169248, 48856296, 212556591, 125285908, 98653799, 112007566, 217452140, 5555922, 45744348, 73503130, 161775644, 220445681, 117347905, 167087389, 192827476, 136018156, 131109619, 167837843, 182240958, 8391516, 229586495, 213735879, 97850511, 183893057, 194165031, 214936839, 224240891, 154115694, 138837282, 248682662, 216393363, 68549987, 232222394, 1476246, 151179556, 23831083, 186875312, 15363865, 148894419, 175412006, 162336783, 220767862, 257334, 2980324, 159935775, 57531261, 2110292, 132842143, 63114250, 213032620, 38717631, 248261742, 48707030, 206601718, 173305872, 167316559, 10332446, 123424096, 19929881, 117631289]
[239554898, 105465088, 218365829, 203396497, 217698719, 109346344, 97770307, 148322777, 40290812, 53317582, 37400546, 22010658, 175723653, 165222218, 73768585, 222361649, 122267290, 183229434, 110253602, 236404051, 84153860, 126893068, 26600584, 13761399, 219667882, 217646206, 241830177, 9876773, 529557, 31049115, 177676138, 69558821, 243714980, 122743854, 104370347, 60772675, 122493426, 211212441, 84340898, 171023574, 191988092, 6004240, 141975672, 182382331, 60169248, 48856296, 212556591, 125285908, 98653799, 112007566, 217452140, 5555922, 45744348, 73503130, 161775644, 220445681, 117347905, 167087389, 192827476, 136018156, 131109619, 167837843, 182240958, 8391516, 229586495, 213735879, 97850511, 183893057, 194165031, 214936839, 224240891, 154115694, 138837282, 248682662, 216393363, 68549987, 232222394, 1476246, 151179556, 23831083, 67522189, 37046337, 30331306, 30809804, 25267365, 33628761, 120843493, 60323715, 141937992, 214517939, 159351707, 225092483, 171806910, 228378040, 223335645, 215148842, 139616328, 248670051, 181864879, 106115424, 73209317, 228698045, 111543511, 178825994]
[239554898, 105465088, 218365829, 203396497, 217698719, 109346344, 97770307, 148322777, 40290812, 53317582, 37400546, 22010658, 175723653, 165222218, 73768585, 222361649, 122267290, 183229434, 110253602, 236404051, 84153860, 126893068, 26600584, 13761399, 219667882, 217646206, 241830177, 9876773, 529557, 31049115, 177676138, 69558821, 243714980, 122743854, 104370347, 60772675, 122493426, 211212441, 84340898, 171023574, 191988092, 6004240, 141975672, 182382331, 60169248, 48856296, 212556591, 125285908, 98653799, 112007566, 217452140, 5555922, 45744348, 73503130, 161775644, 220445681, 117347905, 167087389, 192827476, 136018156, 131109619, 167837843, 162545458, 245820378, 4853377, 55392287, 248891722, 32733621, 71727774, 225195080, 201324543, 34312265, 39100293, 133803066, 90892828, 103850201, 136851884, 247977108, 213725822, 179045541, 240565801, 75989194, 50151676, 144596302, 134272046, 59968512, 38768211, 144531416, 96952366, 147256220, 221816645, 96161236, 241978933, 2666415, 212047251, 218268240, 7759155, 211544768, 25454301, 206917240, 143824177, 25404290, 159150438, 168279635]
[239554898, 105465088, 218365829, 203396497, 217698719, 109346344, 97770307, 148322777, 40290812, 53317582, 37400546, 22010658, 175723653, 165222218, 73768585, 222361649, 122267290, 183229434, 110253602, 236404051, 84153860, 126893068, 26600584, 13761399, 219667882, 217646206, 241830177, 9876773, 529557, 31049115, 177676138, 69558821, 243714980, 122743854, 104370347, 60772675, 122493426, 211212441, 84340898, 171023574, 191988092, 6004240, 141975672, 182382331, 60169248, 48856296, 212556591, 125285908, 98653799, 112007566, 217452140, 5555922, 45744348, 73503130, 161775644, 220445681, 117347905, 167087389, 192827476, 136018156, 131109619, 167837843, 182240958, 8391516, 229586495, 213735879, 97850511, 183893057, 194165031, 214936839, 224240891, 154115694, 138837282, 248682662, 216393363, 68549987, 232222394, 1476246, 151179556, 23831083, 186875312, 15363865, 148894419, 175412006, 162336783, 220767862, 257334, 2980324, 159935775, 57531261, 2110292, 132842143, 180764072, 146670478, 219318739, 176835431, 149437895, 124168872, 55082361, 75226045, 37434334, 26790407, 203328340, 47011617]
[239554898, 105465088, 218365829, 203396497, 217698719, 109346344, 97770307, 148322777, 40290812, 53317582, 37400546, 22010658, 175723653, 165222218, 73768585, 222361649, 122267290, 183229434, 110253602, 236404051, 84153860, 126893068, 26600584, 13761399, 219667882, 217646206, 241830177, 9876773, 529557, 31049115, 177676138, 69558821, 243714980, 122743854, 104370347, 60772675, 122493426, 211212441, 84340898, 171023574, 191988092, 6004240, 141975672, 182382331, 60169248, 48856296, 212556591, 125285908, 98653799, 112007566, 217452140, 5555922, 45744348, 73503130, 161775644, 220445681, 117347905, 167087389, 192827476, 136018156, 131109619, 167837843, 182240958, 8391516, 229586495, 213735879, 97850511, 183893057, 194165031, 214936839, 224240891, 154115694, 138837282, 248682662, 216393363, 68549987, 232222394, 1476246, 151179556, 23831083, 67522189, 37046337, 30331306, 30809804, 180069300, 109853152, 142626223, 133024700, 213505916, 145828056, 36192707, 210076901, 18631466, 66249244, 106394530, 98937705, 62076670, 211747572, 159709517, 177020859, 69774396, 59441119, 228622685, 141290644]
[239554898, 105465088, 218365829, 203396497, 217698719, 109346344, 97770307, 148322777, 40290812, 53317582, 37400546, 22010658, 175723653, 165222218, 73768585, 222361649, 122267290, 183229434, 110253602, 236404051, 84153860, 126893068, 26600584, 13761399, 219667882, 217646206, 241830177, 9876773, 529557, 31049115, 177676138, 69558821, 243714980, 122743854, 104370347, 60772675, 122493426, 211212441, 84340898, 171023574, 191988092, 6004240, 141975672, 182382331, 60169248, 48856296, 212556591, 125285908, 98653799, 112007566, 217452140, 5555922, 45744348, 73503130, 161775644, 220445681, 117347905, 167087389, 192827476, 136018156, 131109619, 167837843, 182240958, 8391516, 229586495, 213735879, 97850511, 183893057, 194165031, 214936839, 224240891, 154115694, 138837282, 248682662, 216393363, 68549987, 232222394, 1476246, 151179556, 23831083, 67522189, 37046337, 30331306, 30809804, 25267365, 33628761, 120843493, 60323715, 141937992, 214517939, 159351707, 225092483, 171806910, 180015946, 114838391, 74579433, 107756521, 133954053, 148718341, 183672911, 34694093, 121437250, 118382787, 12044031]
[239554898, 105465088, 218365829, 203396497, 217698719, 109346344, 97770307, 148322777, 40290812, 53317582, 37400546, 22010658, 175723653, 165222218, 73768585, 222361649, 122267290, 183229434, 110253602, 236404051, 84153860, 126893068, 26600584, 13761399, 219667882, 217646206, 241830177, 9876773, 529557, 31049115, 177676138, 69558821, 243714980, 122743854, 104370347, 60772675, 122493426, 211212441, 84340898, 171023574, 191988092, 6004240, 141975672, 182382331, 60169248, 48856296, 212556591, 125285908, 98653799, 112007566, 217452140, 5555922, 45744348, 73503130, 161775644, 220445681, 117347905, 167087389, 192827476, 136018156, 131109619, 167837843, 182240958, 8391516, 229586495, 213735879, 97850511, 183893057, 194165031, 214936839, 224240891, 154115694, 138837282, 248682662, 216393363, 68549987, 232222394, 1476246, 151179556, 23831083, 67522189, 37046337, 30331306, 30809804, 180069300, 109853152, 142626223, 133024700, 117964535, 146059510, 57098611, 91433257, 27596929, 238513360, 108481286, 209948443, 107668528, 243418406, 88386531, 143725135, 215227638, 231469327, 207217484, 189658906]
[239554898, 105465088, 218365829, 203396497, 217698719, 109346344, 97770307, 148322777, 40290812, 53317582, 37400546, 22010658, 175723653, 165222218, 73768585, 222361649, 122267290, 183229434, 110253602, 236404051, 84153860, 126893068, 26600584, 13761399, 219667882, 217646206, 241830177, 9876773, 529557, 31049115, 177676138, 69558821, 243714980, 122743854, 104370347, 60772675, 122493426, 211212441, 84340898, 171023574, 191988092, 6004240, 141975672, 182382331, 60169248, 48856296, 212556591, 125285908, 98653799, 112007566, 217452140, 5555922, 45744348, 73503130, 161775644, 220445681, 117347905, 167087389, 192827476, 136018156, 131109619, 167837843, 182240958, 8391516, 229586495, 213735879, 97850511, 183893057, 194165031, 214936839, 224240891, 154115694, 138837282, 248682662, 216393363, 68549987, 232222394, 1476246, 151179556, 23831083, 67522189, 37046337, 30331306, 30809804, 180069300, 32947905, 205930261, 16667085, 210298056, 203809029, 78308169, 16378318, 196407529, 15753659, 160485131, 237915332, 143881255, 157330827, 106500990, 50899079, 140933821, 184301346, 7081891, 144069737]
[239554898, 105465088, 218365829, 203396497, 217698719, 109346344, 97770307, 148322777, 40290812, 53317582, 37400546, 22010658, 175723653, 165222218, 73768585, 222361649, 122267290, 183229434, 110253602, 236404051, 84153860, 126893068, 26600584, 13761399, 219667882, 217646206, 241830177, 9876773, 529557, 31049115, 177676138, 69558821, 243714980, 122743854, 104370347, 60772675, 122493426, 211212441, 84340898, 171023574, 191988092, 6004240, 141975672, 182382331, 60169248, 48856296, 212556591, 125285908, 98653799, 112007566, 217452140, 5555922, 45744348, 73503130, 161775644, 220445681, 117347905, 167087389, 192827476, 136018156, 131109619, 167837843, 182240958, 8391516, 229586495, 213735879, 97850511, 183893057, 194165031, 214936839, 224240891, 154115694, 138837282, 248682662, 216393363, 68549987, 232222394, 1476246, 151179556, 23831083, 67522189, 37046337, 143879866, 123729297, 235762465, 220063132, 92098001, 139677268, 100353505, 130245573, 160206283, 134489364, 140612711, 49354014, 223252961, 71560665, 128536351, 187425481, 222759505, 127906753, 21168834, 67748614, 50318976, 156231464]
[239554898, 105465088, 218365829, 203396497, 217698719, 109346344, 97770307, 148322777, 40290812, 53317582, 37400546, 22010658, 175723653, 165222218, 73768585, 222361649, 122267290, 183229434, 110253602, 236404051, 84153860, 126893068, 26600584, 13761399, 219667882, 217646206, 241830177, 9876773, 529557, 31049115, 177676138, 69558821, 243714980, 122743854, 104370347, 60772675, 122493426, 211212441, 84340898, 171023574, 191988092, 6004240, 141975672, 182382331, 60169248, 48856296, 212556591, 125285908, 98653799, 112007566, 217452140, 5555922, 45744348, 73503130, 161775644, 220445681, 117347905, 167087389, 192827476, 136018156, 131109619, 167837843, 182240958, 8391516, 229586495, 213735879, 97850511, 183893057, 194165031, 214936839, 224240891, 154115694, 138837282, 248682662, 216393363, 68549987, 232222394, 1476246, 151179556, 186122913, 60417403, 105641232, 103260047, 84908356, 81305338, 160418988, 65263081, 194339786, 204506009, 248186273, 173008625, 182670290, 29112124, 180697443, 196876595, 198617797, 217337664, 200490864, 151435112, 75147227, 222281628, 147457727, 245641243, 101394070]
[239554898, 105465088, 218365829, 203396497, 217698719, 109346344, 97770307, 148322777, 40290812, 53317582, 37400546, 22010658, 175723653, 165222218, 73768585, 222361649, 122267290, 183229434, 110253602, 236404051, 84153860, 126893068, 26600584, 13761399, 219667882, 217646206, 241830177, 9876773, 529557, 31049115, 177676138, 69558821, 243714980, 122743854, 104370347, 60772675, 122493426, 211212441, 84340898, 171023574, 191988092, 6004240, 141975672, 182382331, 60169248, 48856296, 212556591, 125285908, 98653799, 112007566, 217452140, 5555922, 45744348, 73503130, 161775644, 220445681, 117347905, 167087389, 192827476, 136018156, 131109619, 167837843, 182240958, 8391516, 229586495, 213735879, 97850511, 183893057, 194165031, 214936839, 224240891, 154115694, 138837282, 248682662, 216393363, 68549987, 232222394, 1476246, 151179556, 23831083, 186875312, 15363865, 148894419, 175412006, 162336783, 220767862, 257334, 2980324, 159935775, 57531261, 2110292, 132842143, 63114250, 213032620, 38717631, 248261742, 48707030, 206601718, 173305872, 167316559, 10332446, 245066038, 120233093, 57967052]
[239554898, 105465088, 218365829, 203396497, 217698719, 109346344, 97770307, 148322777, 40290812, 53317582, 37400546, 22010658, 175723653, 165222218, 73768585, 222361649, 122267290, 183229434, 110253602, 236404051, 84153860, 126893068, 26600584, 13761399, 219667882, 217646206, 241830177, 9876773, 529557, 31049115, 177676138, 69558821, 243714980, 122743854, 104370347, 60772675, 122493426, 211212441, 84340898, 171023574, 191988092, 6004240, 141975672, 182382331, 60169248, 48856296, 212556591, 125285908, 98653799, 112007566, 217452140, 5555922, 45744348, 73503130, 161775644, 220445681, 117347905, 167087389, 192827476, 136018156, 131109619, 167837843, 182240958, 8391516, 229586495, 213735879, 97850511, 183893057, 194165031, 214936839, 224240891, 154115694, 138837282, 248682662, 216393363, 68549987, 232222394, 1476246, 151179556, 23831083, 67522189, 37046337, 143879866, 123729297, 235762465, 220063132, 92098001, 139677268, 100353505, 130245573, 160206283, 134489364, 140612711, 49354014, 223252961, 71560665, 128536351, 187425481, 127820885, 49206390, 163524568, 180586336, 10602251, 68137150]
[239554898, 105465088, 218365829, 203396497, 217698719, 109346344, 97770307, 148322777, 40290812, 53317582, 37400546, 22010658, 175723653, 165222218, 73768585, 222361649, 122267290, 183229434, 110253602, 236404051, 84153860, 126893068, 26600584, 13761399, 219667882, 217646206, 241830177, 9876773, 529557, 31049115, 177676138, 69558821, 243714980, 122743854, 104370347, 60772675, 122493426, 211212441, 84340898, 171023574, 191988092, 6004240, 141975672, 182382331, 60169248, 48856296, 212556591, 125285908, 98653799, 112007566, 217452140, 5555922, 45744348, 73503130, 161775644, 220445681, 117347905, 167087389, 192827476, 136018156, 131109619, 167837843, 182240958, 8391516, 229586495, 213735879, 97850511, 183893057, 194165031, 214936839, 224240891, 154115694, 138837282, 248682662, 216393363, 68549987, 232222394, 1476246, 151179556, 23831083, 67522189, 37046337, 30331306, 30809804, 180069300, 109853152, 142626223, 133024700, 213505916, 145828056, 36192707, 210076901, 18631466, 52777234, 8271894, 17663428, 4536358, 92171121, 6760031, 173755756, 247176347, 246928838, 131787969, 102418837]
[239554898, 105465088, 218365829, 203396497, 217698719, 109346344, 97770307, 148322777, 40290812, 53317582, 37400546, 22010658, 175723653, 165222218, 73768585, 222361649, 122267290, 183229434, 110253602, 236404051, 84153860, 126893068, 26600584, 13761399, 219667882, 217646206, 241830177, 9876773, 529557, 31049115, 177676138, 69558821, 243714980, 122743854, 104370347, 60772675, 122493426, 211212441, 84340898, 171023574, 191988092, 6004240, 141975672, 182382331, 60169248, 48856296, 212556591, 125285908, 98653799, 112007566, 217452140, 5555922, 45744348, 73503130, 161775644, 220445681, 117347905, 167087389, 192827476, 136018156, 131109619, 167837843, 182240958, 8391516, 229586495, 213735879, 97850511, 183893057, 194165031, 214936839, 224240891, 154115694, 138837282, 248682662, 216393363, 68549987, 232222394, 1476246, 151179556, 23831083, 67522189, 37046337, 30331306, 30809804, 180069300, 109853152, 142626223, 133024700, 213505916, 145828056, 36192707, 210076901, 18631466, 215945163, 194354097, 118288656, 112073061, 227711161, 2874705, 25019001, 119042219, 20757261, 229096340, 132482481]
[239554898, 105465088, 218365829, 203396497, 217698719, 109346344, 97770307, 148322777, 40290812, 53317582, 37400546, 22010658, 175723653, 165222218, 73768585, 222361649, 122267290, 183229434, 110253602, 236404051, 84153860, 126893068, 26600584, 13761399, 219667882, 217646206, 241830177, 9876773, 529557, 31049115, 177676138, 69558821, 243714980, 122743854, 104370347, 60772675, 122493426, 211212441, 84340898, 171023574, 191988092, 6004240, 141975672, 182382331, 60169248, 48856296, 212556591, 125285908, 98653799, 112007566, 217452140, 5555922, 45744348, 73503130, 161775644, 220445681, 117347905, 167087389, 192827476, 30322964, 129797693, 162069456, 20098438, 175458121, 154340491, 200438724, 50980885, 218284050, 41182885, 54506857, 78043547, 1605079, 36994883, 167476512, 84602607, 136635004, 82774592, 181994661, 94214124, 242953261, 177936239, 115570111, 26692013, 2990388, 120026433, 26376298, 118170346, 33166470, 202562618, 46228497, 77391020, 36586039, 72004815, 5868703, 17944968, 237299864, 79713110, 246736336, 219932021, 64448808, 244178239, 37486994, 145095233, 57867112]
[239554898, 105465088, 218365829, 203396497, 217698719, 109346344, 97770307, 148322777, 40290812, 53317582, 37400546, 22010658, 175723653, 165222218, 73768585, 222361649, 122267290, 183229434, 110253602, 236404051, 84153860, 126893068, 26600584, 13761399, 219667882, 217646206, 241830177, 9876773, 529557, 31049115, 177676138, 69558821, 243714980, 122743854, 104370347, 60772675, 122493426, 211212441, 84340898, 171023574, 191988092, 6004240, 141975672, 182382331, 60169248, 48856296, 212556591, 125285908, 98653799, 112007566, 217452140, 5555922, 45744348, 73503130, 161775644, 220445681, 117347905, 167087389, 192827476, 136018156, 131109619, 167837843, 182240958, 8391516, 229586495, 213735879, 97850511, 183893057, 194165031, 214936839, 224240891, 154115694, 138837282, 248682662, 216393363, 68549987, 232222394, 1476246, 151179556, 23831083, 186875312, 15363865, 148894419, 175412006, 162336783, 220767862, 257334, 2980324, 159935775, 57531261, 2110292, 132842143, 175445337, 3218014, 59524486, 195873983, 134969456, 242249109, 90696871, 48815472, 68908784, 193360551, 104746513, 133778850]
[239554898, 105465088, 218365829, 203396497, 217698719, 109346344, 97770307, 148322777, 40290812, 53317582, 37400546, 22010658, 175723653, 165222218, 73768585, 222361649, 122267290, 183229434, 110253602, 236404051, 84153860, 126893068, 26600584, 13761399, 219667882, 217646206, 241830177, 9876773, 529557, 31049115, 177676138, 69558821, 243714980, 122743854, 104370347, 60772675, 122493426, 211212441, 84340898, 171023574, 191988092, 6004240, 141975672, 182382331, 60169248, 48856296, 212556591, 125285908, 98653799, 112007566, 217452140, 5555922, 45744348, 73503130, 161775644, 220445681, 117347905, 167087389, 192827476, 136018156, 131109619, 167837843, 182240958, 8391516, 229586495, 213735879, 97850511, 183893057, 194165031, 214936839, 224240891, 154115694, 138837282, 248682662, 216393363, 68549987, 232222394, 1476246, 151179556, 186122913, 60417403, 105641232, 103260047, 84908356, 81305338, 160418988, 65263081, 194339786, 204506009, 248186273, 173008625, 182670290, 29112124, 7406428, 28666481, 106002348, 140172784, 140573007, 131330324, 106371034, 85853047, 105519168, 209272661, 154038110]
[239554898, 105465088, 218365829, 203396497, 217698719, 109346344, 97770307, 148322777, 40290812, 53317582, 37400546, 22010658, 175723653, 165222218, 73768585, 222361649, 122267290, 183229434, 110253602, 236404051, 84153860, 126893068, 26600584, 13761399, 219667882, 217646206, 241830177, 9876773, 529557, 31049115, 177676138, 69558821, 243714980, 122743854, 104370347, 60772675, 122493426, 211212441, 84340898, 171023574, 191988092, 6004240, 141975672, 182382331, 60169248, 48856296, 212556591, 125285908, 98653799, 112007566, 217452140, 5555922, 45744348, 73503130, 161775644, 220445681, 117347905, 167087389, 192827476, 30322964, 129797693, 162069456, 20098438, 175458121, 154340491, 200438724, 50980885, 218284050, 35865695, 35960691, 173099041, 248672976, 217120534, 97773753, 5693530, 103311836, 7361823, 87771202, 105809505, 22382340, 39666005, 110445834, 30069573, 167718405, 148353367, 35952887, 18398126, 131689514, 87282603, 71592258, 19510767, 36981584, 169901166, 6993812, 97074571, 245927872, 37113438, 55892894, 8993408, 114807978, 27366176, 161953613, 33736656, 163549630]
[239554898, 105465088, 218365829, 203396497, 217698719, 109346344, 97770307, 148322777, 40290812, 53317582, 37400546, 22010658, 175723653, 165222218, 73768585, 222361649, 122267290, 183229434, 110253602, 236404051, 84153860, 126893068, 26600584, 13761399, 219667882, 217646206, 241830177, 9876773, 529557, 31049115, 177676138, 69558821, 243714980, 122743854, 104370347, 60772675, 122493426, 211212441, 84340898, 171023574, 191988092, 6004240, 141975672, 182382331, 60169248, 48856296, 212556591, 125285908, 98653799, 112007566, 217452140, 5555922, 45744348, 73503130, 161775644, 220445681, 117347905, 167087389, 192827476, 136018156, 131109619, 167837843, 182240958, 8391516, 229586495, 213735879, 97850511, 183893057, 194165031, 214936839, 224240891, 154115694, 138837282, 248682662, 216393363, 68549987, 232222394, 1476246, 151179556, 23831083, 67522189, 37046337, 30331306, 30809804, 25267365, 236085028, 54752257, 31154509, 112833706, 2456493, 157810119, 226487189, 199590539, 468094, 2905358, 155156672, 66275301, 222911222, 210775047, 73540757, 139493571, 92345622, 131801528, 99131887]
[239554898, 105465088, 218365829, 203396497, 217698719, 109346344, 97770307, 148322777, 40290812, 53317582, 37400546, 22010658, 175723653, 165222218, 73768585, 222361649, 122267290, 183229434, 110253602, 236404051, 84153860, 126893068, 26600584, 13761399, 219667882, 217646206, 241830177, 9876773, 529557, 31049115, 177676138, 69558821, 243714980, 122743854, 104370347, 60772675, 122493426, 211212441, 84340898, 171023574, 191988092, 6004240, 141975672, 182382331, 60169248, 48856296, 212556591, 125285908, 98653799, 112007566, 217452140, 5555922, 45744348, 73503130, 161775644, 220445681, 117347905, 167087389, 192827476, 16949894, 154797606, 31554297, 227448688, 27607733, 7853203, 140242752, 68768893, 164110998, 12898830, 247773033, 204652173, 205971979, 68424825, 160403798, 117872922, 90131011, 162593568, 230345226, 44376985, 76933, 101975899, 156083460, 117175685, 142997913, 127523190, 24591345, 117503723, 97783181, 232447133, 220089946, 187459639, 30472219, 112344281, 2226099, 236412168, 40502974, 17697905, 409669, 29944020, 163562593, 32459029, 126158147, 103915606, 121957903]
[239554898, 105465088, 218365829, 203396497, 217698719, 109346344, 97770307, 148322777, 40290812, 53317582, 37400546, 22010658, 175723653, 165222218, 73768585, 222361649, 122267290, 183229434, 110253602, 236404051, 84153860, 126893068, 26600584, 13761399, 219667882, 217646206, 241830177, 9876773, 529557, 31049115, 177676138, 69558821, 243714980, 122743854, 104370347, 60772675, 122493426, 211212441, 84340898, 171023574, 191988092, 6004240, 141975672, 182382331, 60169248, 48856296, 212556591, 125285908, 98653799, 112007566, 217452140, 5555922, 45744348, 73503130, 161775644, 220445681, 117347905, 167087389, 192827476, 136018156, 131109619, 167837843, 182240958, 8391516, 229586495, 213735879, 97850511, 183893057, 194165031, 214936839, 224240891, 154115694, 138837282, 248682662, 216393363, 68549987, 232222394, 1476246, 151179556, 23831083, 67522189, 37046337, 30331306, 30809804, 25267365, 236085028, 54752257, 31154509, 112833706, 2456493, 157810119, 226487189, 246327151, 107864561, 54224376, 208770211, 220726170, 111704643, 52509029, 4370448, 234418943, 133345146, 124691387, 110930565]
[239554898, 105465088, 218365829, 203396497, 217698719, 109346344, 97770307, 148322777, 40290812, 53317582, 37400546, 22010658, 175723653, 165222218, 73768585, 222361649, 122267290, 183229434, 110253602, 236404051, 84153860, 126893068, 26600584, 13761399, 219667882, 217646206, 241830177, 9876773, 529557, 31049115, 177676138, 69558821, 243714980, 122743854, 104370347, 60772675, 122493426, 211212441, 84340898, 171023574, 191988092, 6004240, 141975672, 182382331, 60169248, 48856296, 212556591, 125285908, 98653799, 112007566, 217452140, 5555922, 45744348, 73503130, 161775644, 220445681, 117347905, 167087389, 192827476, 136018156, 131109619, 167837843, 182240958, 8391516, 229586495, 213735879, 97850511, 183893057, 194165031, 214936839, 224240891, 154115694, 138837282, 248682662, 216393363, 68549987, 232222394, 1476246, 151179556, 23831083, 67522189, 37046337, 30331306, 30809804, 25267365, 33628761, 120843493, 60323715, 141937992, 214517939, 159351707, 225092483, 171806910, 228378040, 237812772, 201916728, 165088190, 120809138, 27268558, 17235598, 184959573, 82337736, 98246206, 189292747]
